Reference, Area, 1999/00-2001/02,2000/01-2002/03,2001/02-2003/04,2002/03-2004/05,2003/04-2005/06,2004/05-2006/07,2005/06-2007/08,2006/07-2008/09,2007/08-2009/10,2008/09-2010/11,2009/10-2011/12,2010/11-2012/13,2011/12-2013/14,2012/13-2014/15,2013/14-2015/16,2014/15-2016/17,2015/16-2017/18,2016/17-2018/19
http://statistics.gov.scot/id/statistical-geography/S92000003,Scotland,16.43,16.14,15.52,15.09,14.61,14.26,13.89,13.49,12.88,12.38,11.6,11.12,10.25,9.36,8.41,7.7,7.12,6.63
http://statistics.gov.scot/id/statistical-geography/S12000033,Aberdeen City,13.54,14.33,14.17,13.31,12.65,11.97,12.07,10.55,9.4,8.11,7.82,7.59,7.13,6.32,5.41,4.78,4.81,4.48
http://statistics.gov.scot/id/statistical-geography/S12000034,Aberdeenshire,9.19,8.73,8.34,8.85,8.27,8.62,8.24,8.37,8.17,7.7,8.13,7.73,7.75,6.27,5.23,4.65,4.65,4.33
http://statistics.gov.scot/id/statistical-geography/S12000041,Angus,17.66,16.44,16,13.89,12.58,10.66,11.96,12.94,15.1,14.57,14.11,13.42,11.87,10.56,8.58,8.23,7.96,9.01
http://statistics.gov.scot/id/statistical-geography/S12000035,Argyll and Bute,14,12.78,13.46,13.65,13.38,14.09,14.32,15.44,15.05,13.52,11.89,10.81,11.19,9.54,8.62,7.22,6.35,6.35
http://statistics.gov.scot/id/statistical-geography/S12000036,City of Edinburgh,12.55,11.51,10.83,10.21,10.61,10.28,9.47,8.41,7.09,6.37,5.54,5.86,5.81,5.4,4.96,4.37,4.39,3.75
http://statistics.gov.scot/id/statistical-geography/S12000005,Clackmannanshire,21.26,20.93,20.47,18.93,18.43,15.7,17.49,18.34,20.22,18.76,16.46,15.24,15.36,15.03,12.99,10.87,9.27,8.27
http://statistics.gov.scot/id/statistical-geography/S12000006,Dumfries and Galloway,21.15,19.75,18.22,16.84,18.01,18.19,18.15,18.02,17.24,16.75,14.08,13.9,12.9,13.46,11.47,11.39,9.64,8.49
http://statistics.gov.scot/id/statistical-geography/S12000042,Dundee City,25.33,25.01,24.44,21.08,17.55,16.42,15.85,17.9,17.64,18.09,15.62,14.29,13.2,12.91,12.05,11.91,12.21,11.88
http://statistics.gov.scot/id/statistical-geography/S12000008,East Ayrshire,21.73,20.52,19.02,19.12,18.87,19.14,19.1,17.68,17.44,16.09,15.91,14.67,13.31,11.88,10.54,10.17,9.64,9.3
http://statistics.gov.scot/id/statistical-geography/S12000045,East Dunbartonshire,9.51,9.81,8.75,10.01,9.99,10.4,9.17,9.29,9.79,9.47,8.46,7.43,6.33,4.85,3.52,3.84,3.45,3
http://statistics.gov.scot/id/statistical-geography/S12000010,East Lothian,14.26,13.64,12.79,10.75,12.2,13.93,14.04,13.17,11.11,11.45,11.73,13.23,12.82,11.63,10.08,8.1,8.13,8.8
http://statistics.gov.scot/id/statistical-geography/S12000011,East Renfrewshire,7.37,6.34,6.28,7.29,8.27,8.83,8.46,9.07,7.46,6.84,5.46,5.87,4.99,3.49,2.94,3.21,3.06,2.37
http://statistics.gov.scot/id/statistical-geography/S12000014,Falkirk,15.01,14.93,14.76,14.64,13.48,13.99,13.8,14.53,13.75,13.37,11.52,11.35,9.99,9.69,8.09,7.77,6.64,6.12
http://statistics.gov.scot/id/statistical-geography/S12000047,Fife,18.38,18.07,16.91,16.29,15.24,14.65,14.72,15.14,15.99,15.85,15.42,14.15,13.18,12.15,11.6,10.96,10.39,10.04
http://statistics.gov.scot/id/statistical-geography/S12000049,Glasgow City,19.64,19.23,18.28,18.16,17.95,17.22,15.65,14.42,13.19,12.49,10.95,10.02,8.7,8.26,7.5,6.85,6.29,5.95
http://statistics.gov.scot/id/statistical-geography/S12000017,Highland,17.76,17.24,16.92,15.72,15.29,14.62,14.64,13.8,13.91,13.92,14.29,13.87,12.77,11.19,9.39,8.32,8.04,8.2
http://statistics.gov.scot/id/statistical-geography/S12000018,Inverclyde,22.74,24.05,22.93,22.1,20.48,18.23,18.26,17.72,17.02,16.38,14,13.75,12.08,10.76,9.25,8.24,7.19,7.23
http://statistics.gov.scot/id/statistical-geography/S12000019,Midlothian,16.21,16.76,16.54,16,14.12,13.89,14.01,14.45,13.26,13.27,12.98,13.62,11.88,11.58,11.42,10.1,7.69,5.1
http://statistics.gov.scot/id/statistical-geography/S12000020,Moray,13.52,15.07,14.95,16.42,15.72,15.27,14,13.67,14.52,15.6,14.82,13.02,11.64,10.81,9.96,8.85,8.23,6.88
http://statistics.gov.scot/id/statistical-geography/S12000013,Na h-Eileanan Siar,11.7,10.82,9.57,9.81,10.42,12.36,11.78,14.2,12.95,14.89,11.74,13.01,10.59,9.12,8.36,8.22,7.69,5.34
http://statistics.gov.scot/id/statistical-geography/S12000021,North Ayrshire,21.11,21.41,20.03,19.82,18.15,20.13,19.98,20.05,18.87,20.17,18.87,17.49,14.91,13.43,13.49,11.76,12.64,12.36
http://statistics.gov.scot/id/statistical-geography/S12000050,North Lanarkshire,18.06,18.04,17.68,16.96,16.36,16.32,16.18,15.94,15.25,14.33,13.16,12.66,11.72,11.48,10.21,9.94,8.89,8.91
http://statistics.gov.scot/id/statistical-geography/S12000023,Orkney Islands,10.11,14.53,14.44,17.45,12.16,10.26,10.17,9.09,10.59,8.02,9.2,7.78,7.48,6.2,5.31,4.86,3.85,2.76
http://statistics.gov.scot/id/statistical-geography/S12000048,Perth and Kinross,13.69,12.02,11.26,10.95,11.51,11.9,11.03,11.56,11.64,11.89,10.59,10.35,9.8,8.74,7.5,5.97,5.45,4.52
http://statistics.gov.scot/id/statistical-geography/S12000038,Renfrewshire,17.21,17.96,16.13,16.02,15.21,14.96,14.66,13.78,13.74,12.84,12.16,10.91,9.98,8.44,7.79,6.59,5.98,5.06
http://statistics.gov.scot/id/statistical-geography/S12000026,Scottish Borders,13.27,13.12,13.12,13.05,13.86,13.17,13.46,12.5,12.81,11.86,12.34,11.65,10.68,8.93,8.16,8.42,7.23,6.45
http://statistics.gov.scot/id/statistical-geography/S12000027,Shetland Islands,13.06,13.43,11.15,9.25,10.17,11.5,11.5,8.73,6.39,5.79,6.17,5.5,5.34,4.2,5.62,5.5,5.04,2.78
http://statistics.gov.scot/id/statistical-geography/S12000028,South Ayrshire,16.93,16.91,17.35,17.13,17.68,17.61,17.64,17.17,17.11,15.99,14.85,12.98,11.22,10.2,9.79,9.8,7.8,6.08
http://statistics.gov.scot/id/statistical-geography/S12000029,South Lanarkshire,14.15,13.92,14.2,14.23,13.63,12.98,12.79,12.87,12.27,10.98,10.29,9.93,9.99,9.04,8.38,7.71,7.17,6.37
http://statistics.gov.scot/id/statistical-geography/S12000030,Stirling,12.94,12.96,11.93,11.66,12.14,11.42,11.29,9.3,9.53,10.4,10.38,10.19,9.09,8.8,8.22,6.69,5.16,4.61
http://statistics.gov.scot/id/statistical-geography/S12000039,West Dunbartonshire,20.13,20.15,19.09,17.95,18.53,18.18,17.16,16.27,14.99,16.01,15.41,14.41,12.85,11.93,11.29,9.84,8.64,8.55
http://statistics.gov.scot/id/statistical-geography/S12000040,West Lothian,16.91,16.39,16.42,16.43,15.22,13.76,14.09,13.39,11.9,10.53,10.67,12.24,12.24,10.63,9.95,7.71,7.05,6.2
http://statistics.gov.scot/id/statistical-geography/S16000074,Aberdeen Central,12.69,12.2,10.96,10.84,9.66,9.52,8.98,7.47,6.23,5.26,5.23,4.61,4.02,3.63,3.35,3.12,3.74,3.76
http://statistics.gov.scot/id/statistical-geography/S16000075,Aberdeen Donside,15.52,16.93,17.76,16.63,16.8,15.23,15.93,14.09,12.83,10.99,10.86,11.26,10.75,9.1,7.08,6.3,5.79,5.55
http://statistics.gov.scot/id/statistical-geography/S16000076,Aberdeen South and North Kincardine,11.48,12.66,12.41,11.12,10.33,10.28,10.46,9.6,9.01,8.13,7.67,7.12,6.72,5.87,5.39,4.37,4.27,3.4
http://statistics.gov.scot/id/statistical-geography/S16000077,Aberdeenshire East,7.43,6.51,6.67,7.43,7.93,8.13,7.78,7.25,6.79,6.29,7.06,7.22,7.73,5.89,4.7,3.26,2.97,3.73
http://statistics.gov.scot/id/statistical-geography/S16000078,Aberdeenshire West,5.5,5.61,5.02,4.9,4.55,4.28,3.86,3.6,4.56,4.75,5.31,5.59,4.96,4.47,2.89,3.67,3.53,3.23
http://statistics.gov.scot/id/statistical-geography/S16000079,Airdrie and Shotts,20.43,20.33,20.6,19.65,18.36,17.73,16.42,17.52,16.7,16.5,14.22,13.13,13.34,13.59,12.33,10.67,8.94,8.98
http://statistics.gov.scot/id/statistical-geography/S16000080,Almond Valley,17.26,17.3,17.5,17.53,16.05,15.39,15.68,16.08,14.01,12.32,11.3,13.17,12.94,10.98,10.03,7.43,6.71,5.55
http://statistics.gov.scot/id/statistical-geography/S16000081,Angus North and Mearns,13.84,13.24,13.03,13.57,12.95,11.7,11.73,11.95,13.81,12.18,12.55,11.34,10.79,9.32,8.09,7.17,6.76,7.15
http://statistics.gov.scot/id/statistical-geography/S16000082,Angus South,18.02,16.86,15.69,11.96,10.22,8.5,11.02,12.41,14.26,13.41,12.54,12.33,10.46,9.15,6.98,7.24,7.03,7.99
http://statistics.gov.scot/id/statistical-geography/S16000083,Argyll and Bute,15.96,14.44,14.67,15.07,14.47,15.56,14.65,16.69,15.55,13.9,11.54,10.55,11.48,9.82,8.7,6.82,6.69,6.79
http://statistics.gov.scot/id/statistical-geography/S16000084,Ayr,16.37,16.06,16.33,16.7,17.24,17.47,16.88,16.62,15.96,15.35,14.48,12.74,10.11,8.73,9.09,9.44,7.69,6.03
http://statistics.gov.scot/id/statistical-geography/S16000085,Banffshire and Buchan Coast,15.67,14.42,14.8,16.34,15.6,16.06,14.69,16.45,15.63,15.82,14.44,13.3,13.61,11.92,11.14,9.62,9.8,7.92
http://statistics.gov.scot/id/statistical-geography/S16000086,"Caithness, Sutherland and Ross",20.64,20.72,19.82,19.39,19.18,19.24,17.51,16.92,17.25,18.74,18.99,17.38,15.89,14.32,12.85,11.75,11.2,11.2
http://statistics.gov.scot/id/statistical-geography/S16000087,"Carrick, Cumnock and Doon Valley",23.47,22.65,22,21.02,20.6,20.42,20.9,19.22,19.47,18.28,18.02,16.53,14.76,13.79,11.67,12.54,10.6,9.74
http://statistics.gov.scot/id/statistical-geography/S16000088,Clackmannanshire and Dunblane,18.36,17.65,17.51,15.81,15.49,13.57,15.22,16.01,17.45,16.34,14.37,13.5,13.46,13.41,11.62,9.69,8.09,7.24
http://statistics.gov.scot/id/statistical-geography/S16000089,Clydebank and Milngavie,14.95,15.55,15.33,16.18,18.12,16.48,15.99,14.47,12.97,12.65,12.96,11.65,11.1,10.01,9.89,8.24,6.8,6.83
http://statistics.gov.scot/id/statistical-geography/S16000090,Clydesdale,11.42,11.64,12.74,13.08,13.14,12.64,12.57,11.61,12.1,10.73,10.64,10.35,11.73,10.55,9.81,8.14,7.89,6.73
http://statistics.gov.scot/id/statistical-geography/S16000091,Coatbridge and Chryston,16.05,17.14,17.07,16.8,15.58,14.77,15.08,15.03,13.73,12.67,11.78,11.66,10.35,9.96,8.92,8.37,6.37,6.87
http://statistics.gov.scot/id/statistical-geography/S16000092,Cowdenbeath,18.83,19.61,18.55,17.87,17.56,16.45,17.37,16.13,17.05,16.05,17.33,16.81,15.44,12.48,11.47,11.29,12,10.92
http://statistics.gov.scot/id/statistical-geography/S16000093,Cumbernauld and Kilsyth,13.41,12.03,11.55,11.22,12.17,13.44,15.3,14.95,15.16,13.53,11.94,11.61,10.75,11.39,10.37,9.95,9.5,8.59
http://statistics.gov.scot/id/statistical-geography/S16000094,Cunninghame North,20.22,21.31,20.4,19.32,16.38,18.49,17.49,17.04,15.17,17.33,17.38,16.11,14.21,13.42,13.27,11.14,11.28,11.64
http://statistics.gov.scot/id/statistical-geography/S16000095,Cunninghame South,21.96,21.5,19.68,20.27,19.72,21.54,22,22.51,21.96,22.62,20.09,18.68,15.5,13.44,13.68,12.27,13.7,12.96
http://statistics.gov.scot/id/statistical-geography/S16000096,Dumbarton,16.77,16.46,15.84,14.38,14.81,14.95,15.12,14.49,14.16,14.95,13.84,13.29,11.05,10.17,9.2,8.97,7.67,7.17
http://statistics.gov.scot/id/statistical-geography/S16000097,Dumfriesshire,16.79,15.93,13.76,13.12,13.5,14.73,15.08,16.22,16.04,15.51,12.5,11.92,11.74,12.56,10.61,10.1,8.55,7.31
http://statistics.gov.scot/id/statistical-geography/S16000098,Dundee City East,25.58,25.3,25.1,22.04,18.34,16.18,15.89,17.32,18.36,18.96,16.95,15.39,13.3,13.46,12.02,11.69,11.17,11.45
http://statistics.gov.scot/id/statistical-geography/S16000099,Dundee City West,25.03,24.68,23.71,20.09,16.77,16.66,15.81,18.52,16.89,17.15,14.15,13.09,13.1,12.38,12.07,12.13,13.21,12.26
http://statistics.gov.scot/id/statistical-geography/S16000100,Dunfermline,16.55,17.04,14.54,13.72,11.12,11.15,9.95,10.78,11.51,12.28,12.04,10.41,9.14,8.73,8.93,8.74,6.9,5.81
http://statistics.gov.scot/id/statistical-geography/S16000101,East Kilbride,12.02,12.51,13.52,13.52,12.82,13.2,14.16,15.34,13.04,10.15,8.94,9.01,8.53,7.43,6.44,6.46,5.77,5.35
http://statistics.gov.scot/id/statistical-geography/S16000102,East Lothian,14.49,14.07,12.73,10.81,11.82,13.65,13.57,12.34,10.27,10.49,11.46,12.88,12.37,10.13,9.19,8.31,8.96,9.5
http://statistics.gov.scot/id/statistical-geography/S16000103,Eastwood,2.85,2.89,2.85,3.08,3.65,4.1,4.19,3.89,3.58,3.13,2.82,2.71,2.46,1.61,1.12,1.01,1.15,0.73
http://statistics.gov.scot/id/statistical-geography/S16000104,Edinburgh Central,4.61,4.6,3.87,3.62,3.71,4.04,3.53,4.16,3.46,3.4,2.45,2.62,2.37,1.97,1.71,1.72,1.67,1.68
http://statistics.gov.scot/id/statistical-geography/S16000105,Edinburgh Eastern,18.52,16.91,16.81,16.49,17.05,16.15,14.67,13.13,11.75,11.21,9.89,8.78,8.01,7.85,8.54,7.68,6.63,5.38
http://statistics.gov.scot/id/statistical-geography/S16000106,Edinburgh Northern and Leith,13.86,12.76,11.6,10.43,9.84,8.23,7.16,6.61,5.68,5.19,4.31,4.67,4.81,4.26,4.35,3.73,3.97,3.46
http://statistics.gov.scot/id/statistical-geography/S16000107,Edinburgh Pentlands,19.29,17.86,17.25,16.47,15.56,15.92,14.37,13.22,11.08,10.27,9.5,11.83,12.67,11.5,8.22,6.32,6.54,5.97
http://statistics.gov.scot/id/statistical-geography/S16000108,Edinburgh Southern,4.75,4.04,3.05,2.53,3.44,3.78,4.41,3.83,3.48,2.45,2.36,2.24,2.69,2.41,2.06,1.47,1.72,1.8
http://statistics.gov.scot/id/statistical-geography/S16000109,Edinburgh Western,13.31,11.75,11.61,10.62,12.54,12.75,12.25,9.57,8.24,7.92,8.49,8.89,7.17,6.14,5.35,4.92,5.51,4
http://statistics.gov.scot/id/statistical-geography/S16000111,"Ettrick, Roxburgh and Berwickshire",14.49,14.18,14.67,15.01,15.36,14.44,15.12,13.82,14.01,12.06,13.27,12.21,11.33,9.47,8.71,9.42,7.58,7.22
http://statistics.gov.scot/id/statistical-geography/S16000112,Falkirk East,14.38,15.04,15.57,15.61,13.61,13.21,13.16,14.1,12.8,11.84,10.86,11.46,10.76,10.02,7.57,7.01,5.45,5.46
http://statistics.gov.scot/id/statistical-geography/S16000113,Falkirk West,15.69,14.81,13.87,13.63,13.36,14.75,14.43,14.94,14.64,14.86,12.17,11.25,9.26,9.39,8.58,8.5,7.88,6.83
http://statistics.gov.scot/id/statistical-geography/S16000114,Galloway and West Dumfries,25.41,23.68,22.74,20.64,22.71,21.63,21.27,19.83,18.53,18.02,15.66,15.81,14.06,14.38,12.33,12.71,10.77,9.81
http://statistics.gov.scot/id/statistical-geography/S16000115,Glasgow Anniesland,21.3,20.75,18.24,19.56,20.67,20.81,17.67,16.85,14.25,14.42,12.19,11.07,9.35,8.63,8.03,6.75,6.9,6.51
http://statistics.gov.scot/id/statistical-geography/S16000116,Glasgow Cathcart,17.01,16.15,14.92,13.75,14.1,13.4,11.55,9.77,9.12,9.17,8.44,7.77,6.62,6.4,5.96,5.81,5.31,5.39
http://statistics.gov.scot/id/statistical-geography/S16000117,Glasgow Kelvin,8.05,7.59,6.82,7.6,7.84,7.81,6.39,5.65,4.95,5.22,4.42,3.96,2.93,2.58,1.82,1.66,1.4,1.63
http://statistics.gov.scot/id/statistical-geography/S16000118,Glasgow Maryhill and Springburn,24.08,23.96,22.73,22.04,21.28,21.4,19.16,18.12,16.48,15.49,13.87,12.29,11.22,10.39,9.4,7.94,7.23,6.86
http://statistics.gov.scot/id/statistical-geography/S16000119,Glasgow Pollok,24.54,23.24,22.64,22.06,21.25,19.86,18.6,18.02,16.49,15.7,14.1,13.41,12.58,11.52,9.98,7.99,6.63,6.73
http://statistics.gov.scot/id/statistical-geography/S16000147,Glasgow Provan,26.32,25.21,23.93,23.72,22.05,20.25,19.1,18.98,18.37,16.69,14.23,13.33,11.52,11.35,10.51,9.67,9,7.67
http://statistics.gov.scot/id/statistical-geography/S16000121,Glasgow Shettleston,19.7,20.89,21.16,20.55,20.11,19.98,18.84,16.46,14.5,14.2,12.83,11.91,9.67,8.35,7.25,7.08,6.46,4.84
http://statistics.gov.scot/id/statistical-geography/S16000122,Glasgow Southside,14.31,14.15,12.83,12.74,12.98,12.09,11.36,10.22,9.86,8.64,7.45,7.06,6.6,7.47,7.56,8.12,7.47,8.03
http://statistics.gov.scot/id/statistical-geography/S16000123,Greenock and Inverclyde,23.93,25.07,23.91,23.02,21.44,19.16,19.15,18.55,17.75,16.98,14.53,14.31,12.73,11.33,9.75,8.61,7.41,7.45
http://statistics.gov.scot/id/statistical-geography/S16000124,"Hamilton, Larkhall and Stonehouse",15.59,15.6,15.48,15.64,15.13,13.97,12.86,12.61,12.69,11.95,11.43,10.9,10.56,9.97,9.54,9.45,8.78,6.91
http://statistics.gov.scot/id/statistical-geography/S16000125,Inverness and Nairn,17.8,17.24,16.62,14.81,14.79,14.32,15.66,13.63,13.01,11.98,12.96,13.04,12.21,10.49,8.98,8.03,7.3,7.36
http://statistics.gov.scot/id/statistical-geography/S16000126,Kilmarnock and Irvine Valley,18.88,18.05,16.79,17.21,17.43,17.65,17.68,16.57,16.42,14.61,14.04,12.61,12.21,10.75,9.82,8.27,8.21,7.81
http://statistics.gov.scot/id/statistical-geography/S16000127,Kirkcaldy,21.28,20.37,20.53,21.88,20.08,18.73,18.66,20.13,21.04,20.25,18.11,16.4,15.7,15.48,15.56,14.3,14.1,13.63
http://statistics.gov.scot/id/statistical-geography/S16000128,Linlithgow,16.47,15.26,15.14,15.19,14.32,12.11,12.56,10.83,9.83,8.74,10.04,11.36,11.61,10.32,9.89,7.96,7.32,6.72
http://statistics.gov.scot/id/statistical-geography/S16000129,Mid Fife and Glenrothes,21.67,20.98,20.31,19.76,20.3,18.51,18.63,17.17,18.72,17.52,18.1,16.52,16.28,13.83,12.26,11.75,11.67,13.05
http://statistics.gov.scot/id/statistical-geography/S16000130,Midlothian North and Musselburgh,15.41,15.48,15.36,14.43,14.42,14.94,14.66,14.91,13.33,14.03,13.82,14.98,13.8,13.16,11.71,9.38,6.78,5.46
http://statistics.gov.scot/id/statistical-geography/S16000131,"Midlothian South, Tweeddale and Lauderdale",13.69,13.91,13.46,12.67,12.26,11.64,12.11,12.08,11.99,11.67,10.83,10.74,9.18,8.62,8.73,8.2,7.6,5.43
http://statistics.gov.scot/id/statistical-geography/S16000132,Moray,12.88,14.94,14.27,15.19,14.12,14.34,13.65,12.77,13.52,14.35,14.02,12.09,10.59,10.1,9.3,8.29,7.46,6.51
http://statistics.gov.scot/id/statistical-geography/S16000133,Motherwell and Wishaw,20.14,19.65,18.86,18.32,18.08,18.14,17.49,15.8,14.52,13.55,13.61,13.15,11.85,11.35,10.11,10.82,9.71,9.95
http://statistics.gov.scot/id/statistical-geography/S16000110,Na h-Eileanan an Iar,11.7,10.82,9.57,9.81,10.42,12.36,11.78,14.2,12.95,14.89,11.74,13.01,10.59,9.12,8.36,8.22,7.69,5.34
http://statistics.gov.scot/id/statistical-geography/S16000134,North East Fife,11.76,10.74,9.47,7.68,7.42,8.32,8.69,10.26,9.79,10.87,9.3,8.46,7.84,9.14,8.77,7.62,5.89,5.41
http://statistics.gov.scot/id/statistical-geography/S16000135,Orkney Islands,10.11,14.53,14.44,17.45,12.16,10.26,10.17,9.09,10.59,8.02,9.2,7.78,7.48,6.2,5.31,4.86,3.85,2.76
http://statistics.gov.scot/id/statistical-geography/S16000136,Paisley,18.72,19.62,17.96,17.64,17.45,15.73,15.08,13.42,13.98,13.67,13.15,11.4,9.56,8.09,7.89,7.24,6.98,6.23
http://statistics.gov.scot/id/statistical-geography/S16000137,Perthshire North,16.41,12.53,10.8,9.89,9.78,9.66,9.86,11.33,11.67,11.54,10.82,10.32,10.13,7.95,7.07,5.1,5.66,4.43
http://statistics.gov.scot/id/statistical-geography/S16000138,Perthshire South and Kinross-shire,11.38,11.62,11.65,11.93,13.24,14.29,12.25,11.79,11.6,12.22,10.37,10.38,9.49,9.46,7.87,6.73,5.27,4.6
http://statistics.gov.scot/id/statistical-geography/S16000139,Renfrewshire North and West,11.14,11.93,10.3,10.41,9.97,11.1,11.89,11.96,11.4,10.04,8.49,7.85,7.93,6.95,6.2,4.11,3.47,2.55
http://statistics.gov.scot/id/statistical-geography/S16000140,Renfrewshire South,20.42,19.33,17.82,18.78,17.69,17.92,16.95,17.25,15.68,14.86,14,13.73,12.48,9.83,8.66,8.36,7.44,6.3
http://statistics.gov.scot/id/statistical-geography/S16000141,Rutherglen,17.22,15.46,14.6,14.16,13.32,12.24,12.03,12.06,11.69,11.13,10.44,9.71,9.38,8.55,8.35,7.61,7.23,6.98
http://statistics.gov.scot/id/statistical-geography/S16000142,Shetland Islands,13.06,13.43,11.15,9.25,10.17,11.5,11.5,8.73,6.39,5.79,6.17,5.5,5.34,4.2,5.62,5.5,5.04,2.78
http://statistics.gov.scot/id/statistical-geography/S16000143,"Skye, Lochaber and Badenoch",14.89,13.71,14.47,13.41,12.49,11.02,10.3,11.04,12.06,12.47,11.9,11.74,10.51,9.29,6.92,5.84,6.55,6.92
http://statistics.gov.scot/id/statistical-geography/S16000144,Stirling,14.15,14.49,13.11,12.96,13.47,12.55,12.42,10.2,10.63,11.55,11.53,11.19,9.96,9.41,8.77,7.18,5.69,5.03
http://statistics.gov.scot/id/statistical-geography/S16000148,Strathkelvin and Bearsden,11.35,11.41,9.94,10.91,10.23,10.84,9.5,10.09,10.87,10.75,9.61,8.42,7.16,5.43,3.78,4.13,3.75,3.44
http://statistics.gov.scot/id/statistical-geography/S16000146,Uddingston and Bellshill,18.96,19.49,19.3,18.25,17.17,17.04,15.71,15.73,15.33,14.62,13.37,13.05,12.18,10.64,8.63,8.51,8.56,8.86
http://statistics.gov.scot/id/statistical-geography/S08000015,Ayrshire and Arran,20.13,19.86,18.95,18.84,18.28,19.1,19.05,18.46,17.9,17.59,16.71,15.21,13.29,11.93,11.36,10.61,10.15,9.43
http://statistics.gov.scot/id/statistical-geography/S08000016,Borders,13.27,13.12,13.12,13.05,13.86,13.17,13.46,12.5,12.81,11.86,12.34,11.65,10.68,8.93,8.16,8.42,7.23,6.45
http://statistics.gov.scot/id/statistical-geography/S08000017,Dumfries and Galloway,21.15,19.75,18.22,16.84,18.01,18.19,18.15,18.02,17.24,16.75,14.08,13.9,12.9,13.46,11.47,11.39,9.64,8.49
http://statistics.gov.scot/id/statistical-geography/S08000029,Fife,18.38,18.07,16.91,16.29,15.24,14.65,14.72,15.14,15.99,15.85,15.42,14.15,13.18,12.15,11.6,10.96,10.39,10.04
http://statistics.gov.scot/id/statistical-geography/S08000019,Forth Valley,15.51,15.41,14.95,14.47,13.89,13.57,13.8,13.9,13.85,13.59,12.14,11.79,10.72,10.36,8.95,7.99,6.69,6.08
http://statistics.gov.scot/id/statistical-geography/S08000020,Grampian,11.73,12.12,11.79,11.86,11.19,11.03,10.74,10.12,9.64,8.99,8.91,8.39,8,6.9,5.95,5.27,5.21,4.75
http://statistics.gov.scot/id/statistical-geography/S08000031,Greater Glasgow and Clyde,17.92,17.85,16.79,16.81,16.53,16,14.93,14.07,13.14,12.56,11.17,10.3,9.02,8.2,7.35,6.67,6.06,5.65
http://statistics.gov.scot/id/statistical-geography/S08000022,Highland,16.81,16.14,16.11,15.24,14.87,14.5,14.57,14.17,14.17,13.83,13.68,13.08,12.34,10.77,9.2,8.04,7.6,7.71
http://statistics.gov.scot/id/statistical-geography/S08000032,Lanarkshire,16.24,16.16,16.08,15.7,15.1,14.79,14.6,14.49,13.83,12.75,11.82,11.37,10.91,10.31,9.33,8.85,8.07,7.68
http://statistics.gov.scot/id/statistical-geography/S08000024,Lothian,14.09,13.41,12.95,12.35,12.24,11.83,11.42,10.48,9.02,8.22,7.7,8.32,8.19,7.57,7.03,5.98,5.61,4.85
http://statistics.gov.scot/id/statistical-geography/S08000025,Orkney,10.11,14.53,14.44,17.45,12.16,10.26,10.17,9.09,10.59,8.02,9.2,7.78,7.48,6.2,5.31,4.86,3.85,2.76
http://statistics.gov.scot/id/statistical-geography/S08000026,Shetland,13.06,13.43,11.15,9.25,10.17,11.5,11.5,8.73,6.39,5.79,6.17,5.5,5.34,4.2,5.62,5.5,5.04,2.78
http://statistics.gov.scot/id/statistical-geography/S08000030,Tayside,19.34,18.29,17.76,16.12,14.64,13.73,13.55,14.74,15.07,15.17,13.58,12.79,11.75,10.91,9.6,8.99,8.83,8.63
http://statistics.gov.scot/id/statistical-geography/S08000028,Western Isles,11.7,10.82,9.57,9.81,10.42,12.36,11.78,14.2,12.95,14.89,11.74,13.01,10.59,9.12,8.36,8.22,7.69,5.34
http://statistics.gov.scot/id/statistical-geography/S13002537,Abbey,18.45,16.22,13.13,12.82,13.6,14.49,13.85,12.4,13.27,13.89,12.82,8.7,6.14,7.92,7,"","",""
http://statistics.gov.scot/id/statistical-geography/S13002884,Abbey,"","","","","","","","","","","","","","","",8.7,9.3,10.53
http://statistics.gov.scot/id/statistical-geography/S13002503,"Aboyne, Upper Deeside and Donside",7.38,8.33,4.85,5.1,3.74,5.79,6.35,8.47,9.09,7.96,5.22,5.83,4.35,2.94,0.93,"","",""
http://statistics.gov.scot/id/statistical-geography/S13002862,"Aboyne, Upper Deeside and Donside","","","","","","","","","","","","","","","",2.06,2.35,0.00
http://statistics.gov.scot/id/statistical-geography/S13002715,"Abronhill, Kildrum and the Village",14.68,13.88,14.77,12.59,15.77,16.61,17.53,14.1,13.4,12.95,10.96,9.83,9.82,12.97,12.92,"","",""
http://statistics.gov.scot/id/statistical-geography/S13002674,Aird and Loch Ness,13,9.57,9.28,7.29,9.9,9.43,8.82,11.32,10.58,12.04,9.62,9.62,5.88,3.7,4.46,"","",""
http://statistics.gov.scot/id/statistical-geography/S13003001,Aird and Loch Ness,"","","","","","","","","","","","","","","",3.81,4.12,4.6
http://statistics.gov.scot/id/statistical-geography/S13002719,Airdrie Central,30.36,30,27.53,23.11,22.71,22.44,19.21,18.62,17.25,17.16,13.88,12.28,13.55,15.22,17.22,"","",""
http://statistics.gov.scot/id/statistical-geography/S13003050,Airdrie Central,"","","","","","","","","","","","","","","",12.67,11.11,11.63
http://statistics.gov.scot/id/statistical-geography/S13002718,Airdrie North,18.45,17.48,20.4,17.87,17.05,17.31,16.25,18.68,17.56,16.36,14.69,13.68,12.41,11.62,8.96,"","",""
http://statistics.gov.scot/id/statistical-geography/S13003049,Airdrie North,"","","","","","","","","","","","","","","",10.41,7.17,7.17
http://statistics.gov.scot/id/statistical-geography/S13002722,Airdrie South,14.56,14.09,14.57,15.15,14.48,13.76,14.17,15.09,13.31,13.42,11.59,12.19,14.01,15.2,13.74,"","",""
http://statistics.gov.scot/id/statistical-geography/S13003053,Airdrie South,"","","","","","","","","","","","","","","",10.16,10.17,9.87
http://statistics.gov.scot/id/statistical-geography/S13002486,Airyhall / Broomhill / Garthdee,8.41,9.09,7.58,7.14,7.52,8.3,8.08,7.63,6.82,5.73,3.3,3.78,3.97,3.83,2.84,"","",""
http://statistics.gov.scot/id/statistical-geography/S13002845,Airyhall/Broomhill/Garthdee,"","","","","","","","","","","","","","","",2.75,2.55,1.64
http://statistics.gov.scot/id/statistical-geography/S13002583,Almond,7.44,5.69,5.62,5.52,9.38,10.23,9.8,6.85,7.83,8.93,8.68,6.35,6.29,5.49,4.93,"","",""
http://statistics.gov.scot/id/statistical-geography/S13002919,Almond,"","","","","","","","","","","","","","","",6.14,6.13,3.56
http://statistics.gov.scot/id/statistical-geography/S13002746,Almond and Earn,6.9,5.41,7.02,4.12,6.25,6.17,6.31,4.24,3.13,5,5.3,7.19,6.77,7.87,6.35,"","",""
http://statistics.gov.scot/id/statistical-geography/S13003071,Almond and Earn,"","","","","","","","","","","","","","","",6.32,3.92,1.94
http://statistics.gov.scot/id/statistical-geography/S13002608,An Taobh Siar agus Nis,9.09,20.83,20.83,16,7.14,11.11,14.81,25.81,17.65,16.22,5.71,6.45,8.33,7.14,8.82,2.94,3.33,0.00
http://statistics.gov.scot/id/statistical-geography/S13002650,Anderston / City,11.5,11.76,11.06,13.46,13.04,11.47,8.71,7.05,5.66,5.77,4.96,4.65,3.07,2.67,1.66,"","",""
http://statistics.gov.scot/id/statistical-geography/S13002976,Anderston/City/Yorkhill,"","","","","","","","","","","","","","","",1.06,1.64,1.86
http://statistics.gov.scot/id/statistical-geography/S13002544,Annandale East and Eskdale,14.15,14.29,11.82,10.43,11.61,14.55,15.04,17.09,18.26,15.89,10.91,11.11,10.99,13.79,10,"","",""
http://statistics.gov.scot/id/statistical-geography/S13002891,Annandale East and Eskdale ,"","","","","","","","","","","","","","","",9.3,6.25,3.57
http://statistics.gov.scot/id/statistical-geography/S13002543,Annandale North,18.33,17.04,13.64,13.57,12.66,12.66,13.02,14.29,15.85,13.61,12.24,9.56,12.95,11.69,8.97,"","",""
http://statistics.gov.scot/id/statistical-geography/S13002890,Annandale North,"","","","","","","","","","","","","","","",7.05,6.04,6.96
http://statistics.gov.scot/id/statistical-geography/S13002542,Annandale South,19.19,18.67,19.61,18.75,18.72,16.84,16.16,15.57,16.74,16.96,16.91,15.5,15.91,16.18,16.88,"","",""
http://statistics.gov.scot/id/statistical-geography/S13002889,Annandale South,"","","","","","","","","","","","","","","",16.07,12.42,8.18
http://statistics.gov.scot/id/statistical-geography/S13002553,Annick,14.47,13.93,12.6,13.33,16.11,14.57,16.55,15.44,14.37,10.31,9.14,9.78,9.2,6.79,3.77,"","",""
http://statistics.gov.scot/id/statistical-geography/S13002892,Annick,"","","","","","","","","","","","","","","",3.95,5.29,6.74
http://statistics.gov.scot/id/statistical-geography/S13002514,Arbroath East and Lunan,33.01,30.05,29.02,21.83,20,15.67,18.92,21.73,24.31,21.52,17.84,19.92,17.97,17.07,12.5,"","",""
http://statistics.gov.scot/id/statistical-geography/S13002873,Arbroath East and Lunan,"","","","","","","","","","","","","","","",15.61,16.77,18.62
http://statistics.gov.scot/id/statistical-geography/S13002513,Arbroath West and Letham,17.84,17.02,14.97,12.43,10.81,9.41,10.26,11.25,11.82,13.59,13.53,12.95,9.17,7.21,4.1,"","",""
http://statistics.gov.scot/id/statistical-geography/S13002872,"Arbroath West, Letham and Friockheim","","","","","","","","","","","","","","","",5.03,4.74,7.34
http://statistics.gov.scot/id/statistical-geography/S13002708,Ardrossan and Arran,24.26,24.58,24.79,20.87,17.12,17.24,15.23,16.16,14.02,17.76,15.46,15.76,13.5,15.18,14.06,"","",""
http://statistics.gov.scot/id/statistical-geography/S13003036,Ardrossan and Arran,"","","","","","","","","","","","","","","",13.64,14.29,12.38
http://statistics.gov.scot/id/statistical-geography/S13002828,Armadale and Blackridge,19.91,19.4,20,22.11,20.35,17.54,15.87,14.05,9.57,9.02,8.53,10.94,8.51,8.55,8.48,7.38,8.28,7.59
http://statistics.gov.scot/id/statistical-geography/S13002791,Avondale and Stonehouse,6.01,5.61,6.86,9.57,11.83,11.7,11.29,11.88,10.71,10.7,10.8,11.05,10.8,7.88,7.43,"","",""
http://statistics.gov.scot/id/statistical-geography/S13003099,Avondale and Stonehouse,"","","","","","","","","","","","","","","",5.7,3.8,2.75
http://statistics.gov.scot/id/statistical-geography/S13002782,Ayr East,17.86,16.75,18.69,17.8,16.85,15.47,18.28,22.54,20.61,18.18,13.17,11.69,7.36,7.33,7.5,"","",""
http://statistics.gov.scot/id/statistical-geography/S13003090,Ayr East,"","","","","","","","","","","","","","","",8.16,4.93,3.76
http://statistics.gov.scot/id/statistical-geography/S13002781,Ayr North,25.09,26.32,23.55,25.89,26.07,27.02,23.59,21.36,20.59,19.76,20,19.3,17.26,14.48,14.08,"","",""
http://statistics.gov.scot/id/statistical-geography/S13003089,Ayr North,"","","","","","","","","","","","","","","",15.95,13.17,10.97
http://statistics.gov.scot/id/statistical-geography/S13002783,Ayr West,8.73,7.46,11.9,11.56,15.33,12.33,14.09,12.35,13.58,13.07,11.81,8.45,5.66,4.35,3.92,"","",""
http://statistics.gov.scot/id/statistical-geography/S13003091,Ayr West,"","","","","","","","","","","","","","","",5.07,6.08,4.26
http://statistics.gov.scot/id/statistical-geography/S13002682,Badenoch and Strathspey,10.16,12.07,13.16,9.57,9.77,9.68,10.65,9.29,7.34,6.83,7.95,8.55,8.28,7.14,6.02,"","",""
http://statistics.gov.scot/id/statistical-geography/S13003009,Badenoch and Strathspey,"","","","","","","","","","","","","","","",4.44,2.11,3.76
http://statistics.gov.scot/id/statistical-geography/S13002660,Baillieston,19.95,18.05,18.74,18.31,18.02,19.41,19.21,18.26,15.55,16.27,15.02,13.66,10.63,9.03,8.65,"","",""
http://statistics.gov.scot/id/statistical-geography/S13002986,Baillieston,"","","","","","","","","","","","","","","",6.8,6.94,5.34
http://statistics.gov.scot/id/statistical-geography/S13002559,Ballochmyle,25.73,25,22.94,21.88,21.72,20.6,21,18.14,19.91,20.28,20,17.19,13.54,13.71,13.85,"","",""
http://statistics.gov.scot/id/statistical-geography/S13002898,Ballochmyle,"","","","","","","","","","","","","","","",15.12,12.3,11.63
http://statistics.gov.scot/id/statistical-geography/S13002504,Banchory and Mid Deeside,5.75,5.88,5.06,4.44,3.09,2.73,0.9,1.67,3.08,3.42,4.85,4.08,3.25,1.33,0,"","",""
http://statistics.gov.scot/id/statistical-geography/S13002863,Banchory and Mid Deeside,"","","","","","","","","","","","","","","",0,3.12,3.23
http://statistics.gov.scot/id/statistical-geography/S13002489,Banff and District,9.09,9.17,14.02,17.12,17.48,13.27,13.91,15.27,14.6,12.95,10.37,11.48,13.76,13.19,8.91,"","",""
http://statistics.gov.scot/id/statistical-geography/S13002848,Banff and District,"","","","","","","","","","","","","","","",3.42,6.94,5.67
http://statistics.gov.scot/id/statistical-geography/S13002813,Bannockburn,18.04,15.76,13.3,14.63,20.2,19.69,18.39,10.31,12.26,15.31,18.72,18,11.98,9.39,8.29,"","",""
http://statistics.gov.scot/id/statistical-geography/S13003121,Bannockburn,"","","","","","","","","","","","","","","",9.09,8.02,8.33
http://statistics.gov.scot/id/statistical-geography/S13002600,"Barraigh, Bhatarsaigh, Eirisgeigh agus Uibhist a Deas",30,14.29,15,20,20,12,7.14,10,14.81,14.29,7.41,16,20,21.74,7.14,3.03,2.94,3.23
http://statistics.gov.scot/id/statistical-geography/S13002578,Barrhead,19.29,16.17,15.81,17.24,19.01,20.33,20.64,21.97,17.57,17.45,14.29,15.31,12.23,9.05,8.93,"","",""
http://statistics.gov.scot/id/statistical-geography/S13002914,"Barrhead, Liboside and Uplawmoor","","","","","","","","","","","","","","","",9.54,8.84,6.72
http://statistics.gov.scot/id/statistical-geography/S13002827,Bathgate,16.14,11.97,13.4,13.64,14.5,10.2,10.24,8.56,8.2,8.09,8.79,11.98,10.11,8.22,7.98,6.77,7.85,6.85
http://statistics.gov.scot/id/statistical-geography/S13002563,Bearsden North,2.96,4.61,3.36,4.17,6.98,7.58,6.33,3.64,2.83,2.44,2.46,1.54,2.19,1.37,0.66,"","",""
http://statistics.gov.scot/id/statistical-geography/S13002902,Bearsden North,"","","","","","","","","","","","","","","",0,0,0.00
http://statistics.gov.scot/id/statistical-geography/S13002564,Bearsden South,10.28,9.47,10.39,5.08,4,4.41,3.8,3.49,4.35,4.1,3.65,2.14,1.52,0.69,0,"","",""
http://statistics.gov.scot/id/statistical-geography/S13002903,Bearsden South,"","","","","","","","","","","","","","","",0,0,0.00
http://statistics.gov.scot/id/statistical-geography/S13002601,Beinn na Foghla agus Uibhist a Tuath,5.88,3.45,6.06,16.13,22.73,20,13.64,16.67,22.73,23.33,16.67,12.9,7.69,7.41,8,4,4.17,0.00
http://statistics.gov.scot/id/statistical-geography/S13002725,Bellshill,21.03,22.91,21.05,20.2,20,20.18,17.52,15.64,14.23,15.32,16.02,16.81,13.9,12.23,10.75,"","",""
http://statistics.gov.scot/id/statistical-geography/S13003056,Bellshill,"","","","","","","","","","","","","","","",13.33,12.12,11.67
http://statistics.gov.scot/id/statistical-geography/S13002904,Bishopbriggs North and Campsie,"","","","","","","","","","","","","","","",2.71,2.9,3.63
http://statistics.gov.scot/id/statistical-geography/S13002566,Bishopbriggs North and Torrance,9.35,11.11,9.01,11.11,5.94,3.48,3.31,5.26,8.11,6.96,6.6,5.22,3.96,2.59,2.31,"","",""
http://statistics.gov.scot/id/statistical-geography/S13002833,Bishopbriggs South,7.79,9.43,9.15,8.16,6.12,6.94,8.02,9.26,8.28,6.92,4.19,4.35,5.56,5.81,3.18,"","",""
http://statistics.gov.scot/id/statistical-geography/S13002905,Bishopbriggs South,"","","","","","","","","","","","","","","",2.19,2.02,2.11
http://statistics.gov.scot/id/statistical-geography/S13002759,"Bishopton, Bridge of Weir & Langbank",10.32,10.92,9.29,6.98,4.07,4.76,5.17,6.3,5.83,5.69,4.8,3.94,1.83,3.33,4.4,"","",""
http://statistics.gov.scot/id/statistical-geography/S13003085,"Bishopton, Bridge of Weir and Langbank","","","","","","","","","","","","","","","",3.95,2.13,0.00
http://statistics.gov.scot/id/statistical-geography/S13002671,Black Isle,5.68,7.61,8.86,9.89,7.69,5.26,4.17,1.11,4.44,4.12,4.44,6.59,7.61,7.22,2.8,"","",""
http://statistics.gov.scot/id/statistical-geography/S13002998,Black Isle,"","","","","","","","","","","","","","","",2.61,4.72,5.1
http://statistics.gov.scot/id/statistical-geography/S13002740,Blairgowrie and Glens,25.38,22.41,18.35,12.04,10.17,8.57,9.49,13.21,12.96,11.39,9.29,9.92,10.57,7.58,6.35,"","",""
http://statistics.gov.scot/id/statistical-geography/S13003065,Blairgowrie and Glens,"","","","","","","","","","","","","","","",4.67,6.06,3.81
http://statistics.gov.scot/id/statistical-geography/S13002801,Blantyre,21.19,20.78,20.66,19.03,16.42,15.94,15.25,16.97,16.13,19.26,15.51,13.82,10.84,9.51,8.91,"","",""
http://statistics.gov.scot/id/statistical-geography/S13003109,Blantyre,"","","","","","","","","","","","","","","",8.97,9.85,10.05
http://statistics.gov.scot/id/statistical-geography/S13002609,Bo'ness and Blackness,16.18,15.98,16.4,15.5,14.04,13.17,13.85,15.52,11.72,10.77,8.87,10.12,9.84,7.73,7.98,"","",""
http://statistics.gov.scot/id/statistical-geography/S13002613,Bonnybridge and Larbert,11.45,10.53,8.81,8.26,9.65,10.26,10.1,9.78,10.06,11.11,8.92,8.52,8.37,8.1,7.92,"","",""
http://statistics.gov.scot/id/statistical-geography/S13002940,Bonnybridge and Larbert,"","","","","","","","","","","","","","","",7.21,7.23,3.56
http://statistics.gov.scot/id/statistical-geography/S13002691,Bonnyrigg,8.53,11.37,13.9,14.22,11.86,9.68,9.22,9.68,9.77,10.56,10.74,8.47,7.83,7.46,8.81,"","",""
http://statistics.gov.scot/id/statistical-geography/S13003019,Bonnyrigg,"","","","","","","","","","","","","","","",6.63,5.46,5.1
http://statistics.gov.scot/id/statistical-geography/S13002802,Bothwell and Uddingston,12.08,9.52,7.41,6.11,5.43,7.05,7.83,11.3,9.38,7.43,4.83,7.33,8.75,6.49,3.68,"","",""
http://statistics.gov.scot/id/statistical-geography/S13003110,Bothwell and Uddingston,"","","","","","","","","","","","","","","",1.97,2.35,2.33
http://statistics.gov.scot/id/statistical-geography/S13002936,Bo’ness and Blackness,"","","","","","","","","","","","","","","",6.31,5.63,3.29
http://statistics.gov.scot/id/statistical-geography/S13002509,Brechin and Edzell,16.94,17.86,19.17,16.67,16.56,11.88,14.12,16.37,19.75,18.18,17.12,18.59,18.01,16.23,14.29,"","",""
http://statistics.gov.scot/id/statistical-geography/S13002868,Brechin and Edzell,"","","","","","","","","","","","","","","",12.68,11.19,11.2
http://statistics.gov.scot/id/statistical-geography/S13002477,Bridge of Don,9.82,9.54,8.53,6.29,5.45,3.32,3.7,3.5,3.87,3.33,5.12,5.12,4.67,3.55,2.27,"","",""
http://statistics.gov.scot/id/statistical-geography/S13002836,Bridge of Don,"","","","","","","","","","","","","","","",2.26,1.72,1.91
http://statistics.gov.scot/id/statistical-geography/S13002821,"Broxburn, Uphall and Winchburgh",15.29,14.98,11.88,13.62,11.66,9.86,11.55,8.84,9.77,6.45,8.02,6.79,11.26,14.56,15.48,10.44,9.31,8.49
http://statistics.gov.scot/id/statistical-geography/S13002640,"Buckhaven, Methil and Wemyss Villages",26.18,27.43,27.14,28.72,24.92,23.75,24.62,26.8,30.42,29.17,25.75,22.46,19.73,20.96,22.99,"","",""
http://statistics.gov.scot/id/statistical-geography/S13002966,"Buckhaven, Methil and Wemyss Villages","","","","","","","","","","","","","","","",23.68,23.2,21.2
http://statistics.gov.scot/id/statistical-geography/S13002698,Buckie,17.17,15.09,20.39,24.41,25.93,23.24,18.57,20.95,19.86,22.76,20.61,21.43,20.55,16.55,12.69,"","",""
http://statistics.gov.scot/id/statistical-geography/S13003026,Buckie,"","","","","","","","","","","","","","","",9.29,10.06,7.69
http://statistics.gov.scot/id/statistical-geography/S13002627,"Burntisland, Kinghorn and Western Kirkcaldy",12.12,12.8,14.29,12.73,11.52,11.67,14.42,15.6,17.98,15.88,14.53,11.68,11.11,11.83,9.55,"","",""
http://statistics.gov.scot/id/statistical-geography/S13002953,"Burntisland, Kinghorn and Western Kirkcaldy","","","","","","","","","","","","","","","",10.59,11.8,9.94
http://statistics.gov.scot/id/statistical-geography/S13002582,"Busby, Clarkston and Eaglesham",3.76,4.23,5.52,5.26,7.38,6.67,8.59,4.65,4.65,2.67,2.52,3.75,4.08,4.35,2.24,"","",""
http://statistics.gov.scot/id/statistical-geography/S13002649,Calton,28.03,28.07,29.21,26.36,25.67,23.9,23.23,19.05,18.12,17.07,15.23,11.74,9.13,8.25,7.17,"","",""
http://statistics.gov.scot/id/statistical-geography/S13002975,Calton,"","","","","","","","","","","","","","","",7.16,5.63,5.3
http://statistics.gov.scot/id/statistical-geography/S13002800,Cambuslang East,18.26,13.11,11.57,11.91,10.68,11.23,10.97,12.3,11.99,10.1,9.97,9.14,8.88,6.18,4.97,"","",""
http://statistics.gov.scot/id/statistical-geography/S13003108,Cambuslang East,"","","","","","","","","","","","","","","",4.89,4.06,4.25
http://statistics.gov.scot/id/statistical-geography/S13002799,Cambuslang West,13.4,11.22,10.61,10.77,12.5,10.31,10.75,9.52,10.47,8.5,8.2,6.22,7.04,8.28,8.93,"","",""
http://statistics.gov.scot/id/statistical-geography/S13003107,Cambuslang West,"","","","","","","","","","","","","","","",8,6.31,5.58
http://statistics.gov.scot/id/statistical-geography/S13002565,Campsie and Kirkintilloch North,7.35,7.19,6.13,8.64,10.59,11.3,8.38,6.55,8.52,11.5,13.93,12.97,11.11,6.12,3.29,"","",""
http://statistics.gov.scot/id/statistical-geography/S13002656,Canal,26.84,25.64,23,20.21,18.87,20.82,18.28,19.44,17.23,16.31,12.09,10.03,9.74,8.33,6.82,"","",""
http://statistics.gov.scot/id/statistical-geography/S13002982,Canal,"","","","","","","","","","","","","","","",6.99,7.32,8.18
http://statistics.gov.scot/id/statistical-geography/S13002673,Caol and Mallaig,19.13,15.89,19.82,18.02,19.83,15.57,14.52,14.63,14.75,15.93,14.16,12.5,13.86,12.24,12.33,"","",""
http://statistics.gov.scot/id/statistical-geography/S13003000,Caol and Mallaig,"","","","","","","","","","","","","","","",7.79,6.85,7.41
http://statistics.gov.scot/id/statistical-geography/S13002970,Cardonald,"","","","","","","","","","","","","","","",7.83,7.93,8.55
http://statistics.gov.scot/id/statistical-geography/S13002512,Carnoustie and District,9.48,9.9,9.26,8.7,4.55,4.35,8.46,10.19,12.9,11.17,11.7,10.91,7.64,6.43,5.97,"","",""
http://statistics.gov.scot/id/statistical-geography/S13002871,Carnoustie and District,"","","","","","","","","","","","","","","",5.59,5.07,3.01
http://statistics.gov.scot/id/statistical-geography/S13002738,Carse of Gowrie,4.12,1.03,1.04,3.25,3.31,4.19,3.66,4.79,3.65,5.67,6.62,7.35,7.14,5.13,3.9,"","",""
http://statistics.gov.scot/id/statistical-geography/S13003063,Carse of Gowrie,"","","","","","","","","","","","","","","",2.76,1.8,2.02
http://statistics.gov.scot/id/statistical-geography/S13002612,"Carse, Kinnaird and Tryst",10.34,10.99,12.55,12.96,10.91,11.07,12.46,12.81,12.14,10.96,10.33,9.88,7.05,7.28,6.23,"","",""
http://statistics.gov.scot/id/statistical-geography/S13002939,"Carse, Kinnaird and Tryst","","","","","","","","","","","","","","","",5,3.56,4
http://statistics.gov.scot/id/statistical-geography/S13002810,Castle,22.98,26.54,24.26,22.11,17.68,14.14,15.76,16.13,16.43,16.37,14.29,13.08,11.47,11.23,12.17,"","",""
http://statistics.gov.scot/id/statistical-geography/S13002883,Castle Douglas and Crocketford,"","","","","","","","","","","","","","","",7.41,3.66,2.67
http://statistics.gov.scot/id/statistical-geography/S13002536,Castle Douglas and Glenkens,16.16,14.29,13.59,13.68,19.78,13.91,13.01,11.9,11.76,13.33,7.77,9.52,5.49,8.14,6.45,"","",""
http://statistics.gov.scot/id/statistical-geography/S13002492,Central Buchan,9.62,7.84,10.9,12.07,13.74,12.89,14.14,10.82,12.09,7.6,11.04,7.74,8.74,5.39,4.83,"","",""
http://statistics.gov.scot/id/statistical-geography/S13002851,Central Buchan,"","","","","","","","","","","","","","","",5.24,7.27,7.64
http://statistics.gov.scot/id/statistical-geography/S13002593,City Centre,4.84,4.97,3.81,3.48,2.67,3.82,2.39,3.61,2.4,2.87,2.1,2.08,1.74,0.88,0.93,"","",""
http://statistics.gov.scot/id/statistical-geography/S13002929,City Centre,"","","","","","","","","","","","","","","",2.44,1.98,1.56
http://statistics.gov.scot/id/statistical-geography/S13002529,Clackmannanshire Central,19.85,19.01,20.93,18.7,21.26,18.18,21.15,21.69,23.17,18.47,15.08,9.66,14.69,13.82,18.3,"","",""
http://statistics.gov.scot/id/statistical-geography/S13002877,Clackmannanshire Central,"","","","","","","","","","","","","","","",14.06,13.67,10.66
http://statistics.gov.scot/id/statistical-geography/S13002531,Clackmannanshire East,17.46,14.49,11.94,11.11,11.54,17.54,23.21,20.31,16.18,13.79,14.89,19.15,22.22,20,13.25,"","",""
http://statistics.gov.scot/id/statistical-geography/S13002879,Clackmannanshire East,"","","","","","","","","","","","","","","",6.8,3.09,0.93
http://statistics.gov.scot/id/statistical-geography/S13002528,Clackmannanshire North,19.88,17.5,14.94,14.84,16.31,17.36,18,20.15,24.44,26.52,25.74,20.42,17.16,14.05,10.94,"","",""
http://statistics.gov.scot/id/statistical-geography/S13002876,Clackmannanshire North,"","","","","","","","","","","","","","","",10.24,8.9,8.94
http://statistics.gov.scot/id/statistical-geography/S13002530,Clackmannanshire South,21.51,23.3,25.14,22.35,20.83,12.29,16.33,19.74,24.57,21.83,15.38,14.23,13.12,15.76,12.57,"","",""
http://statistics.gov.scot/id/statistical-geography/S13002878,Clackmannanshire South,"","","","","","","","","","","","","","","",12.28,9.42,9.14
http://statistics.gov.scot/id/statistical-geography/S13002527,Clackmannanshire West,25.95,26.81,24.16,21.6,17.82,15.38,13.94,12.83,11.98,12.44,13.7,15.84,14.15,13.25,9.94,"","",""
http://statistics.gov.scot/id/statistical-geography/S13002875,Clackmannanshire West,"","","","","","","","","","","","","","","",10,9.34,9.88
http://statistics.gov.scot/id/statistical-geography/S13002917,"Clarkston, Netherlee and Williamwood","","","","","","","","","","","","","","","",0,0,0.00
http://statistics.gov.scot/id/statistical-geography/S13002818,Clydebank Central,25.97,25.33,26.12,23.08,24.56,20.79,19.86,15.74,14.29,15.06,17.12,14.62,15.43,15.15,13.79,"","",""
http://statistics.gov.scot/id/statistical-geography/S13003126,Clydebank Central,"","","","","","","","","","","","","","","",8.06,6.6,7.06
http://statistics.gov.scot/id/statistical-geography/S13002819,Clydebank Waterfront,16.56,16.28,15.12,18.37,23.91,22.41,20.63,18.47,18.01,17.11,17.37,13.95,12.75,11.62,12.45,"","",""
http://statistics.gov.scot/id/statistical-geography/S13003127,Clydebank Waterfront,"","","","","","","","","","","","","","","",11.49,8.88,10.15
http://statistics.gov.scot/id/statistical-geography/S13002789,Clydesdale East,11.18,7.69,8.61,9.79,10.29,10.29,7.24,8.33,6.56,7.22,6.52,7.1,9.72,8.4,9.63,"","",""
http://statistics.gov.scot/id/statistical-geography/S13003097,Clydesdale East,"","","","","","","","","","","","","","","",7.46,6.87,6.45
http://statistics.gov.scot/id/statistical-geography/S13002788,Clydesdale North,9.3,12.8,13.69,14.81,15.79,14.47,12.99,11.28,15.82,15.43,14.97,11.73,13.79,13.86,13.37,"","",""
http://statistics.gov.scot/id/statistical-geography/S13003096,Clydesdale North,"","","","","","","","","","","","","","","",11.73,10.65,10.37
http://statistics.gov.scot/id/statistical-geography/S13002790,Clydesdale South,20.62,21.88,23.73,22.7,17.83,16.38,20.44,18.27,18.05,11.79,10.14,11.06,12.5,12.85,9.88,"","",""
http://statistics.gov.scot/id/statistical-geography/S13003098,Clydesdale South,"","","","","","","","","","","","","","","",8.78,9.21,7.09
http://statistics.gov.scot/id/statistical-geography/S13002787,Clydesdale West,10.05,10.14,10.34,10.55,10.28,10.96,10.33,9.89,10.33,10.74,12.41,12.69,13.31,11.19,9.59,"","",""
http://statistics.gov.scot/id/statistical-geography/S13003095,Clydesdale West,"","","","","","","","","","","","","","","",7.3,7.29,6.23
http://statistics.gov.scot/id/statistical-geography/S13003048,Coatbridge North,"","","","","","","","","","","","","","","",10.15,9.55,6.86
http://statistics.gov.scot/id/statistical-geography/S13002717,Coatbridge North and Glenboig,14.13,16.41,18.85,17.67,16.1,14.98,16.04,17.53,17.33,17.26,14.47,12.66,9.76,9.27,10.19,"","",""
http://statistics.gov.scot/id/statistical-geography/S13002721,Coatbridge South,19.75,21.76,23.66,21.89,21.66,19.57,19.35,17.75,13.09,11.11,9.85,12.55,11.42,11.97,8.71,"","",""
http://statistics.gov.scot/id/statistical-geography/S13003052,Coatbridge South,"","","","","","","","","","","","","","","",8.06,6.32,10.92
http://statistics.gov.scot/id/statistical-geography/S13002720,Coatbridge West,19.57,20.3,19.49,19.37,19.03,19.32,20.31,17.91,17.08,15.22,15.19,12.96,11.91,13.66,13.21,"","",""
http://statistics.gov.scot/id/statistical-geography/S13003051,Coatbridge West,"","","","","","","","","","","","","","","",15.08,7.98,10.05
http://statistics.gov.scot/id/statistical-geography/S13002548,Coldside,22.85,25.26,24.74,22.19,19.55,17.88,17.72,19.07,17.01,15.76,12.73,12.78,12.32,11.86,11.6,11.75,10.89,9.23
http://statistics.gov.scot/id/statistical-geography/S13002590,Colinton / Fairmilehead,10.18,11.04,9.76,7.19,6.46,6.17,6.69,5.93,6.01,5.56,7.25,7.55,10.78,9.58,5.83,"","",""
http://statistics.gov.scot/id/statistical-geography/S13002926,Colinton/Fairmilehead,"","","","","","","","","","","","","","","",3.45,1.82,1.77
http://statistics.gov.scot/id/statistical-geography/S13002588,Corstorphine / Murrayfield,1.67,2.06,3.72,5.51,5.81,5.17,4.72,4.69,4.44,5.48,5.17,4.35,1.14,1.07,0.92,"","",""
http://statistics.gov.scot/id/statistical-geography/S13002924,Corstorphine/Murrayfield,"","","","","","","","","","","","","","","",0.97,1.98,1.42
http://statistics.gov.scot/id/statistical-geography/S13002521,Cowal,5.66,7.69,9.8,13.73,10.26,16.67,15.79,22.92,24,16.92,18.31,10.98,10.45,4.69,4,3.77,0,4.44
http://statistics.gov.scot/id/statistical-geography/S13002625,Cowdenbeath,19.21,21.8,20.57,19.28,17.92,17.65,21.03,21.67,22.53,21.14,18.83,18.8,14.68,12.24,8.58,"","",""
http://statistics.gov.scot/id/statistical-geography/S13003128,Cowdenbeath,"","","","","","","","","","","","","","","",11.21,11.38,10.96
http://statistics.gov.scot/id/statistical-geography/S13002596,Craigentinny / Duddingston,10.14,7.48,7.93,9.32,11.08,9.12,8.49,8.9,7.61,6.72,5.76,6.69,6.09,3.28,3.63,"","",""
http://statistics.gov.scot/id/statistical-geography/S13002932,Craigentinny/Duddingston,"","","","","","","","","","","","","","","",4.99,5,3.72
http://statistics.gov.scot/id/statistical-geography/S13002644,Craigton,24.93,23.72,21.65,20.8,20.63,20.84,18.7,17.5,16.57,16.43,14.81,12.36,11.16,9.83,8.85,"","",""
http://statistics.gov.scot/id/statistical-geography/S13002668,Cromarty Firth,26.37,28,26.28,27.4,27.27,24.84,19.21,20,21.16,23.04,25,23.86,22.49,18.47,16.56,"","",""
http://statistics.gov.scot/id/statistical-geography/S13002995,Cromarty Firth,"","","","","","","","","","","","","","","",14.86,11.81,8.23
http://statistics.gov.scot/id/statistical-geography/S13003006,Culloden  and Ardersier,"","","","","","","","","","","","","","","",12.59,8.33,9.63
http://statistics.gov.scot/id/statistical-geography/S13002679,Culloden and Ardersier,9.41,12.9,15.82,17.37,15.52,15.73,16.38,14.57,14.76,15,18.52,18.39,16.07,14.74,10.96,"","",""
http://statistics.gov.scot/id/statistical-geography/S13003045,Cumbernauld East,"","","","","","","","","","","","","","","",11.02,9.3,8.91
http://statistics.gov.scot/id/statistical-geography/S13002713,Cumbernauld North,5.78,4.79,4.59,5.03,4.4,5.23,5.57,7.17,9.03,8.62,7.84,5.9,5.18,3.88,4.17,"","",""
http://statistics.gov.scot/id/statistical-geography/S13003043,Cumbernauld North,"","","","","","","","","","","","","","","",4.52,5.5,7.18
http://statistics.gov.scot/id/statistical-geography/S13002714,Cumbernauld South,17.25,16.86,17,16.4,17.49,18,20.14,20.81,19.13,18.04,15.12,16.67,14.33,14.93,13.28,"","",""
http://statistics.gov.scot/id/statistical-geography/S13003044,Cumbernauld South,"","","","","","","","","","","","","","","",16.22,14,12.22
http://statistics.gov.scot/id/statistical-geography/S13002560,Cumnock and New Cumnock,25.79,23.37,24.59,24.42,23.21,21.3,20.77,18.98,20.09,20.85,22.9,22.27,17.76,15.71,11.17,"","",""
http://statistics.gov.scot/id/statistical-geography/S13002899,Cumnock and New Cumnock,"","","","","","","","","","","","","","","",11.49,10.19,9.8
http://statistics.gov.scot/id/statistical-geography/S13002638,Cupar,10.83,8.64,6.55,5.2,6.67,10,12.92,14.48,14.22,12.81,8.6,6.83,5.77,10.39,11.45,"","",""
http://statistics.gov.scot/id/statistical-geography/S13002964,Cupar,"","","","","","","","","","","","","","","",11.59,9.72,6.9
http://statistics.gov.scot/id/statistical-geography/S13002692,Dalkeith,18.3,19.72,20.59,22.9,21.99,22.82,20.11,19.46,17.3,18.47,18.4,16.67,17.02,16.67,16.46,"","",""
http://statistics.gov.scot/id/statistical-geography/S13003020,Dalkeith,"","","","","","","","","","","","","","","",13.59,9.55,5.85
http://statistics.gov.scot/id/statistical-geography/S13002709,Dalry and West Kilbride,20.29,18,15.28,10.26,7.89,12.58,12.96,15.48,12.05,14.79,14.56,15.48,14.58,12.23,13.33,"","",""
http://statistics.gov.scot/id/statistical-geography/S13003037,Dalry and West Kilbride,"","","","","","","","","","","","","","","",12.4,11.81,13.11
http://statistics.gov.scot/id/statistical-geography/S13002535,Dee,22.68,18.18,15.05,11.9,13.48,18.18,18.75,23.08,18.07,15.73,8.43,7.41,8.43,9.09,9.3,"","",""
http://statistics.gov.scot/id/statistical-geography/S13002882,Dee and Glenkens,"","","","","","","","","","","","","","","",6.98,6.17,4.23
http://statistics.gov.scot/id/statistical-geography/S13002988,Dennistoun,"","","","","","","","","","","","","","","",8.84,9.4,7.27
http://statistics.gov.scot/id/statistical-geography/S13002611,Denny and Banknock,14.03,13.08,13.42,12.02,14.45,17.71,19.93,19,16.84,14.23,11.58,10.28,8.7,8.7,8.54,"","",""
http://statistics.gov.scot/id/statistical-geography/S13002938,Denny and Banknock,"","","","","","","","","","","","","","","",7.63,6.64,5.65
http://statistics.gov.scot/id/statistical-geography/S13002670,Dingwall and Seaforth,18.47,17.88,18.99,22.54,21.23,16.89,13.51,16.05,17.68,19.23,17.65,17.89,15.31,14.07,10.61,"","",""
http://statistics.gov.scot/id/statistical-geography/S13002997,Dingwall and Seaforth,"","","","","","","","","","","","","","","",7.95,7.93,8.92
http://statistics.gov.scot/id/statistical-geography/S13002561,Doon Valley,32.92,30.34,24.31,23.93,21.69,25.27,24.86,22.75,18.29,15.56,16.95,17.49,15.25,12.74,10.76,"","",""
http://statistics.gov.scot/id/statistical-geography/S13002900,Doon Valley,"","","","","","","","","","","","","","","",16.22,15.72,16.78
http://statistics.gov.scot/id/statistical-geography/S13002585,Drum Brae / Gyle,10.07,9.54,8.76,6.27,6.81,8.52,9.21,7,4.69,4.25,5.42,8.47,5.91,5.97,3.52,"","",""
http://statistics.gov.scot/id/statistical-geography/S13002921,Drum Brae/Gyle,"","","","","","","","","","","","","","","",3.91,5.2,5.26
http://statistics.gov.scot/id/statistical-geography/S13002654,Drumchapel / Anniesland,30.83,30.53,28.57,26.8,26.52,26.64,23.93,24.16,17.91,19.11,16.32,15.35,13.46,11.89,11.37,"","",""
http://statistics.gov.scot/id/statistical-geography/S13002980,Drumchapel/Anniesland,"","","","","","","","","","","","","","","",8.35,8.6,9.49
http://statistics.gov.scot/id/statistical-geography/S13002816,Dumbarton,13.3,15.25,14.97,15.79,15.92,13.99,13.59,12.2,12.3,13.23,9.31,10.32,7.72,7.06,5.06,"","",""
http://statistics.gov.scot/id/statistical-geography/S13003124,Dumbarton,"","","","","","","","","","","","","","","",4.2,4.88,3.9
http://statistics.gov.scot/id/statistical-geography/S13002576,Dunbar and East Linton,9.03,10.37,6.25,5.06,5.34,9.09,9.8,10.15,7.89,10.07,13.89,17.05,15.12,7.32,5.68,"","",""
http://statistics.gov.scot/id/statistical-geography/S13002913,Dunbar and East Linton,"","","","","","","","","","","","","","","",4,7.02,9.09
http://statistics.gov.scot/id/statistical-geography/S13002809,Dunblane and Bridge of Allan,5.37,4.29,5,4.44,5.26,5.41,4.79,3.33,2.04,2.11,2.03,2.21,2.16,3.39,3.36,"","",""
http://statistics.gov.scot/id/statistical-geography/S13003117,Dunblane and Bridge of Allan,"","","","","","","","","","","","","","","",1.89,0,0.88
http://statistics.gov.scot/id/statistical-geography/S13002620,Dunfermline Central,14.84,12.5,11.59,11.97,11.54,13.91,14.81,16.29,15.5,15.59,15.89,14.17,9.32,9.06,9.35,"","",""
http://statistics.gov.scot/id/statistical-geography/S13002947,Dunfermline Central,"","","","","","","","","","","","","","","",8.81,6.15,4.94
http://statistics.gov.scot/id/statistical-geography/S13002619,Dunfermline North,12.2,11.5,9.55,9.13,7.87,10.05,10.26,10.78,10.88,11.44,12,11.45,9.78,10.78,11.21,"","",""
http://statistics.gov.scot/id/statistical-geography/S13002946,Dunfermline North,"","","","","","","","","","","","","","","",9.88,7.41,5.15
http://statistics.gov.scot/id/statistical-geography/S13002621,Dunfermline South,20.8,20.64,16.3,15.76,11.94,9.11,4.38,4.6,6.05,7.71,7.88,7.36,7.66,6.28,6.94,"","",""
http://statistics.gov.scot/id/statistical-geography/S13002948,Dunfermline South,"","","","","","","","","","","","","","","",7.19,6.7,5.79
http://statistics.gov.scot/id/statistical-geography/S13002522,Dunoon,34.12,31.08,22.73,23.88,20.27,23.26,16.48,16.33,13.27,15.18,14.41,13.89,19.05,18.75,18.68,9.28,6.06,6.38
http://statistics.gov.scot/id/statistical-geography/S13002476,Dyce / Bucksburn / Danestone,8.74,8.9,11,11.36,11.76,9.75,8,6.25,6.32,5.88,7.04,8.33,6.6,5.99,3.98,"","",""
http://statistics.gov.scot/id/statistical-geography/S13002835,Dyce/Bucksburn/Danestone,"","","","","","","","","","","","","","","",3.95,3.32,2.69
http://statistics.gov.scot/id/statistical-geography/S13002767,East Berwickshire,13.48,18,17.14,15.24,9,11.32,17.24,17.42,15.97,10.96,13.33,10.88,12.14,10.07,10.66,9.82,8.85,9.52
http://statistics.gov.scot/id/statistical-geography/S13002658,East Centre,25.11,24.36,24.01,25.07,21.04,17.39,15.8,18.07,18.08,16.49,11.99,10.83,9.29,10.59,10.73,"","",""
http://statistics.gov.scot/id/statistical-geography/S13002984,East Centre,"","","","","","","","","","","","","","","",11.81,10.17,8.15
http://statistics.gov.scot/id/statistical-geography/S13002551,East End,38.22,36,34.55,31.48,25.14,23.59,22.53,26.32,28.4,28.34,23.88,21.53,22.18,22.88,19.23,16.43,14.72,16.22
http://statistics.gov.scot/id/statistical-geography/S13002500,East Garioch,3.28,3.55,4.79,4.86,5.42,3.73,4.07,2.63,1.93,0.97,1.8,3.23,3.42,3.91,2.33,"","",""
http://statistics.gov.scot/id/statistical-geography/S13002859,East Garioch,"","","","","","","","","","","","","","","",3.09,2.3,1.84
http://statistics.gov.scot/id/statistical-geography/S13002794,East Kilbride Central North,9.21,8.97,11.98,12.5,14.6,13.25,12.81,13.65,11.02,9.46,9.05,10.22,10.62,7.41,5.71,"","",""
http://statistics.gov.scot/id/statistical-geography/S13003102,East Kilbride Central North,"","","","","","","","","","","","","","","",6.57,5.83,5.61
http://statistics.gov.scot/id/statistical-geography/S13002793,East Kilbride Central South,13.26,14.12,16.05,14.46,13.41,13.97,14.12,12.37,9.6,7.03,8.11,10.27,10.75,7.95,5.56,"","",""
http://statistics.gov.scot/id/statistical-geography/S13003101,East Kilbride Central South,"","","","","","","","","","","","","","","",5.95,8.56,8.84
http://statistics.gov.scot/id/statistical-geography/S13002796,East Kilbride East,12.37,12.36,12.1,11.52,10.98,9.55,7.57,10.55,10.7,11.68,8.42,7.73,6.47,7.26,8.64,"","",""
http://statistics.gov.scot/id/statistical-geography/S13003104,East Kilbride East,"","","","","","","","","","","","","","","",9.73,7.88,4.55
http://statistics.gov.scot/id/statistical-geography/S13002792,East Kilbride South,18.75,21.84,22.32,22.98,19.28,20.92,24.69,25.93,21.98,14.62,12.8,12.39,10.84,11.26,9.75,"","",""
http://statistics.gov.scot/id/statistical-geography/S13003100,East Kilbride South,"","","","","","","","","","","","","","","",6.78,5.06,6.2
http://statistics.gov.scot/id/statistical-geography/S13002795,East Kilbride West,6.35,6.22,5.15,5.65,4.85,7.32,10,13.75,10.83,7.82,4.92,4.9,2.73,2.26,1.26,"","",""
http://statistics.gov.scot/id/statistical-geography/S13003103,East Kilbride West,"","","","","","","","","","","","","","","",2.14,0.72,0.00
http://statistics.gov.scot/id/statistical-geography/S13002824,East Livingston and East Calder,19.34,18.45,18.71,20.49,19.02,18.32,16.57,15.54,11.51,10.67,10.85,14.37,12.5,10.91,9.38,5.74,4.23,5.61
http://statistics.gov.scot/id/statistical-geography/S13002736,"East Mainland, South Ronaldsay and Burray",6.9,7.69,6.67,12.5,3.7,4,6.25,6.06,4.88,0,2.22,2.04,3.28,3.33,4,2.22,0,0.00
http://statistics.gov.scot/id/statistical-geography/S13002637,East Neuk and Landward,13.28,11.45,7.69,4.62,7.3,10.53,12.6,14.17,17.8,13.56,12.28,6.61,10.07,9.7,9.77,"","",""
http://statistics.gov.scot/id/statistical-geography/S13002963,East Neuk and Landward,"","","","","","","","","","","","","","","",6.3,5.74,5.13
http://statistics.gov.scot/id/statistical-geography/S13002666,East Sutherland and Edderton,23.44,17.46,19.67,17.24,25,21.05,18.18,10.94,10.61,10.45,10.67,12.99,11.69,11.84,12.5,"","",""
http://statistics.gov.scot/id/statistical-geography/S13002993,East Sutherland and Edderton,"","","","","","","","","","","","","","","",17.91,18.52,20
http://statistics.gov.scot/id/statistical-geography/S13002672,Eilean a' Chèo,15.53,17.02,14.89,9.18,5.1,8.25,8.08,10.2,11.01,11.86,10.16,7.96,4.85,3.13,1.96,"","",""
http://statistics.gov.scot/id/statistical-geography/S13002999,Eilean a' Chèo,"","","","","","","","","","","","","","","",2.94,6.38,7.45
http://statistics.gov.scot/id/statistical-geography/S13002701,Elgin City North,15.52,19.21,18.68,19.59,17.44,17.96,17.11,12.83,13.66,16.36,15.17,13.59,11.69,12.23,10.64,"","",""
http://statistics.gov.scot/id/statistical-geography/S13003029,Elgin City North,"","","","","","","","","","","","","","","",8.33,9.09,9.78
http://statistics.gov.scot/id/statistical-geography/S13002702,Elgin City South,12.73,13.73,11.59,14.97,18.24,18.79,13.9,11.96,12.56,13.9,15.17,15.71,13.95,10.59,5.36,"","",""
http://statistics.gov.scot/id/statistical-geography/S13003030,Elgin City South,"","","","","","","","","","","","","","","",5.65,4.82,3.31
http://statistics.gov.scot/id/statistical-geography/S13002497,Ellon and District,6.7,4.52,4.94,2.89,2.03,0.93,1.78,3.8,7.56,7.98,7.54,5.94,7.98,6.94,4.95,"","",""
http://statistics.gov.scot/id/statistical-geography/S13002856,Ellon and District,"","","","","","","","","","","","","","","",1.93,1.44,1.89
http://statistics.gov.scot/id/statistical-geography/S13002760,Erskine & Inchinnan,7.31,7.92,5.71,5.66,3.77,7.02,9.68,12.56,12.44,12.93,11.63,10.1,9.84,8.13,6.88,"","",""
http://statistics.gov.scot/id/statistical-geography/S13003086,Erskine and Inchinnan,"","","","","","","","","","","","","","","",2.42,2.07,2.46
http://statistics.gov.scot/id/statistical-geography/S13002573,Fa'side,16.67,12.95,13.16,12.95,17.39,18.1,18.93,15.26,12.15,9.73,11.04,14.17,13.89,13.87,10.11,"","",""
http://statistics.gov.scot/id/statistical-geography/S13002614,Falkirk North,16.61,18.93,16.78,17.18,14.6,15,12.35,14.79,16.79,18.38,15.04,12.71,10.8,11.78,9.86,"","",""
http://statistics.gov.scot/id/statistical-geography/S13002941,Falkirk North,"","","","","","","","","","","","","","","",10.02,9.28,8.79
http://statistics.gov.scot/id/statistical-geography/S13002615,Falkirk South,19.14,15.58,16.03,17.38,15.41,16.62,16.41,17.31,14.91,14.67,12.54,14.14,11.22,10.68,9.43,"","",""
http://statistics.gov.scot/id/statistical-geography/S13002942,Falkirk South,"","","","","","","","","","","","","","","",10,9.39,8.78
http://statistics.gov.scot/id/statistical-geography/S13002825,Fauldhouse and the Breich Valley,22.98,22.53,21.79,18.22,17.05,16.22,20.23,19.12,18.94,15.02,12.75,13.93,13.82,11.02,8.7,7.35,9.92,8.73
http://statistics.gov.scot/id/statistical-geography/S13002699,Fochabers Lhanbryde,17.65,19.47,13.33,15.05,10.42,11.67,10.57,10.26,11.63,14.44,14.41,11.11,9.93,9.68,13.49,"","",""
http://statistics.gov.scot/id/statistical-geography/S13003027,Fochabers Lhanbryde,"","","","","","","","","","","","","","","",13.93,10.32,6.45
http://statistics.gov.scot/id/statistical-geography/S13002510,Forfar and District,18.99,18.39,16.4,17.67,17.45,17.01,14.13,13.64,16.59,20.09,20.47,19.52,15.46,14.07,9.38,"","",""
http://statistics.gov.scot/id/statistical-geography/S13002869,Forfar and District,"","","","","","","","","","","","","","","",9.3,10.53,12.34
http://statistics.gov.scot/id/statistical-geography/S13002703,Forres,6.57,7.94,9.89,9.74,9.52,10.84,13.3,14.15,13.64,15.17,15.03,14.04,8.62,7.18,4.92,"","",""
http://statistics.gov.scot/id/statistical-geography/S13003031,Forres,"","","","","","","","","","","","","","","",5.85,6.25,6.04
http://statistics.gov.scot/id/statistical-geography/S13002683,Fort William and Ardnamurchan,18.37,16.03,13.53,14.01,12.14,12.8,12.16,11.46,12.8,11.17,11.84,13.43,13.49,14.81,10.22,"","",""
http://statistics.gov.scot/id/statistical-geography/S13003010,Fort William and Ardnamurchan,"","","","","","","","","","","","","","","",9.93,10.07,8.46
http://statistics.gov.scot/id/statistical-geography/S13002586,Forth,30.24,28.44,25.43,21.49,21.47,20.14,18.37,14.97,13.09,11.64,12.15,12.29,12.67,10,9.59,"","",""
http://statistics.gov.scot/id/statistical-geography/S13002922,Forth,"","","","","","","","","","","","","","","",6.89,7.08,6.31
http://statistics.gov.scot/id/statistical-geography/S13002808,Forth and Endrick,2.46,2.61,5.26,6.31,5.94,3.77,3.6,4.59,4,2.15,3.85,5.66,7.21,6.03,4.67,"","",""
http://statistics.gov.scot/id/statistical-geography/S13003116,Forth and Endrick,"","","","","","","","","","","","","","","",2.46,0.81,1.6
http://statistics.gov.scot/id/statistical-geography/S13002723,Fortissat,21.2,23.89,23.43,27.12,22.95,20.74,17.48,18.49,19.67,19.67,17.54,14.86,13.33,12.12,9.95,"","",""
http://statistics.gov.scot/id/statistical-geography/S13003054,Fortissat,"","","","","","","","","","","","","","","",7.96,6.51,6.83
http://statistics.gov.scot/id/statistical-geography/S13002591,Fountainbridge / Craiglockhart,5.56,4.57,3.16,1.9,2.57,2.09,4.34,4.19,5.11,3.21,2.91,1.74,1.24,0.82,1.03,"","",""
http://statistics.gov.scot/id/statistical-geography/S13002927,Fountainbridge/Craiglockhart,"","","","","","","","","","","","","","","",1.12,2.02,1.63
http://statistics.gov.scot/id/statistical-geography/S13002491,Fraserburgh and District,16.98,16.75,14.71,13.99,12.11,13.9,12.07,12.2,13.47,15.08,14.4,11.57,10.71,10.5,9.39,"","",""
http://statistics.gov.scot/id/statistical-geography/S13002850,Fraserburgh and District,"","","","","","","","","","","","","","","",9.62,11.02,10.83
http://statistics.gov.scot/id/statistical-geography/S13002763,Galashiels and District,18.14,15.94,15.53,15.09,19.62,17.22,16,14.34,16.03,16.41,16.12,15.98,15.17,12.02,10.75,10.5,11.52,9.5
http://statistics.gov.scot/id/statistical-geography/S13002653,Garscadden / Scotstounhill,20.05,20.27,16.5,21.46,22.64,21.79,16.84,15.05,15.22,14.8,12.5,11.07,9.42,9.2,7.56,"","",""
http://statistics.gov.scot/id/statistical-geography/S13002979,Garscadden/Scotstounhill,"","","","","","","","","","","","","","","",7.55,7.59,6.35
http://statistics.gov.scot/id/statistical-geography/S13003047,"Gartcosh, Glenboig and Moodiesburn","","","","","","","","","","","","","","","",4.7,3.5,3.05
http://statistics.gov.scot/id/statistical-geography/S13002483,George St / Harbour,17.43,17.82,14.77,12.64,11.11,11.21,11.41,8.82,7.88,6.79,6.34,3.79,3.58,3.06,3.58,"","",""
http://statistics.gov.scot/id/statistical-geography/S13002842,George St/Harbour,"","","","","","","","","","","","","","","",3.03,3.61,4.59
http://statistics.gov.scot/id/statistical-geography/S13002579,Giffnock and Thornliebank,3.77,4.35,4.55,4.7,6.82,7.19,4.64,3.77,2.98,4.24,3.37,2.7,1.39,0.81,1.36,"","",""
http://statistics.gov.scot/id/statistical-geography/S13002916,Giffnock and Thornliebank,"","","","","","","","","","","","","","","",1.78,2.26,1.75
http://statistics.gov.scot/id/statistical-geography/S13002786,Girvan and South Carrick,22.5,21.62,24.3,26.36,31.78,31.3,31.67,31.09,33.61,30.17,25.76,21.37,23.02,22.94,18.37,"","",""
http://statistics.gov.scot/id/statistical-geography/S13003094,Girvan and South Carrick,"","","","","","","","","","","","","","","",12.28,11.11,9.89
http://statistics.gov.scot/id/statistical-geography/S13002633,Glenrothes Central and Thornton,23.68,20.3,16.04,15.87,19.25,18.78,18.93,19,21.89,21.66,19.63,15.43,15.61,13.4,12.02,"","",""
http://statistics.gov.scot/id/statistical-geography/S13002959,Glenrothes Central and Thornton,"","","","","","","","","","","","","","","",11.4,11.82,13.61
http://statistics.gov.scot/id/statistical-geography/S13002632,"Glenrothes North, Leslie and Markinch",21.01,23.11,23.48,22.86,20.6,18.88,19.38,18.04,19.62,15.71,15.48,14.47,14.85,14.35,11.91,"","",""
http://statistics.gov.scot/id/statistical-geography/S13002958,"Glenrothes North, Leslie and Markinch","","","","","","","","","","","","","","","",10.81,10.53,12.79
http://statistics.gov.scot/id/statistical-geography/S13002631,Glenrothes West and Kinglassie,24.64,22.51,23.62,22.13,21.74,18.87,20.42,17.42,17.92,15.71,19.81,18.87,19.06,13.17,12.78,"","",""
http://statistics.gov.scot/id/statistical-geography/S13003129,Glenrothes West and Kinglassie,"","","","","","","","","","","","","","","",13.72,14.55,14.42
http://statistics.gov.scot/id/statistical-geography/S13002645,Govan,22.18,21.15,18.86,19.09,19.23,18.42,17.45,15.88,14.17,12.24,10.62,10.91,9.28,7.38,5.18,"","",""
http://statistics.gov.scot/id/statistical-geography/S13002971,Govan,"","","","","","","","","","","","","","","",4.89,4.8,6.57
http://statistics.gov.scot/id/statistical-geography/S13002610,Grangemouth,19.93,21.32,19.2,20.49,17.82,18.66,18.77,19.78,19.31,17.61,15.86,17.77,16.49,18.91,11.9,"","",""
http://statistics.gov.scot/id/statistical-geography/S13002937,Grangemouth,"","","","","","","","","","","","","","","",12.6,8.52,9.96
http://statistics.gov.scot/id/statistical-geography/S13002643,Greater Pollok,24.13,22.03,23.4,22.64,21.39,19.16,18.42,18.3,16.72,15.31,14.33,14.19,14.1,13.92,12.52,"","",""
http://statistics.gov.scot/id/statistical-geography/S13002969,Greater Pollok,"","","","","","","","","","","","","","","",8.67,5.15,3.9
http://statistics.gov.scot/id/statistical-geography/S13002575,Haddington and Lammermuir,15.82,16.89,17.12,13.28,11.59,9.46,8.86,10.88,11.84,12.5,9.09,9.89,11.63,13.51,13.04,"","",""
http://statistics.gov.scot/id/statistical-geography/S13002912,Haddington and Lammermuir,"","","","","","","","","","","","","","","",7.81,9.92,10.64
http://statistics.gov.scot/id/statistical-geography/S13002803,Hamilton North and East,11.89,12.23,15.09,17.02,17.8,16.96,14.96,11.58,9.96,9.73,10.62,8.99,9.13,8.47,7.79,"","",""
http://statistics.gov.scot/id/statistical-geography/S13003111,Hamilton North and East,"","","","","","","","","","","","","","","",5.9,5.74,6.77
http://statistics.gov.scot/id/statistical-geography/S13002805,Hamilton South,17.77,18.05,15.06,15.47,14.24,13.83,12.1,12.53,12.61,12.2,10.29,9.2,8.33,8.24,8.81,"","",""
http://statistics.gov.scot/id/statistical-geography/S13003113,Hamilton South,"","","","","","","","","","","","","","","",9.58,8.61,6.92
http://statistics.gov.scot/id/statistical-geography/S13002804,Hamilton West and Earnock,19.3,16.49,15.96,16.06,15.53,12.79,11.6,10.53,12.62,10.34,11.25,10.36,10.91,9.82,9.43,"","",""
http://statistics.gov.scot/id/statistical-geography/S13003112,Hamilton West and Earnock,"","","","","","","","","","","","","","","",8.16,9.09,5.97
http://statistics.gov.scot/id/statistical-geography/S13002770,Hawick and Denholm,23.66,25,34.04,32.99,31.07,24.75,27.18,27.1,27.52,25,23.81,23.76,22.12,18.1,15.45,14.42,9.43,10.48
http://statistics.gov.scot/id/statistical-geography/S13002771,Hawick and Hermitage,16.96,16.67,9.82,10.81,13.68,15.32,13.74,11.03,11.68,9.92,12.88,12.4,10.53,10.43,10,9.71,6.19,4.35
http://statistics.gov.scot/id/statistical-geography/S13002485,Hazlehead / Ashley / Queens Cross,3.19,2.57,1.09,1.13,1.53,1.54,1.12,1.69,1.9,2.4,1.89,1.47,0.86,0.58,1.82,"","",""
http://statistics.gov.scot/id/statistical-geography/S13002844,Hazlehead/Queens Cross/Countesswells,"","","","","","","","","","","","","","","",2.24,2.11,0.77
http://statistics.gov.scot/id/statistical-geography/S13002700,Heldon and Laich,11.64,12.57,11.38,13.77,14.38,12.94,11.83,10.93,12.76,11.35,11.62,8.76,9,9.14,11.59,"","",""
http://statistics.gov.scot/id/statistical-geography/S13003028,Heldon and Laich,"","","","","","","","","","","","","","","",11.11,8.05,5.92
http://statistics.gov.scot/id/statistical-geography/S13002525,Helensburgh Central,13.04,9.4,15.38,17.89,19.35,17.65,21.15,17.43,18.92,14.85,16.38,14.53,14.04,12.37,11.76,10.47,6.82,6.45
http://statistics.gov.scot/id/statistical-geography/S13002526,Helensburgh and Lomond South,5.63,6.41,5.13,2.33,2.53,2.53,4.69,5.56,6.74,9.57,9.8,10.34,7.14,4.94,4.05,6.45,5.68,4.6
http://statistics.gov.scot/id/statistical-geography/S13002741,Highland,5.06,2.94,3.95,4.62,5.97,8.06,7.59,8.51,9.62,11.65,11.88,9.78,8.99,4.82,4.94,"","",""
http://statistics.gov.scot/id/statistical-geography/S13003066,Highland,"","","","","","","","","","","","","","","",1.25,4.82,6.1
http://statistics.gov.scot/id/statistical-geography/S13002651,Hillhead,7.73,6.23,6.31,5.43,5.59,5.09,4.18,4.05,4.73,5.88,5,4.24,2.66,2.73,2,"","",""
http://statistics.gov.scot/id/statistical-geography/S13002977,Hillhead,"","","","","","","","","","","","","","","",2.36,1.08,1.69
http://statistics.gov.scot/id/statistical-geography/S13002480,Hilton / Woodside / Stockethill,15,17.04,20.72,24.55,23.01,19.41,15.28,13.74,11.11,8.71,7.93,8.48,9.55,7.85,5.9,"","",""
http://statistics.gov.scot/id/statistical-geography/S13002839,Hilton/Woodside/Stockethill,"","","","","","","","","","","","","","","",6.86,8.06,9.02
http://statistics.gov.scot/id/statistical-geography/S13002758,"Houston, Crosslee & Linwood",15.7,15.42,15.32,13.98,14.03,16.59,18.18,16.67,13.13,9.28,9.5,9.33,10.75,9.18,9.04,"","",""
http://statistics.gov.scot/id/statistical-geography/S13003084,"Houston, Crosslee and Linwood","","","","","","","","","","","","","","","",9.63,7.11,6.1
http://statistics.gov.scot/id/statistical-geography/S13002634,Howe of Fife and Tay Coast,10.67,10.61,11.4,8.33,6.67,7.61,7.61,10.89,7.8,8.9,6.71,8.86,8.72,9.26,6.88,"","",""
http://statistics.gov.scot/id/statistical-geography/S13002960,Howe of Fife and Tay Coast,"","","","","","","","","","","","","","","",6.77,6.45,7.08
http://statistics.gov.scot/id/statistical-geography/S13002502,"Huntly, Strathbogie and Howe of Alford",4.97,6.21,7.43,7.59,7.64,6.52,6.62,4.64,9.41,11.95,11.66,8.81,5.17,6.98,6.7,"","",""
http://statistics.gov.scot/id/statistical-geography/S13002861,"Huntly, Strathbogie and Howe of Alford","","","","","","","","","","","","","","","",9.09,7.94,7.29
http://statistics.gov.scot/id/statistical-geography/S13003013,Inverclyde Central,"","","","","","","","","","","","","","","",7.55,8.18,10.34
http://statistics.gov.scot/id/statistical-geography/S13002684,Inverclyde East,29.02,30.3,28.81,26.87,25.1,19.63,19.92,18.94,20.75,18.07,12.88,10.95,8.99,11.63,11.96,"","",""
http://statistics.gov.scot/id/statistical-geography/S13003011,Inverclyde East,"","","","","","","","","","","","","","","",8.33,8.13,6.4
http://statistics.gov.scot/id/statistical-geography/S13002685,Inverclyde East Central,27.7,26.32,25.75,24.62,24.03,20.57,19.48,18.34,17.67,17.39,14.41,16.67,15.9,12.55,9.21,"","",""
http://statistics.gov.scot/id/statistical-geography/S13003012,Inverclyde East Central,"","","","","","","","","","","","","","","",11.76,9.84,7.89
http://statistics.gov.scot/id/statistical-geography/S13002686,Inverclyde North,14.29,15.08,11.17,11.68,12.5,12.04,14.98,16.24,14.9,13.99,11.59,13.08,9.77,7.29,5.52,"","",""
http://statistics.gov.scot/id/statistical-geography/S13003014,Inverclyde North,"","","","","","","","","","","","","","","",6.92,8.54,7.33
http://statistics.gov.scot/id/statistical-geography/S13002687,Inverclyde South,25,26.37,25.79,25.13,22.65,23.03,23.31,22.94,22.02,18.52,18.02,13.71,14.29,13.37,11.76,"","",""
http://statistics.gov.scot/id/statistical-geography/S13003017,Inverclyde South,"","","","","","","","","","","","","","","",11.29,5.47,6.4
http://statistics.gov.scot/id/statistical-geography/S13002689,Inverclyde South West,24.24,30.07,28.95,26.67,20.5,20,18.18,19.39,14.94,17.58,15.72,17.02,14.18,11.3,10.58,"","",""
http://statistics.gov.scot/id/statistical-geography/S13003016,Inverclyde South West,"","","","","","","","","","","","","","","",7.89,6.98,6.06
http://statistics.gov.scot/id/statistical-geography/S13002688,Inverclyde West,9.76,8.77,11.3,12.2,13.22,12.03,12.12,7.75,8.55,10.62,11.97,10.48,7.96,6.73,5.49,"","",""
http://statistics.gov.scot/id/statistical-geography/S13003015,Inverclyde West,"","","","","","","","","","","","","","","",2.33,1.08,4.3
http://statistics.gov.scot/id/statistical-geography/S13002623,Inverkeithing and Dalgety Bay,8.33,10.75,9.47,9.62,5.98,8.64,8.44,9.3,8.99,7.04,10.04,8.71,10.18,7.44,7.73,"","",""
http://statistics.gov.scot/id/statistical-geography/S13002950,Inverkeithing and Dalgety Bay,"","","","","","","","","","","","","","","",6.16,5.76,4.42
http://statistics.gov.scot/id/statistical-geography/S13002587,Inverleith,4.26,3.6,3.35,3.98,4.19,3.72,2.95,3.57,3.38,3.5,2.94,3.16,3.32,2.07,2.3,"","",""
http://statistics.gov.scot/id/statistical-geography/S13002923,Inverleith,"","","","","","","","","","","","","","","",2.19,2.25,1.88
http://statistics.gov.scot/id/statistical-geography/S13002676,Inverness Central,32.57,30.61,27.46,23.67,23.27,22.31,26.79,22.68,22.51,17.45,18.73,19.44,18.61,16.67,14.22,"","",""
http://statistics.gov.scot/id/statistical-geography/S13003003,Inverness Central,"","","","","","","","","","","","","","","",14.04,13.66,12.72
http://statistics.gov.scot/id/statistical-geography/S13002678,Inverness Millburn,23.81,20.98,15.67,10.76,13.94,14.01,17.73,13.48,12.42,8.16,10.14,10.07,10.14,8.53,8.8,"","",""
http://statistics.gov.scot/id/statistical-geography/S13003005,Inverness Millburn,"","","","","","","","","","","","","","","",8.16,6.82,5
http://statistics.gov.scot/id/statistical-geography/S13002677,Inverness Ness-Side,14.57,11.76,10.63,8.98,10.11,11.64,13.59,11.76,13.66,11.31,12.94,11.8,10.4,7.03,6.11,"","",""
http://statistics.gov.scot/id/statistical-geography/S13003004,Inverness Ness-side,"","","","","","","","","","","","","","","",4.73,6.62,4.92
http://statistics.gov.scot/id/statistical-geography/S13002681,Inverness South,5.04,4.55,5.51,3.08,4.64,5.88,6.52,6.97,6.03,6.65,5.85,5.72,5.95,6.14,5.1,"","",""
http://statistics.gov.scot/id/statistical-geography/S13003008,Inverness South,"","","","","","","","","","","","","","","",4.41,3.12,4.17
http://statistics.gov.scot/id/statistical-geography/S13002675,Inverness West,17.83,15.45,19.2,16.52,17.12,16.04,16.67,16.67,13.18,13.95,14.81,15.75,12.77,6.38,5.76,"","",""
http://statistics.gov.scot/id/statistical-geography/S13003002,Inverness West,"","","","","","","","","","","","","","","",5.52,9.03,9.33
http://statistics.gov.scot/id/statistical-geography/S13002499,Inverurie and District,9.24,9.94,12.16,12.5,13.09,12.62,10.78,9.5,7.84,9.55,9.23,10.31,8.14,8.26,6.17,"","",""
http://statistics.gov.scot/id/statistical-geography/S13002858,Inverurie and District,"","","","","","","","","","","","","","","",4.95,2.69,3.4
http://statistics.gov.scot/id/statistical-geography/S13002705,Irvine East,17.08,18.7,14.45,15.49,15.15,18.61,20.3,20.23,19.94,19.14,16.91,14.51,14.08,13.47,16.24,"","",""
http://statistics.gov.scot/id/statistical-geography/S13003033,Irvine East,"","","","","","","","","","","","","","","",15.23,14.47,9.72
http://statistics.gov.scot/id/statistical-geography/S13003041,Irvine South,"","","","","","","","","","","","","","","",11.81,14.53,13.27
http://statistics.gov.scot/id/statistical-geography/S13002558,Irvine Valley,18.32,14.37,11.86,14.2,15.68,18.56,15.12,16.08,16.24,16.94,13.5,11.64,11.93,13.84,12.57,"","",""
http://statistics.gov.scot/id/statistical-geography/S13002897,Irvine Valley,"","","","","","","","","","","","","","","",14.19,10.96,12.4
http://statistics.gov.scot/id/statistical-geography/S13002704,Irvine West,29.08,26.94,25,21.32,23.57,25.73,27.58,27.56,24.63,23.33,19.58,19.43,16.22,11.07,12.12,"","",""
http://statistics.gov.scot/id/statistical-geography/S13003032,Irvine West,"","","","","","","","","","","","","","","",10.9,16.16,14.86
http://statistics.gov.scot/id/statistical-geography/S13002523,Isle of Bute,15.87,16.92,21.31,22.39,22.95,23.88,22.95,26.09,21.31,22.22,18.67,18.75,13.92,6.45,1.82,3.39,8.2,9.84
http://statistics.gov.scot/id/statistical-geography/S13002769,Jedburgh and District,12.22,7.41,9.52,7.69,11.43,11.27,14.46,11.22,9.47,7.14,7.5,7.41,7.07,6.06,5.71,7.06,6.67,6.67
http://statistics.gov.scot/id/statistical-geography/S13002757,"Johnstone North, Kilbarchan & Lochwinnoch",19.49,21.21,17.61,19.54,14.59,14.08,11.9,15.57,19.02,19.32,19.05,13.43,13.37,10.47,9.44,"","",""
http://statistics.gov.scot/id/statistical-geography/S13003083,"Johnstone North, Kilbarchan, Howwood and Lochwinnoch","","","","","","","","","","","","","","","",6.28,6.59,7.02
http://statistics.gov.scot/id/statistical-geography/S13003082,Johnstone South and Elderslie,"","","","","","","","","","","","","","","",7.04,7.32,5.16
http://statistics.gov.scot/id/statistical-geography/S13002756,"Johnstone South, Elderslie & Howwood",26.69,25.81,23.11,23.2,20.08,20,17.74,14.29,12,12.13,13.85,16.1,13.5,10.47,7.77,"","",""
http://statistics.gov.scot/id/statistical-geography/S13002697,Keith and Cullen,16.82,18.35,22.43,26.09,23.46,18.28,18.75,21.74,25.47,20.35,16.67,7.06,8.89,12.5,16.82,"","",""
http://statistics.gov.scot/id/statistical-geography/S13003025,Keith and Cullen,"","","","","","","","","","","","","","","",16.84,15.46,13.1
http://statistics.gov.scot/id/statistical-geography/S13002768,Kelso and District,9.78,7.69,10.91,11.01,11.02,11.11,10.78,9.26,11.3,9.3,12.2,11.5,10.89,6.8,3.7,5.56,7.69,7.06
http://statistics.gov.scot/id/statistical-geography/S13002710,Kilbirnie and Beith,21.13,22.04,18.23,21.86,21.08,25.26,23.19,20.7,18.94,17.32,17.65,14.74,16.46,13.56,13.02,"","",""
http://statistics.gov.scot/id/statistical-geography/S13003038,Kilbirnie and Beith,"","","","","","","","","","","","","","","",8.84,9.23,10.79
http://statistics.gov.scot/id/statistical-geography/S13002556,Kilmarnock East and Hurlford,19.19,20.62,20.73,20.57,18.96,15.53,16.08,12.76,13.85,13.46,14.02,13.06,12.44,12.2,14.15,"","",""
http://statistics.gov.scot/id/statistical-geography/S13002895,Kilmarnock East and Hurlford,"","","","","","","","","","","","","","","",10.19,10.94,7.69
http://statistics.gov.scot/id/statistical-geography/S13002554,Kilmarnock North,21.62,18.64,15.45,17.72,16.73,19.32,19,18.15,16.72,14.95,15.3,12.35,8.33,5.36,6.78,"","",""
http://statistics.gov.scot/id/statistical-geography/S13002893,Kilmarnock North,"","","","","","","","","","","","","","","",7.77,9.9,8.95
http://statistics.gov.scot/id/statistical-geography/S13002557,Kilmarnock South,25.14,26.01,28.57,27.81,26.67,26.06,24.71,25.14,24.26,21.21,20.62,20.1,21.78,17.53,12.28,"","",""
http://statistics.gov.scot/id/statistical-geography/S13002896,Kilmarnock South,"","","","","","","","","","","","","","","",8.19,7.74,9.74
http://statistics.gov.scot/id/statistical-geography/S13002555,Kilmarnock West and Crosshouse,13.47,13.07,11.35,8.46,10.8,11.27,14.72,11.56,12.79,11.52,11.86,9.49,9.57,8.68,8.66,"","",""
http://statistics.gov.scot/id/statistical-geography/S13002894,Kilmarnock West and Crosshouse,"","","","","","","","","","","","","","","",6.28,5.24,4.2
http://statistics.gov.scot/id/statistical-geography/S13002817,Kilpatrick,22.08,23.38,22.58,22.62,18.75,17.24,16.36,18.62,15.15,15.92,15.93,16.19,15.87,13.14,13.46,"","",""
http://statistics.gov.scot/id/statistical-geography/S13003125,Kilpatrick,"","","","","","","","","","","","","","","",12.58,11.69,10.9
http://statistics.gov.scot/id/statistical-geography/S13002712,Kilsyth,18.52,15.86,12.14,13.92,12.5,14.42,19.3,19.32,21.08,14.44,14.71,15.12,13.33,12.82,9.8,"","",""
http://statistics.gov.scot/id/statistical-geography/S13003042,Kilsyth,"","","","","","","","","","","","","","","",8.62,9.59,6.64
http://statistics.gov.scot/id/statistical-geography/S13002706,Kilwinning,18.41,17.78,17.34,20,17.67,15.59,13.73,15.99,18.3,21.26,18.15,16.96,12.5,12.72,11.38,"","",""
http://statistics.gov.scot/id/statistical-geography/S13003034,Kilwinning,"","","","","","","","","","","","","","","",10.78,10.34,9.62
http://statistics.gov.scot/id/statistical-geography/S13002488,Kincorth / Nigg / Cove,10.37,10.11,9.75,7.5,9.68,10.48,11.9,8.8,9.15,9.63,9.87,8.97,8.36,7.55,5.79,"","",""
http://statistics.gov.scot/id/statistical-geography/S13002847,Kincorth/Nigg/Cove,"","","","","","","","","","","","","","","",3.64,4.23,4.38
http://statistics.gov.scot/id/statistical-geography/S13002478,Kingswells / Sheddocksley / Summerhill,9.75,9.27,10.31,8.49,8.54,8.52,12.7,12.06,12.71,9.76,8.95,7.72,10.5,10.66,9.43,"","",""
http://statistics.gov.scot/id/statistical-geography/S13002837,Kingswells/Sheddocksley/Summerhill,"","","","","","","","","","","","","","","",5.54,3.15,3.04
http://statistics.gov.scot/id/statistical-geography/S13002745,Kinross-shire,8.97,9.27,7.97,8.7,9.09,10.58,9.52,8.21,7.14,8.16,8.16,7.41,6.56,4.96,3.2,"","",""
http://statistics.gov.scot/id/statistical-geography/S13003132,Kinross-shire,"","","","","","","","","","","","","","","",1.65,3.03,3.36
http://statistics.gov.scot/id/statistical-geography/S13002517,Kintyre and the Islands,7.25,9.52,12.5,11.32,8.7,6.38,9.09,17.02,22,16.67,10.34,8.33,7.69,5.41,3.9,3.17,4.69,1.79
http://statistics.gov.scot/id/statistical-geography/S13002629,Kirkcaldy Central,20.67,16.48,19.32,22.22,22.7,20.19,18.22,23.16,24.5,22.92,16.89,14.59,16.61,14.96,14.34,"","",""
http://statistics.gov.scot/id/statistical-geography/S13002955,Kirkcaldy Central,"","","","","","","","","","","","","","","",11.81,12.33,12.5
http://statistics.gov.scot/id/statistical-geography/S13002630,Kirkcaldy East,23.11,22.22,20.3,25.27,23.78,20.5,15.25,15.33,15.33,16.3,16.73,16.73,17.56,16.29,16.4,"","",""
http://statistics.gov.scot/id/statistical-geography/S13002956,Kirkcaldy East,"","","","","","","","","","","","","","","",13.41,13.7,14.47
http://statistics.gov.scot/id/statistical-geography/S13002628,Kirkcaldy North,19.68,17.95,17.59,15.47,13.33,13.71,17.7,16.47,14.59,14.62,14.86,14.49,11.11,11.65,11.01,"","",""
http://statistics.gov.scot/id/statistical-geography/S13002954,Kirkcaldy North,"","","","","","","","","","","","","","","",9.65,7,8.37
http://statistics.gov.scot/id/statistical-geography/S13002907,Kirkintilloch East and North and Twechar,"","","","","","","","","","","","","","","",8.79,7.27,5
http://statistics.gov.scot/id/statistical-geography/S13002569,Kirkintilloch East and Twechar,21.23,17.22,13.81,16.57,17.39,20.74,19.13,21.2,21.28,20,14.85,12.3,10.67,11.24,9.66,"","",""
http://statistics.gov.scot/id/statistical-geography/S13002732,Kirkwall East,4.17,11.63,11.54,18.03,19.05,19.05,19.05,15.63,17.39,11.76,10.53,9.09,11.11,7.58,3.95,1.35,1.52,1.92
http://statistics.gov.scot/id/statistical-geography/S13002733,Kirkwall West and Orphir,10.71,6.25,7.69,12.77,9.09,8,2.08,3.7,5.66,9.43,10.87,11.9,10.81,8.33,7.89,6.52,9.26,5.88
http://statistics.gov.scot/id/statistical-geography/S13002508,Kirriemuir and Dean,13.74,13.28,14.96,11.2,13.1,11.27,14.77,12.41,15.17,14.4,15.13,10.43,8.33,5.22,6.25,"","",""
http://statistics.gov.scot/id/statistical-geography/S13002867,Kirriemuir and Dean,"","","","","","","","","","","","","","","",6.03,5.66,4.85
http://statistics.gov.scot/id/statistical-geography/S13002784,Kyle,15.07,16.8,17.6,13.89,12.8,12.27,13.46,17.31,17.47,15.85,12.28,10.18,9.92,9.4,7.32,"","",""
http://statistics.gov.scot/id/statistical-geography/S13003092,Kyle,"","","","","","","","","","","","","","","",7.26,4.62,3.77
http://statistics.gov.scot/id/statistical-geography/S13002665,Landward Caithness,13.71,12.75,10.91,13.76,10,9.45,8.87,10.48,9.68,11.48,10.81,11.21,9.62,11.88,11,"","",""
http://statistics.gov.scot/id/statistical-geography/S13002647,Langside,4.68,4.11,4.24,4.02,5.64,5.05,4.47,3.47,3.04,3.3,3.53,3.49,3.37,2.46,1.81,"","",""
http://statistics.gov.scot/id/statistical-geography/S13002973,Langside,"","","","","","","","","","","","","","","",2.63,1.84,2.03
http://statistics.gov.scot/id/statistical-geography/S13002806,Larkhall,13.59,16.55,19.43,17.04,15.27,13.85,14.39,14.39,14.54,14.38,13.48,12.88,12.85,12.85,11.98,"","",""
http://statistics.gov.scot/id/statistical-geography/S13003114,Larkhall,"","","","","","","","","","","","","","","",13.6,12.03,10
http://statistics.gov.scot/id/statistical-geography/S13002765,Leaderdale and Melrose,5.83,7.34,9.57,12.15,13.22,13.82,10.45,8.76,6.87,8.73,6.4,4.35,3.74,4.49,3.88,3.09,3.16,4.65
http://statistics.gov.scot/id/statistical-geography/S13002595,Leith,14.86,13.45,11.47,10.68,9.92,7.54,7.19,7.45,6.13,5.55,3.81,3.85,4.09,4.06,3.84,"","",""
http://statistics.gov.scot/id/statistical-geography/S13002931,Leith,"","","","","","","","","","","","","","","",2.67,2.14,2.28
http://statistics.gov.scot/id/statistical-geography/S13002594,Leith Walk,8.9,8.05,8.42,7.32,6.95,5.03,4.06,3.45,2.77,2.15,0.87,1.17,1.76,2.39,2.8,"","",""
http://statistics.gov.scot/id/statistical-geography/S13002930,Leith Walk,"","","","","","","","","","","","","","","",2.48,3.04,2
http://statistics.gov.scot/id/statistical-geography/S13002568,Lenzie and Kirkintilloch South,9.2,12.26,10.69,11.31,10.06,10.29,8.77,9.47,9.71,9.94,10.22,10.34,7.69,4.42,2.26,"","",""
http://statistics.gov.scot/id/statistical-geography/S13002906,Lenzie and Kirkintilloch South,"","","","","","","","","","","","","","","",4.32,4.19,4.86
http://statistics.gov.scot/id/statistical-geography/S13002777,Lerwick North,13.95,15.91,8.89,9.8,8.7,11.9,13.51,19.23,15.38,12.7,9.68,8.82,11.27,6.12,6.45,5.56,10,13.04
http://statistics.gov.scot/id/statistical-geography/S13002778,Lerwick South,13.16,12,10.26,6.98,13.79,14.29,19.44,7.69,8.4,6.12,8.97,6.29,5.23,3.14,5.98,6.86,6.25,3.13
http://statistics.gov.scot/id/statistical-geography/S13002815,Leven,27.52,27.04,24.15,17.89,16.9,18.58,17.23,17.05,15.55,18.24,18.24,15.82,12.73,13.2,13.1,"","",""
http://statistics.gov.scot/id/statistical-geography/S13003123,Leven,"","","","","","","","","","","","","","","",11.42,10.56,10.03
http://statistics.gov.scot/id/statistical-geography/S13002639,"Leven, Kennoway and Largo",17.18,16.91,16.82,17.39,19.34,17.33,15.18,14.16,15.97,18.11,17.15,16.36,15,14.4,12.24,"","",""
http://statistics.gov.scot/id/statistical-geography/S13002965,"Leven, Kennoway and Largo","","","","","","","","","","","","","","","",11.06,9.55,11.39
http://statistics.gov.scot/id/statistical-geography/S13002598,Liberton / Gilmerton,21.98,21.05,18.58,17.77,17.4,18.29,16.95,16.23,15.28,15.08,12.74,11.04,10.96,11.29,9.42,"","",""
http://statistics.gov.scot/id/statistical-geography/S13002934,Liberton/Gilmerton,"","","","","","","","","","","","","","","",6.75,6.39,5.96
http://statistics.gov.scot/id/statistical-geography/S13002820,Linlithgow,4.98,4.93,4.82,3.67,4.27,4.52,8.29,7.62,7.02,3.66,4.35,3.92,6.86,5.38,4.24,2.59,1.65,1.72
http://statistics.gov.scot/id/statistical-geography/S13002641,Linn,29.51,28.54,23.78,19.86,19.04,19.82,18.1,16,13.61,12.8,11.93,11.91,9.61,9.68,9.25,"","",""
http://statistics.gov.scot/id/statistical-geography/S13002967,Linn,"","","","","","","","","","","","","","","",10.44,9.41,9.62
http://statistics.gov.scot/id/statistical-geography/S13002822,Livingston North,13.38,13.3,16.88,16.77,15.24,13.36,13.07,14.06,11.01,10.05,9.4,13.36,13.46,11.21,11.74,8.13,6.5,2.9
http://statistics.gov.scot/id/statistical-geography/S13002823,Livingston South,16.5,17.75,14.81,16.11,14.75,15.19,15.31,16.79,16.28,14.21,12.42,10.31,11.58,10.11,9.42,8.29,7.85,6.76
http://statistics.gov.scot/id/statistical-geography/S13002607,Loch a Tuath,10.81,6.67,9.09,7.14,8.82,11.11,10,20.69,16.13,22.22,16.67,14.71,11.9,5.71,12.9,13.33,14.81,6.9
http://statistics.gov.scot/id/statistical-geography/S13002540,Lochar,11.95,11.95,10.2,11.46,10.98,11.54,12.94,15.29,14.84,10.76,7.41,6.12,5.52,6.04,5,"","",""
http://statistics.gov.scot/id/statistical-geography/S13002887,Lochar,"","","","","","","","","","","","","","","",4.96,3.14,2.6
http://statistics.gov.scot/id/statistical-geography/S13002546,Lochee,32.85,31.98,29.62,24.56,20.95,21.22,18.44,21.55,19.79,21.53,18.73,18.02,17.54,15.69,14.46,14.1,15.95,14.19
http://statistics.gov.scot/id/statistical-geography/S13002626,Lochgelly and Cardenden,23.86,23.6,23.03,21.33,23.38,19.77,20.94,17.95,17.62,17.31,18.75,19.18,18.88,16.23,14.53,"","",""
http://statistics.gov.scot/id/statistical-geography/S13003130,"Lochgelly, Cardenden and Benarty","","","","","","","","","","","","","","","",15.44,18.46,16.99
http://statistics.gov.scot/id/statistical-geography/S13002814,Lomond,17.53,14.86,11.54,13.85,17.7,18.52,16.18,16.56,14.56,15.38,14.2,16.46,14.74,12.93,11.64,"","",""
http://statistics.gov.scot/id/statistical-geography/S13003122,Lomond,"","","","","","","","","","","","","","","",13.04,10.29,10
http://statistics.gov.scot/id/statistical-geography/S13002524,Lomond North,7.95,12.2,10.96,11.11,9.46,9.88,10.53,12.09,14.89,13.27,11.46,8.54,7.69,7.69,8.77,8.47,3.08,4.29
http://statistics.gov.scot/id/statistical-geography/S13002616,Lower Braes,13.89,11.9,12.29,7.88,8.29,9.3,10.19,10.48,8.1,6.28,6.01,6.73,6.93,6.44,4.28,"","",""
http://statistics.gov.scot/id/statistical-geography/S13002943,Lower Braes,"","","","","","","","","","","","","","","",4.14,2.12,2.96
http://statistics.gov.scot/id/statistical-geography/S13002484,Lower Deeside,2.63,3.23,2.78,3.33,3.82,4.43,3.36,3.7,4.22,3.43,2.44,0.64,0.62,1.23,1.22,"","",""
http://statistics.gov.scot/id/statistical-geography/S13002843,Lower Deeside,"","","","","","","","","","","","","","","",1.26,0.65,2.07
http://statistics.gov.scot/id/statistical-geography/S13002549,Maryfield,19.35,22.65,25,21.69,14.81,12.43,11.2,11.11,11.56,12.17,13.64,12.04,11.14,10.09,9.48,9.51,10.59,11.66
http://statistics.gov.scot/id/statistical-geography/S13002981,Maryhill,"","","","","","","","","","","","","","","",7.88,7.02,5.34
http://statistics.gov.scot/id/statistical-geography/S13002655,Maryhill / Kelvin,19.02,19.16,17.89,20.07,19.11,20.22,17.48,18.26,16.51,14.21,11.83,10.97,10.91,10.26,9.54,"","",""
http://statistics.gov.scot/id/statistical-geography/S13002785,"Maybole, North Carrick and Coylton",17.71,18.33,18.13,16.15,15.82,14.01,15.72,10.73,12.37,11.47,11.71,11.06,9.84,10.75,10.92,"","",""
http://statistics.gov.scot/id/statistical-geography/S13003093,"Maybole, North Carrick and Coylton","","","","","","","","","","","","","","","",13.1,10,6.52
http://statistics.gov.scot/id/statistical-geography/S13002592,Meadows / Morningside,2.09,2.15,2.5,1.58,1.85,1.71,1.65,1.04,0.7,0.49,0.91,1.28,1.71,1.56,2.35,"","",""
http://statistics.gov.scot/id/statistical-geography/S13002507,Mearns,10.26,10.96,11.72,10.67,9.04,7.19,9.55,10.11,10.17,6.42,7.57,5.53,5.66,3.62,4.13,"","",""
http://statistics.gov.scot/id/statistical-geography/S13002866,Mearns,"","","","","","","","","","","","","","","",3.94,3.05,2.89
http://statistics.gov.scot/id/statistical-geography/S13002518,Mid Argyll,8.89,7.79,10.17,7.58,9.52,9.57,10.47,7.79,10.98,12.33,10.99,10.87,10.91,10.42,7.61,3.37,4.35,5.81
http://statistics.gov.scot/id/statistical-geography/S13002766,Mid Berwickshire,11,13.13,13.19,16.67,16.28,10.19,6.03,5.98,8.51,12.66,14.29,13.83,10.34,9.32,8.4,10.71,6.9,5.26
http://statistics.gov.scot/id/statistical-geography/S13002496,Mid Formartine,5.82,4.23,2.96,4.37,4.05,6.61,4.37,3.79,2.01,1.85,3.36,3.21,4.46,2.02,2.66,"","",""
http://statistics.gov.scot/id/statistical-geography/S13002855,Mid Formartine,"","","","","","","","","","","","","","","",2.07,3.15,4.33
http://statistics.gov.scot/id/statistical-geography/S13002534,Mid Galloway,25.69,26.67,26.85,22.33,23.96,16.13,16.16,13.76,17.95,17.07,18.7,22.03,24.79,22.12,16.07,"","",""
http://statistics.gov.scot/id/statistical-geography/S13002881,Mid Galloway and Wigtown West,"","","","","","","","","","","","","","","",9.76,9.4,5.71
http://statistics.gov.scot/id/statistical-geography/S13002539,Mid and Upper Nithsdale,20.59,16.67,13.95,13.97,15,17.27,17.99,19.85,15.67,19.2,16.67,19.51,16.22,15.53,13.83,"","",""
http://statistics.gov.scot/id/statistical-geography/S13002886,Mid and Upper Nithsdale,"","","","","","","","","","","","","","","",12.36,10.75,10
http://statistics.gov.scot/id/statistical-geography/S13002694,Midlothian East,21.43,18.13,15.23,13.92,15.47,16.27,15.69,17.62,14.29,14.78,13.3,19.12,15.87,12.61,10.07,"","",""
http://statistics.gov.scot/id/statistical-geography/S13003022,Midlothian East,"","","","","","","","","","","","","","","",9.27,6.92,4.35
http://statistics.gov.scot/id/statistical-geography/S13002695,Midlothian South,18.8,19.46,21.69,19.79,17.49,14.84,17.37,16.5,14.42,12.04,10.64,11.83,10.81,12.24,14.08,"","",""
http://statistics.gov.scot/id/statistical-geography/S13003023,Midlothian South,"","","","","","","","","","","","","","","",12.12,10.24,6.01
http://statistics.gov.scot/id/statistical-geography/S13002693,Midlothian West,15.18,15.85,13.61,12.27,9.09,9.62,10.3,10.8,11.33,11.11,13.99,15.74,13.68,11.21,7.04,"","",""
http://statistics.gov.scot/id/statistical-geography/S13003021,Midlothian West,"","","","","","","","","","","","","","","",7.09,4.76,4.73
http://statistics.gov.scot/id/statistical-geography/S13002482,Midstocket / Rosemount,8.13,8.49,6.9,6.25,5.03,6.53,5.36,4.1,2.29,1.54,1.69,1.85,2.91,3.11,2.99,"","",""
http://statistics.gov.scot/id/statistical-geography/S13002841,Midstocket/Rosemount,"","","","","","","","","","","","","","","",0.81,2.13,1.88
http://statistics.gov.scot/id/statistical-geography/S13002562,Milngavie,6.58,4.59,3.9,3.92,8.51,7.46,8.22,8.14,6.58,5.38,4.59,6.06,5,4.65,4.96,"","",""
http://statistics.gov.scot/id/statistical-geography/S13002901,Milngavie,"","","","","","","","","","","","","","","",6.14,5.13,2.91
http://statistics.gov.scot/id/statistical-geography/S13002829,Monifeith and Sidlaw,8.88,7.74,6.25,5.26,4.2,2.59,2.95,3.91,5.14,3.95,2.92,2.89,4.43,4.55,3.47,"","",""
http://statistics.gov.scot/id/statistical-geography/S13002870,Monifieth and Sidlaw,"","","","","","","","","","","","","","","",2.8,1.44,4.9
http://statistics.gov.scot/id/statistical-geography/S13002515,Montrose and District,15.38,11.96,14.81,16.15,15.28,13.48,13.02,12.2,14.02,11.61,12.45,8.73,10.04,9.13,9.65,"","",""
http://statistics.gov.scot/id/statistical-geography/S13002874,Montrose and District,"","","","","","","","","","","","","","","",8.05,7.07,8.62
http://statistics.gov.scot/id/statistical-geography/S13002928,Morningside,"","","","","","","","","","","","","","","",0.84,0.39,0.38
http://statistics.gov.scot/id/statistical-geography/S13002726,Mossend and Holytown,21.72,21.72,21.14,20.08,19.42,19.72,20.55,21.99,23.11,21.24,19.21,17.14,14.58,11.96,9.95,"","",""
http://statistics.gov.scot/id/statistical-geography/S13003057,Mossend and Holytown,"","","","","","","","","","","","","","","",9.89,9.22,11.9
http://statistics.gov.scot/id/statistical-geography/S13002728,Motherwell North,20.64,20.98,19.24,17.99,15.66,17.83,16.25,14.94,13.31,11.08,11.36,10.79,9.06,9.96,9.81,"","",""
http://statistics.gov.scot/id/statistical-geography/S13003059,Motherwell North,"","","","","","","","","","","","","","","",11.76,14.19,13.12
http://statistics.gov.scot/id/statistical-geography/S13002729,Motherwell South East and Ravenscraig,23.55,21.48,17.8,17.05,17.21,20.9,22.39,19.35,15.08,11.51,12.11,12.42,13.2,13.31,11.74,"","",""
http://statistics.gov.scot/id/statistical-geography/S13003060,Motherwell South East and Ravenscraig,"","","","","","","","","","","","","","","",12.02,9.56,10.49
http://statistics.gov.scot/id/statistical-geography/S13002727,Motherwell West,20.09,20.16,19.11,20.09,20.64,22.07,18.22,16.07,14.41,13.6,12.12,10.96,9.95,7.62,8.33,"","",""
http://statistics.gov.scot/id/statistical-geography/S13003058,Motherwell West,"","","","","","","","","","","","","","","",10,10.49,10.32
http://statistics.gov.scot/id/statistical-geography/S13002730,Murdostoun,18.58,17.18,19.84,17.56,20,16.74,17.04,14.04,14.18,16.94,16.79,16.94,12.18,11.45,8.39,"","",""
http://statistics.gov.scot/id/statistical-geography/S13003061,Murdostoun,"","","","","","","","","","","","","","","",10.11,7.56,6.71
http://statistics.gov.scot/id/statistical-geography/S13002908,Musselburgh,"","","","","","","","","","","","","","","",5.88,5.73,8.06
http://statistics.gov.scot/id/statistical-geography/S13002571,Musselburgh East and Carberry,20.97,19.75,21.74,15.97,16.9,17.75,18.28,17.11,13.72,14.57,14.89,17.09,19.84,22.54,18.4,"","",""
http://statistics.gov.scot/id/statistical-geography/S13002570,Musselburgh West,6.77,6.56,5.85,5.66,10.18,11.63,12.3,12.83,12.43,12.5,9.6,10.42,6.06,3.03,2.63,"","",""
http://statistics.gov.scot/id/statistical-geography/S13002602,Na Hearadh agus Ceann a Deas nan Loch,0,0,7.14,7.14,17.65,17.65,26.32,21.43,31.25,23.08,16.67,6.25,4.76,5.88,0,0,0,0.00
http://statistics.gov.scot/id/statistical-geography/S13002680,Nairn,14.41,17.7,19.19,21.65,15.04,12.61,9.85,10.2,10.06,13.33,14.01,13.51,14.5,15.63,14.39,"","",""
http://statistics.gov.scot/id/statistical-geography/S13003007,Nairn and Cawdor,"","","","","","","","","","","","","","","",9.4,7.58,7.32
http://statistics.gov.scot/id/statistical-geography/S13002577,"Neilston, Uplawmoor and Newton Mearns North",6.45,5.58,4.98,6.69,6.17,5.38,6.09,8.18,8.48,7.08,5.7,4.52,2.71,1.21,1.22,"","",""
http://statistics.gov.scot/id/statistical-geography/S13002580,"Netherlee, Stamperland and Williamwood",2.45,0.65,0,0.77,0.74,2.21,2.47,3.97,2.41,1.33,1.25,2.9,3.62,2.29,0.65,"","",""
http://statistics.gov.scot/id/statistical-geography/S13002642,Newlands / Auldburn,16.67,13.86,14.88,15.9,17.44,14.83,11.65,9.63,11.17,12.11,10.48,8.53,7.52,7.77,7.62,"","",""
http://statistics.gov.scot/id/statistical-geography/S13002968,Newlands/Auldburn,"","","","","","","","","","","","","","","",7.74,6.55,6.7
http://statistics.gov.scot/id/statistical-geography/S13002915,Newton Mearns North and Neilston,"","","","","","","","","","","","","","","",1.49,0.96,0.89
http://statistics.gov.scot/id/statistical-geography/S13002581,Newton Mearns South,1.54,2.33,1.6,1.85,0.98,3,2.88,4.04,2.08,2.2,1.11,1.05,1.2,0,0,"","",""
http://statistics.gov.scot/id/statistical-geography/S13002918,Newton Mearns South and Eaglesham,"","","","","","","","","","","","","","","",1.81,1.7,1.13
http://statistics.gov.scot/id/statistical-geography/S13002541,Nith,16.33,16.56,12.85,9.52,11.24,15.64,15.58,16.24,15.31,16.58,10.34,9.27,9.68,12.99,10.13,"","",""
http://statistics.gov.scot/id/statistical-geography/S13002888,Nith,"","","","","","","","","","","","","","","",10.49,12.42,11.73
http://statistics.gov.scot/id/statistical-geography/S13002574,North Berwick Coastal,10.31,9.76,7.95,5.32,7,10.2,9.09,6.93,4.59,5.1,5.81,6.25,3.7,4.26,7.14,"","",""
http://statistics.gov.scot/id/statistical-geography/S13002911,North Berwick Coastal,"","","","","","","","","","","","","","","",7.41,12.77,3.85
http://statistics.gov.scot/id/statistical-geography/S13002711,North Coast and Cumbraes,8.72,10.24,9.64,11.11,10.07,11.89,11.35,8.72,9.93,14.38,16.67,13.97,9.35,8.89,7.75,"","",""
http://statistics.gov.scot/id/statistical-geography/S13003039,North Coast and Cumbraes,"","","","","","","","","","","","","","","",6.42,6.25,6.54
http://statistics.gov.scot/id/statistical-geography/S13002830,North East,30.87,31.34,30.5,24.92,21.33,19.75,21.62,24.32,24.12,24.62,22.12,21.12,16.23,17.07,15.42,15.42,16.92,16.39
http://statistics.gov.scot/id/statistical-geography/S13002834,North East,26.65,26.14,22.98,22.02,22.07,21.01,19.58,17.66,17.15,15.1,14.35,14.46,13.07,11.52,9.47,"","",""
http://statistics.gov.scot/id/statistical-geography/S13003133,North East,"","","","","","","","","","","","","","","",9.8,9.27,8.13
http://statistics.gov.scot/id/statistical-geography/S13002737,North Isles,14.29,27.27,25,11.76,11.11,5.26,15.79,13.04,15,9.52,15,14.29,11.76,6.67,5.56,9.52,5.88,7.14
http://statistics.gov.scot/id/statistical-geography/S13002772,North Isles,0,8.7,7.69,7.69,3.03,11.43,11.9,12.82,5,4.55,4.26,7.14,5.26,5.36,7.69,9.09,8.33,0.00
http://statistics.gov.scot/id/statistical-geography/S13002505,North Kincardine,8.29,8.21,8.21,8.99,8.46,8.7,6.63,5.17,3.93,4.06,6.09,4.29,2.84,1.24,1.96,"","",""
http://statistics.gov.scot/id/statistical-geography/S13002864,North Kincardine,"","","","","","","","","","","","","","","",1.81,2.14,1.58
http://statistics.gov.scot/id/statistical-geography/S13002538,North West Dumfries,31.19,30.05,29.28,24.8,25.86,24.83,26.42,25.4,22.5,21.14,19.76,18.57,15.67,13.71,13.57,"","",""
http://statistics.gov.scot/id/statistical-geography/S13002885,North West Dumfries,"","","","","","","","","","","","","","","",16.02,13.27,13.33
http://statistics.gov.scot/id/statistical-geography/S13002662,"North, West and Central Sutherland",9.52,9.09,10.87,14.89,15.22,19.05,16.33,16.67,15.56,13.95,9.76,4.88,4.55,5.45,7.02,"","",""
http://statistics.gov.scot/id/statistical-geography/S13002990,"North, West and Central Sutherland","","","","","","","","","","","","","","","",8.16,13.51,15.15
http://statistics.gov.scot/id/statistical-geography/S13002479,Northfield / Mastrick North,32.26,36.5,36.29,32.17,32.95,32.39,34.95,31.39,28.62,25.24,23.42,22.46,20.99,16.82,14.42,"","",""
http://statistics.gov.scot/id/statistical-geography/S13002838,Northfield/Mastrick North,"","","","","","","","","","","","","","","",12.73,12.78,11.99
http://statistics.gov.scot/id/statistical-geography/S13002520,Oban North and Lorn,13.33,10.87,11.63,11.54,13.64,13.33,11.93,13.64,10.81,11.29,9.16,10.64,11.59,10.42,10.22,8.26,9.17,7.21
http://statistics.gov.scot/id/statistical-geography/S13002519,Oban South and the Isles,17.7,15.63,16.47,13.25,12.05,11.96,16.67,18.1,16.95,10.69,5.26,4.58,6.9,9.15,8.39,9.09,7.3,7.3
http://statistics.gov.scot/id/statistical-geography/S13002752,Paisley East & Ralston,10.78,13.68,15.38,13.81,11.03,7.01,7.66,6.76,9.12,8.73,10.04,8.61,6.72,4.87,4.38,"","",""
http://statistics.gov.scot/id/statistical-geography/S13003079,Paisley East and Central,"","","","","","","","","","","","","","","",9.29,9.69,6.84
http://statistics.gov.scot/id/statistical-geography/S13002753,Paisley North West,21.97,22.86,22.35,21.73,21.08,17.73,17.98,16.04,15.24,13.93,13.38,12.65,11.82,10.72,9.5,"","",""
http://statistics.gov.scot/id/statistical-geography/S13003077,Paisley Northeast and Ralston,"","","","","","","","","","","","","","","",4.52,5.77,4.49
http://statistics.gov.scot/id/statistical-geography/S13003078,Paisley Northwest,"","","","","","","","","","","","","","","",8.13,7.53,10.77
http://statistics.gov.scot/id/statistical-geography/S13002754,Paisley South,18.73,19.4,13.85,11.79,15,14.9,15.24,13.77,15.19,15.25,12.91,11.56,9.26,7.56,6.94,"","",""
http://statistics.gov.scot/id/statistical-geography/S13002755,Paisley South West,20.61,19.85,17.74,20.8,21.77,22.76,18.66,16.17,16.12,17.09,16.46,11.86,9.05,8.11,11,"","",""
http://statistics.gov.scot/id/statistical-geography/S13003080,Paisley Southeast,"","","","","","","","","","","","","","","",4.79,4.46,3.62
http://statistics.gov.scot/id/statistical-geography/S13003081,Paisley Southwest,"","","","","","","","","","","","","","","",9.86,7.56,4.37
http://statistics.gov.scot/id/statistical-geography/S13002989,Partick East/Kelvindale,"","","","","","","","","","","","","","","",0.24,0.25,0.24
http://statistics.gov.scot/id/statistical-geography/S13002652,Partick West,4.11,3.85,3.09,2.35,3.87,5.75,5.3,4.94,4.53,4.11,3.54,3.06,2.51,1.99,1.97,"","",""
http://statistics.gov.scot/id/statistical-geography/S13002690,Penicuik,15.47,17.02,15.22,14.04,9.4,10.65,11.05,12.25,12.63,13.07,11.49,9.4,5.15,9.47,12.04,"","",""
http://statistics.gov.scot/id/statistical-geography/S13003018,Penicuik,"","","","","","","","","","","","","","","",11.93,9.71,3.85
http://statistics.gov.scot/id/statistical-geography/S13002584,Pentland Hills,15.71,16.82,15.18,17.52,15.2,16.79,12.46,10.58,7.01,8,5.6,9.09,9.03,11.54,8.43,"","",""
http://statistics.gov.scot/id/statistical-geography/S13002920,Pentland Hills,"","","","","","","","","","","","","","","",10.34,11.3,9.32
http://statistics.gov.scot/id/statistical-geography/S13002749,Perth City Centre,23.51,19.11,17.43,15.56,15.76,15.79,14.61,15.14,14.92,14.71,12.3,11.9,13.67,12.81,10.55,"","",""
http://statistics.gov.scot/id/statistical-geography/S13003074,Perth City Centre,"","","","","","","","","","","","","","","",6.67,8.18,6.33
http://statistics.gov.scot/id/statistical-geography/S13002748,Perth City North,21.16,20.72,21.32,21.98,24.44,23.96,20.48,19.86,19.02,19.05,15.18,15.14,12.28,13.54,13.52,"","",""
http://statistics.gov.scot/id/statistical-geography/S13003073,Perth City North,"","","","","","","","","","","","","","","",14.51,10.98,10.26
http://statistics.gov.scot/id/statistical-geography/S13002747,Perth City South,7,8.04,7.45,6.37,6.25,8.26,7.59,8.15,9.61,10.78,9.42,7.32,6.83,5.7,4.24,"","",""
http://statistics.gov.scot/id/statistical-geography/S13003072,Perth City South,"","","","","","","","","","","","","","","",6.93,5.38,4.4
http://statistics.gov.scot/id/statistical-geography/S13002493,Peterhead North and Rattray,18.1,17.67,17,17.6,13.85,13.5,13.49,16.91,14.29,13.77,12.59,12.95,14.77,12.35,12.45,"","",""
http://statistics.gov.scot/id/statistical-geography/S13002852,Peterhead North and Rattray,"","","","","","","","","","","","","","","",11.98,12.07,8.41
http://statistics.gov.scot/id/statistical-geography/S13002494,Peterhead South and Cruden,10.88,10.31,10.67,12.43,12.35,14.2,12.57,15.64,14.69,13.87,13.26,13.27,11.01,9.21,8.33,"","",""
http://statistics.gov.scot/id/statistical-geography/S13002853,Peterhead South and Cruden,"","","","","","","","","","","","","","","",6.91,4.52,3.5
http://statistics.gov.scot/id/statistical-geography/S13002646,Pollokshields,6.47,5.7,5.66,6.21,7.84,7.02,6.13,4.23,3.67,3.41,2.44,2.33,2.03,3.15,3.7,"","",""
http://statistics.gov.scot/id/statistical-geography/S13002972,Pollokshields,"","","","","","","","","","","","","","","",3.3,2.14,1.14
http://statistics.gov.scot/id/statistical-geography/S13002599,Portobello / Craigmillar,22.65,20.05,20.97,19.83,20.98,20.05,18.01,14.89,13.37,13.15,12.14,10.59,8.03,10.34,12.23,"","",""
http://statistics.gov.scot/id/statistical-geography/S13002935,Portobello/Craigmillar,"","","","","","","","","","","","","","","",10.53,7.61,6.38
http://statistics.gov.scot/id/statistical-geography/S13002572,Preston / Seton / Gosford,16.81,16.88,15.88,14.35,14.77,17.03,15.48,13.52,11.49,12.87,14.69,14,13.33,8.06,8.55,"","",""
http://statistics.gov.scot/id/statistical-geography/S13002909,"Preston, Seton and Gosford","","","","","","","","","","","","","","","",7.84,7.38,7.97
http://statistics.gov.scot/id/statistical-geography/S13002780,Prestwick,9.88,8.33,8.13,7.59,9.83,11.86,12.57,13.58,12.66,12.27,10.78,7.69,6.88,5,8.18,"","",""
http://statistics.gov.scot/id/statistical-geography/S13003088,Prestwick,"","","","","","","","","","","","","","","",6.06,6.1,3.73
http://statistics.gov.scot/id/statistical-geography/S13002750,Renfrew North,11.22,13.61,13.46,12.5,12.9,13.3,14.37,12.43,11.76,8.41,7.69,7.73,8.48,6.51,4.88,"","",""
http://statistics.gov.scot/id/statistical-geography/S13003075,Renfrew North and Braehead,"","","","","","","","","","","","","","","",2.4,1.54,1.06
http://statistics.gov.scot/id/statistical-geography/S13002751,Renfrew South & Gallowhill,19.9,18.69,15.58,17.45,19.48,19.28,18.14,17.39,17.15,14.22,10.68,10.05,11.11,10.18,9.47,"","",""
http://statistics.gov.scot/id/statistical-geography/S13003076,Renfrew South and Gallowhill,"","","","","","","","","","","","","","","",9.27,8.61,6.38
http://statistics.gov.scot/id/statistical-geography/S13002622,Rosyth,19.79,18.39,15.7,17.02,17.73,15.32,14.58,12.81,14.89,14.4,15.5,15,14.1,12.04,9.85,"","",""
http://statistics.gov.scot/id/statistical-geography/S13002949,Rosyth,"","","","","","","","","","","","","","","",10.23,9.5,7.54
http://statistics.gov.scot/id/statistical-geography/S13002798,Rutherglen Central and North,11.4,11.44,11.33,11.94,12.02,11.43,11.92,11.52,10.7,10.5,9.75,9.68,8.33,6.34,7.48,"","",""
http://statistics.gov.scot/id/statistical-geography/S13003106,Rutherglen Central and North,"","","","","","","","","","","","","","","",6.97,10.09,9.74
http://statistics.gov.scot/id/statistical-geography/S13002797,Rutherglen South,19.9,19.63,17.54,16.75,14.71,11.17,10.76,8.72,8.97,7.36,8.86,9.09,11.61,13.15,13.07,"","",""
http://statistics.gov.scot/id/statistical-geography/S13003105,Rutherglen South,"","","","","","","","","","","","","","","",10.81,7.42,6.47
http://statistics.gov.scot/id/statistical-geography/S13003040,Saltcoats,"","","","","","","","","","","","","","","",13.82,14.39,12.6
http://statistics.gov.scot/id/statistical-geography/S13002707,Saltcoats and Stevenston,24.48,27.24,28.47,30.28,24.41,26.84,26.11,25.58,23.08,26.28,27.39,24.91,19.5,17.98,17.41,"","",""
http://statistics.gov.scot/id/statistical-geography/S13002764,Selkirkshire,14.04,10.92,9.73,10.42,14.58,16.38,16.91,14.93,12.6,9.6,8.8,6.19,5.45,3.92,5.32,8.05,7.07,6.86
http://statistics.gov.scot/id/statistical-geography/S13002603,Sgir'Uige agus Ceann a Tuath nan Loch,6.9,7.14,3.13,0,4.55,12.5,10.34,9.38,5.71,6.9,3.33,6.45,2.5,3.03,0,0,0,0.00
http://statistics.gov.scot/id/statistical-geography/S13002604,Sgire an Rubha,12,6.9,6.45,6.67,8,20,19.23,12.9,3.85,4.17,0,5.88,6.67,10,13.04,13.04,13.64,5.26
http://statistics.gov.scot/id/statistical-geography/S13002775,Shetland Central,20.59,15.38,10.53,12.5,10,11.63,5.77,3.64,2.74,4,5.13,3.85,5.56,3.75,4.84,3.51,2.94,3.03
http://statistics.gov.scot/id/statistical-geography/S13002773,Shetland North,19.44,17.86,11.43,9.68,7.41,7.41,7.41,5.56,5.36,5.63,5.88,3.8,1.15,2.33,6.17,7.35,8.7,0.00
http://statistics.gov.scot/id/statistical-geography/S13002776,Shetland South,13.51,18.75,21.21,16.13,13.51,9.09,9.09,7.69,4.26,5.36,2.94,5.97,7.04,6.49,4.84,1.82,0,2.7
http://statistics.gov.scot/id/statistical-geography/S13002774,Shetland West,7.69,7.14,9.76,5.71,8.57,10.53,7.69,4.65,1.96,2.53,3.45,3.23,3.41,4.55,4.23,4.08,0,0.00
http://statistics.gov.scot/id/statistical-geography/S13002659,Shettleston,15.08,17.82,18.28,20.05,19,18.84,17.24,15.79,13.22,11.96,10.68,11.93,10.42,9.52,8.05,"","",""
http://statistics.gov.scot/id/statistical-geography/S13002985,Shettleston,"","","","","","","","","","","","","","","",7.61,6.62,4.28
http://statistics.gov.scot/id/statistical-geography/S13002589,Sighthill / Gorgie,22.87,18.99,18.51,17.95,18.44,18.04,15.88,14.51,11.86,10.11,8.56,9.9,9.94,8.57,6.39,"","",""
http://statistics.gov.scot/id/statistical-geography/S13002925,Sighthill/Gorgie,"","","","","","","","","","","","","","","",3.43,3.89,4.68
http://statistics.gov.scot/id/statistical-geography/S13002516,South Kintyre,21.31,14.29,11.32,16.67,17.19,19.72,14.52,15.79,13.7,12.05,10.64,8.82,12.28,9.38,8.86,8.82,10.45,10.34
http://statistics.gov.scot/id/statistical-geography/S13002597,Southside / Newington,3.63,4.13,3.98,3.86,3.88,4,5.42,5.07,3.53,2.07,2.39,2.97,3.48,2.52,3.28,"","",""
http://statistics.gov.scot/id/statistical-geography/S13002648,Southside Central,18.33,19.31,17.23,16.63,15.19,13.92,12.78,13.3,13.07,12.26,10.52,10.29,10.41,12.27,12.81,"","",""
http://statistics.gov.scot/id/statistical-geography/S13002974,Southside Central,"","","","","","","","","","","","","","","",14.17,14.42,15.24
http://statistics.gov.scot/id/statistical-geography/S13002933,Southside/Newington,"","","","","","","","","","","","","","","",2.83,3.38,1.87
http://statistics.gov.scot/id/statistical-geography/S13002696,Speyside Glenlivet,17.28,20,16.05,11.49,5.06,6.45,5.94,7.07,9.09,10.47,10.11,8.14,9.64,9.2,6.82,"","",""
http://statistics.gov.scot/id/statistical-geography/S13003024,Speyside Glenlivet,"","","","","","","","","","","","","","","",3.03,3,4
http://statistics.gov.scot/id/statistical-geography/S13002657,Springburn,21.89,22.91,22.89,22.25,21.98,20.58,19.23,15.31,13.88,13.39,14.52,13.3,10.18,10.1,9.74,"","",""
http://statistics.gov.scot/id/statistical-geography/S13002983,Springburn/Robroyston,"","","","","","","","","","","","","","","",8.74,7.71,7.76
http://statistics.gov.scot/id/statistical-geography/S13002636,St Andrews,11.11,12.84,13.64,11.03,7.83,4.44,4.42,3.73,3.64,6.92,8.85,11.24,7.69,8.42,7.95,"","",""
http://statistics.gov.scot/id/statistical-geography/S13002962,St Andrews,"","","","","","","","","","","","","","","",7.69,6.33,5.32
http://statistics.gov.scot/id/statistical-geography/S13003134,"Stepps, Chryston and Muirhead","","","","","","","","","","","","","","","",4.46,4.55,1.92
http://statistics.gov.scot/id/statistical-geography/S13003035,Stevenston,"","","","","","","","","","","","","","","",13.79,13.73,19.38
http://statistics.gov.scot/id/statistical-geography/S13002605,Steòrnabhagh a Deas,12.82,15.15,11.76,6.45,5.41,9.3,10.53,15.79,12.5,15.22,13.04,21.28,18.18,16.67,13.21,14.75,12.5,12.77
http://statistics.gov.scot/id/statistical-geography/S13002606,Steòrnabhagh a Tuath,13.21,14.29,9.84,9.52,9.26,8.57,7.89,8.89,9.41,13.33,15.94,15,9.59,4.69,6.78,11.11,11.11,7.55
http://statistics.gov.scot/id/statistical-geography/S13002812,Stirling East,12.25,11.92,10.44,9.55,10.88,11.21,12.32,9.39,9.09,9.17,9.13,10.16,11.28,13.06,10.3,"","",""
http://statistics.gov.scot/id/statistical-geography/S13003120,Stirling East,"","","","","","","","","","","","","","","",7.78,5.03,5.59
http://statistics.gov.scot/id/statistical-geography/S13003118,Stirling North,"","","","","","","","","","","","","","","",9.69,7.94,6.64
http://statistics.gov.scot/id/statistical-geography/S13002811,Stirling West,17.24,18.49,14.65,14.62,13.1,12.18,8.97,6.04,7.04,10.07,8.97,8.86,6.62,8.39,9.62,"","",""
http://statistics.gov.scot/id/statistical-geography/S13003119,Stirling West,"","","","","","","","","","","","","","","",7.14,6.19,2.98
http://statistics.gov.scot/id/statistical-geography/S13002506,Stonehaven and Lower Deeside,5.88,5.91,4.35,5.44,4.53,4.21,5.39,5.76,7.37,4.43,4.43,4.55,5.26,4,2.72,"","",""
http://statistics.gov.scot/id/statistical-geography/S13002865,Stonehaven and Lower Deeside,"","","","","","","","","","","","","","","",2.67,3.19,1.69
http://statistics.gov.scot/id/statistical-geography/S13002532,Stranraer and North Rhins,32.85,28.1,28.32,22.5,27.94,29.17,27.22,23.87,20.81,18.79,15.49,17.61,20,23.85,18.6,"","",""
http://statistics.gov.scot/id/statistical-geography/S13002880,Stranraer and the Rhins,"","","","","","","","","","","","","","","",17.8,14.53,12.83
http://statistics.gov.scot/id/statistical-geography/S13002744,Strathallan,7.83,7.84,8.49,8.55,10,9.18,10.58,10.92,11.29,7.48,4.9,10.2,11.65,11.32,5.83,"","",""
http://statistics.gov.scot/id/statistical-geography/S13003069,Strathallan,"","","","","","","","","","","","","","","",2.97,0.97,0.9
http://statistics.gov.scot/id/statistical-geography/S13002743,Strathearn,9.47,10,7.5,12.64,12.36,16.13,10.89,9.71,9.73,11.93,11.4,9.09,8.57,6.93,5.15,"","",""
http://statistics.gov.scot/id/statistical-geography/S13003068,Strathearn,"","","","","","","","","","","","","","","",3.67,5.77,7.45
http://statistics.gov.scot/id/statistical-geography/S13002832,Strathkelvin,11.42,9.88,6.37,8.74,7.1,7.69,7.81,9.27,8.9,7.89,8.11,8.98,9.12,7.01,5.69,"","",""
http://statistics.gov.scot/id/statistical-geography/S13002545,Strathmartine,28.99,27.2,27.34,22.29,18.72,17.7,18.96,23.41,24.71,25.69,21.71,17.75,16.33,15.96,15.85,17.27,15.12,15
http://statistics.gov.scot/id/statistical-geography/S13002739,Strathmore,14.29,8.76,5.97,9.22,11.72,11.33,10.06,9.55,12.63,11.63,12.21,10.56,7.5,6.25,6.12,"","",""
http://statistics.gov.scot/id/statistical-geography/S13003064,Strathmore,"","","","","","","","","","","","","","","",7.3,5.15,2.7
http://statistics.gov.scot/id/statistical-geography/S13002742,Strathtay,9.33,8.43,7.06,6.58,5.48,7.58,11.83,13.04,10.68,9.76,10.59,10,9.59,6.76,8.54,"","",""
http://statistics.gov.scot/id/statistical-geography/S13003067,Strathtay,"","","","","","","","","","","","","","","",4.31,2.56,1.74
http://statistics.gov.scot/id/statistical-geography/S13002734,Stromness and South Isles,14.81,26.09,38.1,35.71,22.58,16.67,12,8.33,13.64,10.34,10.34,6.25,4,8.33,8.33,10.53,5.56,0.00
http://statistics.gov.scot/id/statistical-geography/S13002669,Tain and Easter Ross,22.45,23.48,24.35,24.78,23.3,23.71,19.47,20.75,21.62,22.64,18.8,18.33,20.34,19.27,13.59,"","",""
http://statistics.gov.scot/id/statistical-geography/S13002996,Tain and Easter Ross,"","","","","","","","","","","","","","","",9.47,10.42,11.46
http://statistics.gov.scot/id/statistical-geography/S13002635,Tay Bridgehead,12.9,10.94,8.9,8.77,8.27,9.12,7.25,8.2,7.73,11.86,10.66,9.31,7.34,7.91,7.5,"","",""
http://statistics.gov.scot/id/statistical-geography/S13002961,Tay Bridgehead,"","","","","","","","","","","","","","","",5.39,1.89,3.31
http://statistics.gov.scot/id/statistical-geography/S13002552,The Ferry,9.79,6.35,6.03,3.13,3.36,3.43,3.85,4.35,4.98,8.07,6.9,5.86,3.24,3.5,3.3,2.42,2.61,2.04
http://statistics.gov.scot/id/statistical-geography/S13002624,The Lochs,28.73,26.8,27.51,25,26.98,22.28,22.37,18.86,20.94,21.43,24.89,22.73,19.63,14.56,16.83,"","",""
http://statistics.gov.scot/id/statistical-geography/S13002724,Thorniewood,17.18,17.43,19.27,16.59,15.79,14.22,13.48,14.85,14.75,14.42,11.31,12.62,14.29,11.62,7.5,"","",""
http://statistics.gov.scot/id/statistical-geography/S13003055,Thorniewood,"","","","","","","","","","","","","","","",4.65,5.65,4.89
http://statistics.gov.scot/id/statistical-geography/S13002663,Thurso,21.3,20.95,19.42,16.5,17.02,17.24,21.52,18.45,19.3,20.97,19.64,18.18,15.6,19.59,14.94,"","",""
http://statistics.gov.scot/id/statistical-geography/S13002991,Thurso and Northwest Caithness,"","","","","","","","","","","","","","","",11.11,9.23,9.73
http://statistics.gov.scot/id/statistical-geography/S13002481,Tillydrone / Seaton / Old Aberdeen,27.87,27.23,26.99,27.15,24.44,21.16,19.32,14.9,12.34,10.41,11.62,12.77,9.57,8.63,7.84,"","",""
http://statistics.gov.scot/id/statistical-geography/S13002840,Tillydrone/Seaton/Old Aberdeen,"","","","","","","","","","","","","","","",9.78,10.29,8.3
http://statistics.gov.scot/id/statistical-geography/S13002487,Torry / Ferryhill,18.21,19.44,20.27,18.31,14.33,13.09,13.15,12.7,10,8.51,8.13,8.57,8.38,7.52,6.78,"","",""
http://statistics.gov.scot/id/statistical-geography/S13002846,Torry/Ferryhill,"","","","","","","","","","","","","","","",5.21,5.42,4.36
http://statistics.gov.scot/id/statistical-geography/S13002910,"Tranent, Wallyford and Macmerry","","","","","","","","","","","","","","","",12.44,9.29,9.73
http://statistics.gov.scot/id/statistical-geography/S13002779,Troon,12.05,12.82,13.25,12.32,11.56,13.33,10.49,9.14,8.62,9.39,10.06,8.94,7.06,7.6,7.84,"","",""
http://statistics.gov.scot/id/statistical-geography/S13003087,Troon,"","","","","","","","","","","","","","","",6.92,3.67,3.7
http://statistics.gov.scot/id/statistical-geography/S13002807,Trossachs and Teith,6.54,7.2,7.03,5.71,7.46,9.09,10.66,11.02,10.24,9.45,8.76,6.72,7.8,4.73,5.03,"","",""
http://statistics.gov.scot/id/statistical-geography/S13003115,Trossachs and Teith,"","","","","","","","","","","","","","","",4,2.94,2.5
http://statistics.gov.scot/id/statistical-geography/S13002490,Troup,17.95,13.16,9.43,12.5,14.63,22.76,21.5,19.05,13.33,14.91,15.38,10.89,11.82,9.62,10.53,"","",""
http://statistics.gov.scot/id/statistical-geography/S13002849,Troup,"","","","","","","","","","","","","","","",9.71,7.27,7.83
http://statistics.gov.scot/id/statistical-geography/S13002495,Turriff and District,7.59,6.37,3.97,5.07,5.19,6.47,8.38,10.4,8.04,6.86,6.75,11.11,14.49,11.51,7.74,"","",""
http://statistics.gov.scot/id/statistical-geography/S13002854,Turriff and District,"","","","","","","","","","","","","","","",3.59,1.83,2.92
http://statistics.gov.scot/id/statistical-geography/S13002762,Tweeddale East,9.8,10.62,8.85,6.72,3.81,2.8,7.07,8.41,9.62,9.17,9,12.26,9.68,9.09,7.06,6.74,6.02,2.25
http://statistics.gov.scot/id/statistical-geography/S13002761,Tweeddale West,9.33,10.22,7.69,5.6,5.38,7.2,6.98,7.75,7.46,6.61,7.27,4.76,5.17,2.7,4.67,3.33,1.85,0.91
http://statistics.gov.scot/id/statistical-geography/S13002617,Upper Braes,10,12.73,15.02,17.81,15,12.34,9.09,10.2,11.16,12.6,12.13,10.55,9.62,6.96,5.77,"","",""
http://statistics.gov.scot/id/statistical-geography/S13002944,Upper Braes,"","","","","","","","","","","","","","","",5.88,7.17,7.59
http://statistics.gov.scot/id/statistical-geography/S13002978,Victoria Park,"","","","","","","","","","","","","","","",1.29,1.4,0.98
http://statistics.gov.scot/id/statistical-geography/S13002547,West End,14.42,13.99,12.12,11.27,8.52,7.96,6.19,6.97,6.04,6.38,4.11,4.24,5.4,6.13,6.36,5.86,7.8,7.46
http://statistics.gov.scot/id/statistical-geography/S13002618,West Fife and Coastal Villages,18.07,22.65,19.92,16.94,12.65,13.25,15.29,16.8,18.75,17.56,15.69,11.34,11.32,11.54,10.95,"","",""
http://statistics.gov.scot/id/statistical-geography/S13003131,West Fife and Coastal Villages,"","","","","","","","","","","","","","","",11.79,8.48,8.82
http://statistics.gov.scot/id/statistical-geography/S13002498,West Garioch,7.52,8,7.04,7.8,7.52,7.32,6.03,4.69,5.56,6.08,9.33,9.72,9.4,6.21,4.9,"","",""
http://statistics.gov.scot/id/statistical-geography/S13002857,West Garioch,"","","","","","","","","","","","","","","",3.42,3.42,3.6
http://statistics.gov.scot/id/statistical-geography/S13002735,West Mainland,14.29,18.92,15.15,14.29,2.56,2.13,6.12,7.27,8,5.56,8.89,6.38,4.76,4.88,5.13,7.14,2.56,2.13
http://statistics.gov.scot/id/statistical-geography/S13002667,"Wester Ross, Strathpeffer and Lochalsh",13.33,10.58,10.42,8.51,5.88,5.41,6.03,9.02,10.26,12.61,12.77,7.62,3.6,2.44,4.59,"","",""
http://statistics.gov.scot/id/statistical-geography/S13002994,"Wester Ross, Strathpeffer and Lochalsh","","","","","","","","","","","","","","","",7.07,8.05,6.94
http://statistics.gov.scot/id/statistical-geography/S13002501,Westhill and District,3.49,3.33,1.65,1.06,1.61,3.21,3.48,3.59,2.54,2.07,1.6,3.17,3.19,3.77,1.69,"","",""
http://statistics.gov.scot/id/statistical-geography/S13002860,Westhill and District,"","","","","","","","","","","","","","","",1.59,1.16,1.67
http://statistics.gov.scot/id/statistical-geography/S13002826,Whitburn and Blackburn,23.86,23.43,24.39,22.22,18.86,16.61,15.56,15.33,14.15,15.17,17.71,20.11,19.13,13.68,12.24,10.7,6.88,6.7
http://statistics.gov.scot/id/statistical-geography/S13002664,Wick,24.07,24.11,26.04,22.43,26.55,28.07,26.15,22.4,23.88,26.61,29.63,25.58,24.19,17.76,16.83,"","",""
http://statistics.gov.scot/id/statistical-geography/S13002992,Wick and East Caithness,"","","","","","","","","","","","","","","",11.54,11.76,13.45
http://statistics.gov.scot/id/statistical-geography/S13002533,Wigtown West,22.61,24.53,23.53,28.97,28.04,27.12,24.58,22.22,19.44,21.5,19.05,21.28,11.96,10.59,10.71,"","",""
http://statistics.gov.scot/id/statistical-geography/S13002731,Wishaw,18.8,19.58,19.01,19.37,16.3,14.76,12.87,12.92,14.61,13.88,14.44,11.91,11.11,11.95,11.89,"","",""
http://statistics.gov.scot/id/statistical-geography/S13003062,Wishaw,"","","","","","","","","","","","","","","",11.44,10.73,13.04
http://statistics.gov.scot/id/statistical-geography/S03000012,Aberdeen City Community Health Partnership,13.54,14.33,14.17,13.31,12.65,11.97,12.07,10.55,9.4,8.11,7.82,7.59,"","","","","",""
http://statistics.gov.scot/id/statistical-geography/S03000013,Aberdeenshire Community Health Partnership,9.19,8.73,8.34,8.85,8.27,8.62,8.24,8.37,8.17,7.7,8.13,7.73,"","","","","",""
http://statistics.gov.scot/id/statistical-geography/S03000038,Angus Community Health Partnership,17.66,16.44,16,13.89,12.58,10.66,11.96,12.94,15.1,14.57,14.11,13.42,"","","","","",""
http://statistics.gov.scot/id/statistical-geography/S03000025,Argyll and Bute Community Health Partnership,14,12.78,13.46,13.65,13.38,14.09,14.32,15.44,15.05,13.52,11.89,10.81,"","","","","",""
http://statistics.gov.scot/id/statistical-geography/S03000009,Clackmannanshire Community Health Partnership,21.26,20.93,20.47,18.93,18.43,15.7,17.49,18.34,20.22,18.76,16.46,15.24,"","","","","",""
http://statistics.gov.scot/id/statistical-geography/S03000005,Dumfries and Galloway Community Health Partnership,21.15,19.75,18.22,16.84,18.01,18.19,18.15,18.02,17.24,16.75,14.08,13.9,"","","","","",""
http://statistics.gov.scot/id/statistical-geography/S03000039,Dundee Community Health Partnership,25.33,25.01,24.44,21.08,17.55,16.42,15.85,17.9,17.64,18.09,15.62,14.29,"","","","","",""
http://statistics.gov.scot/id/statistical-geography/S03000006,Dunfermline and West Fife Community Health Partnership,17.75,18.41,16.57,15.79,14.24,13.7,13.75,13.57,14.36,14.08,14.54,13.48,"","","","","",""
http://statistics.gov.scot/id/statistical-geography/S03000001,East Ayrshire Community Health Partnership,21.73,20.52,19.02,19.12,18.87,19.14,19.1,17.68,17.44,16.09,15.91,14.67,"","","","","",""
http://statistics.gov.scot/id/statistical-geography/S03000015,East Dunbartonshire Community Health Partnership,9.51,9.81,8.75,10.01,9.99,10.4,9.17,9.29,9.79,9.47,8.46,7.43,"","","","","",""
http://statistics.gov.scot/id/statistical-geography/S03000031,East Lothian Community Health Partnership,14.26,13.64,12.79,10.75,12.2,13.93,14.04,13.17,11.11,11.45,11.73,13.23,"","","","","",""
http://statistics.gov.scot/id/statistical-geography/S03000017,East Renfrewshire Community Health and Care Partnership,7.37,6.34,6.28,7.29,8.27,8.83,8.46,9.07,7.46,6.84,5.46,5.87,"","","","","",""
http://statistics.gov.scot/id/statistical-geography/S03000042,Edinburgh Community Health Partnership,12.55,11.51,10.83,10.21,10.61,10.28,9.47,8.41,7.09,6.37,5.54,5.86,"","","","","",""
http://statistics.gov.scot/id/statistical-geography/S03000010,Falkirk Community Health Partnership,15.01,14.93,14.76,14.64,13.48,13.99,13.8,14.53,13.75,13.37,11.52,11.35,"","","","","",""
http://statistics.gov.scot/id/statistical-geography/S03000043,Glasgow City Community Health Partnership,19.64,19.23,18.28,18.16,17.95,17.22,15.65,14.42,13.19,12.49,10.95,10.02,"","","","","",""
http://statistics.gov.scot/id/statistical-geography/S03000007,Glenrothes and North East Fife Community Health Partnership,17.27,16.19,14.86,13.1,12.86,12.85,13.13,13.5,14.1,14.17,13.98,12.72,"","","","","",""
http://statistics.gov.scot/id/statistical-geography/S03000044,Highland Health and Social Care Partnership,17.76,17.24,16.92,15.72,15.29,14.62,14.64,13.8,13.91,13.92,14.29,13.87,"","","","","",""
http://statistics.gov.scot/id/statistical-geography/S03000018,Inverclyde Community Health and Care Partnership,22.74,24.05,22.93,22.1,20.48,18.23,18.26,17.72,17.02,16.38,14,13.75,"","","","","",""
http://statistics.gov.scot/id/statistical-geography/S03000008,Kirkcaldy and Levenmouth Community Health Partnership,20.58,19.79,19.87,21.1,19.95,18.52,18.12,19.26,20.25,19.94,17.97,16.39,"","","","","",""
http://statistics.gov.scot/id/statistical-geography/S03000032,Midlothian Community Health Partnership,16.21,16.76,16.54,16,14.12,13.89,14.01,14.45,13.26,13.27,12.98,13.62,"","","","","",""
http://statistics.gov.scot/id/statistical-geography/S03000014,Moray Community Health and Social Care Partnership,13.52,15.07,14.95,16.42,15.72,15.27,14,13.67,14.52,15.6,14.82,13.02,"","","","","",""
http://statistics.gov.scot/id/statistical-geography/S03000002,North Ayrshire Community Health Partnership,21.11,21.41,20.03,19.82,18.15,20.13,19.98,20.05,18.87,20.17,18.87,17.49,"","","","","",""
http://statistics.gov.scot/id/statistical-geography/S03000029,North Lanarkshire Community Health Partnership,18.06,18.04,17.68,16.96,16.36,16.32,16.18,15.94,15.25,14.33,13.16,12.66,"","","","","",""
http://statistics.gov.scot/id/statistical-geography/S03000036,Orkney Community Health Partnership,10.11,14.53,14.44,17.45,12.16,10.26,10.17,9.09,10.59,8.02,9.2,7.78,"","","","","",""
http://statistics.gov.scot/id/statistical-geography/S03000040,Perth and Kinross Community Health Partnership,13.69,12.02,11.26,10.95,11.51,11.9,11.03,11.56,11.64,11.89,10.59,10.35,"","","","","",""
http://statistics.gov.scot/id/statistical-geography/S03000020,Renfrewshire Community Health Partnership,17.21,17.96,16.13,16.02,15.21,14.96,14.66,13.78,13.74,12.84,12.16,10.91,"","","","","",""
http://statistics.gov.scot/id/statistical-geography/S03000004,Scottish Borders Community Health and Care Partnership,13.27,13.12,13.12,13.05,13.86,13.17,13.46,12.5,12.81,11.86,12.34,11.65,"","","","","",""
http://statistics.gov.scot/id/statistical-geography/S03000037,Shetland Community Health Partnership,13.06,13.43,11.15,9.25,10.17,11.5,11.5,8.73,6.39,5.79,6.17,5.5,"","","","","",""
http://statistics.gov.scot/id/statistical-geography/S03000003,South Ayrshire Community Health Partnership,16.93,16.91,17.35,17.13,17.68,17.61,17.64,17.17,17.11,15.99,14.85,12.98,"","","","","",""
http://statistics.gov.scot/id/statistical-geography/S03000030,South Lanarkshire Community Health Partnership,14.15,13.92,14.2,14.23,13.63,12.98,12.79,12.87,12.27,10.98,10.29,9.93,"","","","","",""
http://statistics.gov.scot/id/statistical-geography/S03000011,Stirling Community Health Partnership,12.94,12.96,11.93,11.66,12.14,11.42,11.29,9.3,9.53,10.4,10.38,10.19,"","","","","",""
http://statistics.gov.scot/id/statistical-geography/S03000023,West Dunbartonshire Community Health and Care Partnership,20.13,20.15,19.09,17.95,18.53,18.18,17.16,16.27,14.99,16.01,15.41,14.41,"","","","","",""
http://statistics.gov.scot/id/statistical-geography/S03000035,West Lothian Community Health and Care Partnership,16.91,16.39,16.42,16.43,15.22,13.76,14.09,13.39,11.9,10.53,10.67,12.24,"","","","","",""
http://statistics.gov.scot/id/statistical-geography/S03000041,Western Isles Community Health and Social Care Partnership,11.7,10.82,9.57,9.81,10.42,12.36,11.78,14.2,12.95,14.89,11.74,13.01,"","","","","",""
http://statistics.gov.scot/id/statistical-geography/S02001624,Abbeyhill,"","","","","","","","","","","","",0,0,0,0,0,0.00
http://statistics.gov.scot/id/statistical-geography/S02001325,Aberchirder and Whitehills,"","","","","","","","","","","","",6.25,10.34,5.41,2.63,4.35,4.08
http://statistics.gov.scot/id/statistical-geography/S02001779,Aberdour and Auchtertool,"","","","","","","","","","","","",0,0,1.89,1.69,4.08,1.96
http://statistics.gov.scot/id/statistical-geography/S02002227,Aberuthven and Almondbank,"","","","","","","","","","","","",5.88,8.51,4.65,2.5,0,0.00
http://statistics.gov.scot/id/statistical-geography/S02001286,Aboyne and South Deeside,"","","","","","","","","","","","",4.65,2.04,0,0,0,0.00
http://statistics.gov.scot/id/statistical-geography/S02002205,Abronhill North,"","","","","","","","","","","","",8.64,10.14,11.32,12.24,9.8,9.26
http://statistics.gov.scot/id/statistical-geography/S02002204,Abronhill South,"","","","","","","","","","","","",8.33,10.94,16.95,14.75,15.38,11.67
http://statistics.gov.scot/id/statistical-geography/S02002188,Airdrie North,"","","","","","","","","","","","",16.46,12.82,20.63,20.29,16.67,10.14
http://statistics.gov.scot/id/statistical-geography/S02001928,Alexandra Parade,"","","","","","","","","","","","",5.77,5.26,6.56,6,4.76,0.00
http://statistics.gov.scot/id/statistical-geography/S02002146,Allanton - Newmains Rural,"","","","","","","","","","","","",6.52,5.45,3.57,5.26,4.35,5.13
http://statistics.gov.scot/id/statistical-geography/S02001403,Alloa North,"","","","","","","","","","","","",10.75,9.78,7.06,2.6,6.82,7.87
http://statistics.gov.scot/id/statistical-geography/S02001402,Alloa South and East,"","","","","","","","","","","","",21.7,26.32,23.6,23.38,19.18,17.81
http://statistics.gov.scot/id/statistical-geography/S02001404,Alloa West,"","","","","","","","","","","","",8.77,11.11,10,8.89,3.28,1.85
http://statistics.gov.scot/id/statistical-geography/S02002335,Alloway and Doonfoot,"","","","","","","","","","","","",0,0,0,0,0,0.00
http://statistics.gov.scot/id/statistical-geography/S02002020,Alness,"","","","","","","","","","","","",23.91,15.58,16,14.29,11.49,4.88
http://statistics.gov.scot/id/statistical-geography/S02001500,Altonhill North and Onthank,"","","","","","","","","","","","",12.5,14.29,11.29,10.29,9.72,8.96
http://statistics.gov.scot/id/statistical-geography/S02001501,"Altonhill South, Longpark and Hillhead","","","","","","","","","","","","",19.61,10,16.13,12.77,16.85,13.54
http://statistics.gov.scot/id/statistical-geography/S02001396,Alva,"","","","","","","","","","","","",22.86,15.52,9.09,9.38,10.77,11.76
http://statistics.gov.scot/id/statistical-geography/S02002246,Alyth,"","","","","","","","","","","","",7.14,7.14,6.9,9.09,6.9,6.9
http://statistics.gov.scot/id/statistical-geography/S02001935,Anderston,"","","","","","","","","","","","",2.8,2.65,2.94,2.17,2.3,2.3
http://statistics.gov.scot/id/statistical-geography/S02001369,Angus Glens,"","","","","","","","","","","","",14.63,12.5,4.88,2.38,2.78,0.00
http://statistics.gov.scot/id/statistical-geography/S02001442,Annan East,"","","","","","","","","","","","",17.46,17.91,22.95,20,13.21,5
http://statistics.gov.scot/id/statistical-geography/S02001441,Annan West,"","","","","","","","","","","","",14.81,18.87,14.89,16.98,17.39,20.51
http://statistics.gov.scot/id/statistical-geography/S02001439,Annandale East,"","","","","","","","","","","","",7.14,16.67,7.14,10,6.06,8.57
http://statistics.gov.scot/id/statistical-geography/S02001440,Annandale West,"","","","","","","","","","","","",11.54,8,7.69,8.7,8.7,4.55
http://statistics.gov.scot/id/statistical-geography/S02002349,"Annbank, Mossblown and Tarbolton - the Coalfields","","","","","","","","","","","","",11.11,9.68,7.06,8.89,7.5,8.33
http://statistics.gov.scot/id/statistical-geography/S02001970,Anniesland East,"","","","","","","","","","","","",3.12,1.69,0,0,0,0.00
http://statistics.gov.scot/id/statistical-geography/S02001971,Anniesland West,"","","","","","","","","","","","",2.4,1.61,0.75,0.81,0.88,2.13
http://statistics.gov.scot/id/statistical-geography/S02001832,Anstruther,"","","","","","","","","","","","",17.39,15.91,10.2,0,6.12,6
http://statistics.gov.scot/id/statistical-geography/S02001354,Arbroath Cliffburn,"","","","","","","","","","","","",22.22,18.18,12.5,11.48,12.73,12.77
http://statistics.gov.scot/id/statistical-geography/S02001353,Arbroath Harbour,"","","","","","","","","","","","",16.22,16.5,9.57,14.29,13.33,16.95
http://statistics.gov.scot/id/statistical-geography/S02001352,Arbroath Keptie,"","","","","","","","","","","","",9.3,5.56,5.26,2.38,0,5.56
http://statistics.gov.scot/id/statistical-geography/S02001351,Arbroath Kirkton,"","","","","","","","","","","","",16.67,11.76,5.71,11.29,13.56,14.04
http://statistics.gov.scot/id/statistical-geography/S02001350,Arbroath Landward,"","","","","","","","","","","","",0,0,0,0,0,4.55
http://statistics.gov.scot/id/statistical-geography/S02001355,Arbroath Warddykes,"","","","","","","","","","","","",13.58,14.47,19.67,17.65,18.87,19.64
http://statistics.gov.scot/id/statistical-geography/S02001474,Ardler and St Marys,"","","","","","","","","","","","",20,14.74,15.85,17.02,19.48,18.67
http://statistics.gov.scot/id/statistical-geography/S02002112,Ardrossan Central,"","","","","","","","","","","","",23.08,22,22,22.92,25,20.45
http://statistics.gov.scot/id/statistical-geography/S02002114,Ardrossan North East,"","","","","","","","","","","","",13.24,18.06,19.05,15.52,14.29,12.5
http://statistics.gov.scot/id/statistical-geography/S02002113,Ardrossan North West,"","","","","","","","","","","","",17.39,13.64,8,5.26,5.26,4.76
http://statistics.gov.scot/id/statistical-geography/S02002500,Armadale,"","","","","","","","","","","","",8.93,8.77,7.14,12.77,17.54,13.79
http://statistics.gov.scot/id/statistical-geography/S02002501,Armadale South,"","","","","","","","","","","","",7.55,8.47,9.72,5.56,2.67,4.11
http://statistics.gov.scot/id/statistical-geography/S02002097,Arran,"","","","","","","","","","","","",5.26,7.14,2.94,2.94,2.78,3.23
http://statistics.gov.scot/id/statistical-geography/S02001559,Arthurlie and Gateside,"","","","","","","","","","","","",11.36,4.88,0,4.26,3.17,4.23
http://statistics.gov.scot/id/statistical-geography/S02002371,Ashgill and Netherburn,"","","","","","","","","","","","",10.26,13.33,11.36,10.26,2.78,0.00
http://statistics.gov.scot/id/statistical-geography/S02001262,Ashgrove,"","","","","","","","","","","","",5.21,5.38,5.21,1.33,0,1.72
http://statistics.gov.scot/id/statistical-geography/S02001560,Auchenback,"","","","","","","","","","","","",16.33,9.62,6.67,6.67,7.41,11.76
http://statistics.gov.scot/id/statistical-geography/S02001521,Auchinairn,"","","","","","","","","","","","",5.33,7.69,4.71,3.8,2.38,4.17
http://statistics.gov.scot/id/statistical-geography/S02001485,Auchinleck,"","","","","","","","","","","","",14.52,17.46,17.31,21.05,16.33,22.92
http://statistics.gov.scot/id/statistical-geography/S02001332,Auchnagatt,"","","","","","","","","","","","",2.7,4.76,3.85,3.85,2.22,0.00
http://statistics.gov.scot/id/statistical-geography/S02002223,Auchterarder,"","","","","","","","","","","","",18.42,13.33,8.7,5,2.78,2.56
http://statistics.gov.scot/id/statistical-geography/S02001322,Auchterless and Monquhitter,"","","","","","","","","","","","",17.24,10,5.71,0,3.12,3.45
http://statistics.gov.scot/id/statistical-geography/S02001824,Auchtermuchty and Gateside,"","","","","","","","","","","","",10.53,6.98,8.89,4.55,4.88,2.86
http://statistics.gov.scot/id/statistical-geography/S02002340,"Ayr North Harbour, Wallacetown and Newton South","","","","","","","","","","","","",17.92,13.46,15.62,18.82,20.25,16.22
http://statistics.gov.scot/id/statistical-geography/S02002339,Ayr South Harbour and Town Centre,"","","","","","","","","","","","",5.19,4.41,6.06,6.25,5.08,1.79
http://statistics.gov.scot/id/statistical-geography/S02001579,Baberton and Juniper Green,"","","","","","","","","","","","",4.35,0,0,0,0,3.03
http://statistics.gov.scot/id/statistical-geography/S02001983,Badenoch and Strathspey Central,"","","","","","","","","","","","",5.13,4.17,2.82,1.67,0,3.7
http://statistics.gov.scot/id/statistical-geography/S02001984,Badenoch and Strathspey North,"","","","","","","","","","","","",10.2,12.82,13.89,10,4.65,4.17
http://statistics.gov.scot/id/statistical-geography/S02001982,Badenoch and Strathspey South,"","","","","","","","","","","","",13.33,6.9,3.85,2.86,2.86,3.23
http://statistics.gov.scot/id/statistical-geography/S02001901,Baillieston East,"","","","","","","","","","","","",9.47,6.86,6.06,5.08,6.19,3.5
http://statistics.gov.scot/id/statistical-geography/S02001900,Baillieston West,"","","","","","","","","","","","",6,5.77,8.51,4.65,5.26,2.7
http://statistics.gov.scot/id/statistical-geography/S02001576,Balerno and Bonnington Village,"","","","","","","","","","","","",0,0,3.45,3.57,4.55,4.17
http://statistics.gov.scot/id/statistical-geography/S02002437,Balfron and Drymen,"","","","","","","","","","","","",10,10,5.13,2.44,2.86,2.86
http://statistics.gov.scot/id/statistical-geography/S02001470,Balgay,"","","","","","","","","","","","",4,4.26,4.88,4.08,7.84,6.15
http://statistics.gov.scot/id/statistical-geography/S02001283,Balgownie and Donmouth East,"","","","","","","","","","","","",4.17,6.9,6.06,5,2.63,5.26
http://statistics.gov.scot/id/statistical-geography/S02001282,Balgownie and Donmouth West,"","","","","","","","","","","","",6.25,4.69,1.39,3.51,3.51,4
http://statistics.gov.scot/id/statistical-geography/S02001661,Balgreen and Roseburn,"","","","","","","","","","","","",2.86,0,0,0,0,0.00
http://statistics.gov.scot/id/statistical-geography/S02001775,Ballingry,"","","","","","","","","","","","",28.85,18.37,22.64,20.41,30.23,28.21
http://statistics.gov.scot/id/statistical-geography/S02002209,Balloch East,"","","","","","","","","","","","",8.57,0,0,3.57,9.38,12.9
http://statistics.gov.scot/id/statistical-geography/S02002208,Balloch West,"","","","","","","","","","","","",1.89,0,2.86,5.88,6.45,8.82
http://statistics.gov.scot/id/statistical-geography/S02002212,Balmalloch,"","","","","","","","","","","","",13.79,8.51,6.52,3.92,11.48,8.93
http://statistics.gov.scot/id/statistical-geography/S02001312,Balmedie and Potterton,"","","","","","","","","","","","",8,4.69,4,2.63,3.37,5
http://statistics.gov.scot/id/statistical-geography/S02001839,Balmullo and Gauldry,"","","","","","","","","","","","",3.12,3.7,3.57,7.41,3.33,4
http://statistics.gov.scot/id/statistical-geography/S02001919,Balornock,"","","","","","","","","","","","",15.38,12.82,17.14,18.75,15.62,15.63
http://statistics.gov.scot/id/statistical-geography/S02001297,Banchory East,"","","","","","","","","","","","",4.35,3.12,0,0,5.56,5.17
http://statistics.gov.scot/id/statistical-geography/S02001298,Banchory West,"","","","","","","","","","","","",2.7,0,0,0,0,0.00
http://statistics.gov.scot/id/statistical-geography/S02001295,Banchory-Devenick and Findon,"","","","","","","","","","","","",3.57,1.79,0.85,0,0.87,1.04
http://statistics.gov.scot/id/statistical-geography/S02001326,Banff,"","","","","","","","","","","","",21.57,16.67,13.04,5.56,10.45,7.94
http://statistics.gov.scot/id/statistical-geography/S02002411,Bankhead South,"","","","","","","","","","","","",6.38,6.82,8.16,7.14,10,11.11
http://statistics.gov.scot/id/statistical-geography/S02001700,"Banknock, Haggs and Longcroft","","","","","","","","","","","","",16.67,12.73,10.91,5.56,5.66,3.92
http://statistics.gov.scot/id/statistical-geography/S02002482,Bankton and Murieston,"","","","","","","","","","","","",0,0,0,0,0,0.00
http://statistics.gov.scot/id/statistical-geography/S02002443,Bannockburn,"","","","","","","","","","","","",10.71,5.56,8,7.84,9.26,7.55
http://statistics.gov.scot/id/statistical-geography/S02002352,Barassie,"","","","","","","","","","","","",3.85,5.66,10.91,8.51,5.56,6.67
http://statistics.gov.scot/id/statistical-geography/S02001908,Barlanark,"","","","","","","","","","","","",17.02,12.2,12,15.94,19.12,13.89
http://statistics.gov.scot/id/statistical-geography/S02001508,Barloch,"","","","","","","","","","","","",0,0,0,0,0,0.00
http://statistics.gov.scot/id/statistical-geography/S02001920,Barmulloch,"","","","","","","","","","","","",20,17.95,3.12,3.33,3.12,8.82
http://statistics.gov.scot/id/statistical-geography/S02001460,Barnhill,"","","","","","","","","","","","",4.08,4,4.35,4,2.78,2.78
http://statistics.gov.scot/id/statistical-geography/S02001674,"Barnton, Cammo and Cramond South","","","","","","","","","","","","",15.38,12.5,9.52,0,0,0.00
http://statistics.gov.scot/id/statistical-geography/S02001687,Barra and South Uist,"","","","","","","","","","","","",20,21.74,7.14,3.03,2.94,3.23
http://statistics.gov.scot/id/statistical-geography/S02001317,Barrahill,"","","","","","","","","","","","",0,0,2.22,3.53,5.26,6.25
http://statistics.gov.scot/id/statistical-geography/S02002504,Bathgate East,"","","","","","","","","","","","",4.17,5.88,8.2,8.93,14.08,12.33
http://statistics.gov.scot/id/statistical-geography/S02002505,Bathgate West,"","","","","","","","","","","","",9.09,8,9.43,8.33,11.9,11.11
http://statistics.gov.scot/id/statistical-geography/S02002503,Bathgate and Boghall,"","","","","","","","","","","","",21.62,14.29,16.67,15.79,13.16,2.7
http://statistics.gov.scot/id/statistical-geography/S02002502,"Bathgate, Wester Inch and Inchcross","","","","","","","","","","","","",8.47,6.58,3.74,2.42,2.11,3.65
http://statistics.gov.scot/id/statistical-geography/S02001867,Battlefield,"","","","","","","","","","","","",4.8,4,3.33,2.63,2.78,0.81
http://statistics.gov.scot/id/statistical-geography/S02001453,Baxter Park,"","","","","","","","","","","","",0,2.38,3.03,2.7,2.5,3.03
http://statistics.gov.scot/id/statistical-geography/S02002134,Beith East and Rural,"","","","","","","","","","","","",11.11,9.62,10.42,6.98,3.23,0.00
http://statistics.gov.scot/id/statistical-geography/S02002133,Beith West,"","","","","","","","","","","","",15.38,14.89,11.76,6.82,5.71,6.45
http://statistics.gov.scot/id/statistical-geography/S02001494,Bellfield and Kirkstyle,"","","","","","","","","","","","",15.38,11.84,8.57,4.41,3.08,5.26
http://statistics.gov.scot/id/statistical-geography/S02002165,Bellshill Central,"","","","","","","","","","","","",9.84,3.57,11.54,19.15,17.95,10
http://statistics.gov.scot/id/statistical-geography/S02002163,Bellshill South,"","","","","","","","","","","","",18.57,14.29,8.77,10,11.29,14.29
http://statistics.gov.scot/id/statistical-geography/S02002481,"Bellsquarry, Adambrae and Kirkton","","","","","","","","","","","","",12.5,15.38,14.29,8.82,0,3.03
http://statistics.gov.scot/id/statistical-geography/S02002337,Belmont,"","","","","","","","","","","","",2.08,3.85,3.77,5.77,3.77,1.96
http://statistics.gov.scot/id/statistical-geography/S02001688,Benbecula and North Uist,"","","","","","","","","","","","",7.69,7.41,8,4,4.17,0.00
http://statistics.gov.scot/id/statistical-geography/S02001373,Benderloch Trail,"","","","","","","","","","","","",9.43,10.34,8,5,6.45,4.69
http://statistics.gov.scot/id/statistical-geography/S02002303,Berwickshire Central,"","","","","","","","","","","","",4,2,6.38,9.52,10,6.25
http://statistics.gov.scot/id/statistical-geography/S02002305,Berwickshire East,"","","","","","","","","","","","",17.95,10.81,13.51,9.09,9.68,7.69
http://statistics.gov.scot/id/statistical-geography/S02002355,"Biggar, Symington, Thankerton and Dolphinton","","","","","","","","","","","","",3.7,3.77,3.85,3.7,4.08,6.12
http://statistics.gov.scot/id/statistical-geography/S02001629,"Bingham, Magdalene and The Christians","","","","","","","","","","","","",7.69,25.81,24.44,19.05,15,17.39
http://statistics.gov.scot/id/statistical-geography/S02002168,Birkenshaw,"","","","","","","","","","","","",6.56,1.96,0,1.96,3.57,3.51
http://statistics.gov.scot/id/statistical-geography/S02002435,"Birniehill, Kelvin and Whitehills East","","","","","","","","","","","","",6.78,5.56,6.25,7.69,7.27,5.26
http://statistics.gov.scot/id/statistical-geography/S02001519,Bishopbriggs North and Kenmure,"","","","","","","","","","","","",0,2,1.69,1.67,0,0.00
http://statistics.gov.scot/id/statistical-geography/S02001520,Bishopbriggs West and Cadder,"","","","","","","","","","","","",8.33,3.23,1.69,1.47,2.94,1.59
http://statistics.gov.scot/id/statistical-geography/S02002286,Bishopton,"","","","","","","","","","","","",2.27,2.86,2.94,2.56,1.96,0.00
http://statistics.gov.scot/id/statistical-geography/S02002019,Black Isle North,"","","","","","","","","","","","",6.06,6.9,2.7,5,8.57,7.41
http://statistics.gov.scot/id/statistical-geography/S02002018,Black Isle South,"","","","","","","","","","","","",8.47,7.35,2.86,1.33,2.82,4.23
http://statistics.gov.scot/id/statistical-geography/S02001307,Blackburn,"","","","","","","","","","","","",1.52,1.67,1.89,5.77,4,2.22
http://statistics.gov.scot/id/statistical-geography/S02002496,Blackburn,"","","","","","","","","","","","",23.4,17.07,10.81,12.2,6.67,8.89
http://statistics.gov.scot/id/statistical-geography/S02001609,"Blackford, West Mains and Mayfield Road","","","","","","","","","","","","",4.55,0,2.22,2.08,1.85,0.00
http://statistics.gov.scot/id/statistical-geography/S02001664,Blackhall,"","","","","","","","","","","","",5.56,0,0,0,4,4
http://statistics.gov.scot/id/statistical-geography/S02001917,Blackhill and Barmulloch East,"","","","","","","","","","","","",8.6,5.63,3.03,1.47,1.56,5
http://statistics.gov.scot/id/statistical-geography/S02001737,"Blackness, Bo'ness - Carriden and Grahamsdyke","","","","","","","","","","","","",13.27,7.53,4.81,3.16,4.05,4.29
http://statistics.gov.scot/id/statistical-geography/S02002506,"Blackridge, Westfield and Torphichen","","","","","","","","","","","","",9.38,8.33,8.11,3.33,4,3.7
http://statistics.gov.scot/id/statistical-geography/S02002497,Blaeberry Hill and East Whitburn,"","","","","","","","","","","","",10.53,7.02,7.27,3.57,2.17,4.35
http://statistics.gov.scot/id/statistical-geography/S02002247,"Blair Atholl, Strathardle and Glenshee","","","","","","","","","","","","",8.57,8.11,3.12,2.7,3.12,0.00
http://statistics.gov.scot/id/statistical-geography/S02001972,Blairdardie East,"","","","","","","","","","","","",7.23,6.33,9.09,6.25,7.41,8.14
http://statistics.gov.scot/id/statistical-geography/S02001973,Blairdardie West,"","","","","","","","","","","","",14.29,7.41,6.45,3.03,6.06,8.82
http://statistics.gov.scot/id/statistical-geography/S02002248,Blairgowrie East (Rattray),"","","","","","","","","","","","",17.65,14.71,15.38,12.5,14.71,10
http://statistics.gov.scot/id/statistical-geography/S02002249,Blairgowrie West,"","","","","","","","","","","","",6.9,3.08,1.72,0,0,1.89
http://statistics.gov.scot/id/statistical-geography/S02002436,Blane Valley,"","","","","","","","","","","","",2.44,2.08,2.44,1.79,0,0.00
http://statistics.gov.scot/id/statistical-geography/S02002392,Blantyre South and Wheatlands,"","","","","","","","","","","","",7.25,6.85,7.14,10.53,10.42,11.54
http://statistics.gov.scot/id/statistical-geography/S02002394,Blantytre North and Coatshill,"","","","","","","","","","","","",12.77,11.63,6.38,8.89,6.98,10
http://statistics.gov.scot/id/statistical-geography/S02001734,Bo'ness - Douglas,"","","","","","","","","","","","",3.33,7.58,10.77,10.34,6.12,2.27
http://statistics.gov.scot/id/statistical-geography/S02001736,Bo'ness - Kinneil,"","","","","","","","","","","","",16.67,11.36,15.38,10.26,7.02,3.03
http://statistics.gov.scot/id/statistical-geography/S02001735,Bo'ness - Newtown,"","","","","","","","","","","","",2.63,3.33,3.33,3.33,6.06,3.03
http://statistics.gov.scot/id/statistical-geography/S02001580,Bonaly and The Pentlands,"","","","","","","","","","","","",0,0,0,0,0,0.00
http://statistics.gov.scot/id/statistical-geography/S02001649,Bonnington,"","","","","","","","","","","","",2.13,2.22,1.67,0,0,0.00
http://statistics.gov.scot/id/statistical-geography/S02001701,Bonnybridge,"","","","","","","","","","","","",15.25,8.62,5.66,5.36,6.56,5
http://statistics.gov.scot/id/statistical-geography/S02002061,Bonnyrigg North,"","","","","","","","","","","","",4.55,5.13,14.29,7.89,10.53,5.13
http://statistics.gov.scot/id/statistical-geography/S02002060,Bonnyrigg South,"","","","","","","","","","","","",18.42,14.71,13.89,11.11,7.69,6.52
http://statistics.gov.scot/id/statistical-geography/S02001502,Bonnyton and Town Centre,"","","","","","","","","","","","",7.69,10.11,7.79,7.14,4.55,5.56
http://statistics.gov.scot/id/statistical-geography/S02002446,Borestone,"","","","","","","","","","","","",8.7,9.68,11.76,10.29,8.64,4.17
http://statistics.gov.scot/id/statistical-geography/S02001667,Boswall and Pilton,"","","","","","","","","","","","",8.51,4.17,3.51,0,3.26,3.88
http://statistics.gov.scot/id/statistical-geography/S02002400,Bothwell North,"","","","","","","","","","","","",15.91,12.82,7.69,6.06,6.25,5.56
http://statistics.gov.scot/id/statistical-geography/S02002399,Bothwell South,"","","","","","","","","","","","",2.5,0,0,0,0,0.00
http://statistics.gov.scot/id/statistical-geography/S02002044,"Bow Farm, Barrs Cottage, Cowdenknowes and Overton","","","","","","","","","","","","",10.2,10,8.89,4.44,2,3.85
http://statistics.gov.scot/id/statistical-geography/S02002448,Braehead,"","","","","","","","","","","","",12.9,15,14.89,9.76,5.71,7.89
http://statistics.gov.scot/id/statistical-geography/S02001723,Braes Villages,"","","","","","","","","","","","",16.92,12.7,7.02,6.25,8.93,8.77
http://statistics.gov.scot/id/statistical-geography/S02002040,"Braeside, Branchton, Lower Larkfield and Ravenscraig","","","","","","","","","","","","",22.22,15.58,13.11,13.04,10.96,9.52
http://statistics.gov.scot/id/statistical-geography/S02001240,"Braeside, Mannofield, Broomhill and Seafield East","","","","","","","","","","","","",1.15,1.18,0,1.23,2.74,3.03
http://statistics.gov.scot/id/statistical-geography/S02001242,"Braeside, Mannofield, Broomhill and Seafield North","","","","","","","","","","","","",0,0,0,0,0,0.00
http://statistics.gov.scot/id/statistical-geography/S02001241,"Braeside, Mannofield, Broomhill and Seafield South","","","","","","","","","","","","",3.92,3.57,1.82,0,0,0.00
http://statistics.gov.scot/id/statistical-geography/S02001896,Braidfauld,"","","","","","","","","","","","",13.08,9.49,8.21,6.29,6.16,6.12
http://statistics.gov.scot/id/statistical-geography/S02001361,Brechin East,"","","","","","","","","","","","",23.21,18.18,16.67,16.67,14,18.75
http://statistics.gov.scot/id/statistical-geography/S02001362,Brechin West,"","","","","","","","","","","","",12.07,14.04,16.07,18.18,13.95,8.11
http://statistics.gov.scot/id/statistical-geography/S02002479,Breich Valley,"","","","","","","","","","","","",19.35,16,15.62,10.81,8.33,8.33
http://statistics.gov.scot/id/statistical-geography/S02002453,Bridge of Allan and University,"","","","","","","","","","","","",3.64,2.22,2.33,0,0,0.00
http://statistics.gov.scot/id/statistical-geography/S02002229,Bridge of Earn and Abernethy,"","","","","","","","","","","","",9.09,9.84,10.71,11.54,7.41,3.7
http://statistics.gov.scot/id/statistical-geography/S02002291,Bridge of Weir,"","","","","","","","","","","","",0,2.78,5.88,6.25,2.5,0.00
http://statistics.gov.scot/id/statistical-geography/S02001892,Bridgeton,"","","","","","","","","","","","",6.17,10.13,11.11,11.43,6.15,3.45
http://statistics.gov.scot/id/statistical-geography/S02001725,Brightons and Wallacestone,"","","","","","","","","","","","",0,0,0,0,3.7,5.45
http://statistics.gov.scot/id/statistical-geography/S02001692,Broadbay,"","","","","","","","","","","","",13.79,6.12,11.11,9.09,9.76,4.35
http://statistics.gov.scot/id/statistical-geography/S02001959,Broomhill,"","","","","","","","","","","","",2.15,1.16,0,1.37,1.49,2.67
http://statistics.gov.scot/id/statistical-geography/S02001586,Broomhouse and Bankhead,"","","","","","","","","","","","",12.12,17.14,10.81,4.44,5.13,11.9
http://statistics.gov.scot/id/statistical-geography/S02002445,Broomridge,"","","","","","","","","","","","",6.45,9.52,8.05,5.13,4.65,3.57
http://statistics.gov.scot/id/statistical-geography/S02001653,Broughton North and Powderhall,"","","","","","","","","","","","",0,0,1.43,1.56,3.17,1.59
http://statistics.gov.scot/id/statistical-geography/S02001654,Broughton South,"","","","","","","","","","","","",0,1.85,1.43,1.2,0,0.00
http://statistics.gov.scot/id/statistical-geography/S02001459,Broughty Ferry East,"","","","","","","","","","","","",3.23,4,8,4.76,4.76,0.00
http://statistics.gov.scot/id/statistical-geography/S02001458,Broughty Ferry West,"","","","","","","","","","","","",4,4.26,2.27,0,2.78,3.13
http://statistics.gov.scot/id/statistical-geography/S02002514,Broxburn East,"","","","","","","","","","","","",14.71,17.24,25,22.73,12.5,10
http://statistics.gov.scot/id/statistical-geography/S02002511,Broxburn Kirkhill,"","","","","","","","","","","","",7.14,13.64,15.22,13.95,11.11,8.33
http://statistics.gov.scot/id/statistical-geography/S02002513,Broxburn South,"","","","","","","","","","","","",19.23,24.14,20.69,3.23,3.33,3.23
http://statistics.gov.scot/id/statistical-geography/S02001617,Bruntsfield,"","","","","","","","","","","","",1.56,1.69,0,0,0,0.00
http://statistics.gov.scot/id/statistical-geography/S02001813,"Buckhaven, Denbeath and Muiredge","","","","","","","","","","","","",17.39,20.24,22.62,20.83,17.19,14.29
http://statistics.gov.scot/id/statistical-geography/S02002078,Buckie Central East,"","","","","","","","","","","","",23.64,17.24,15.69,15.91,13.46,10.64
http://statistics.gov.scot/id/statistical-geography/S02002079,Buckie West and Mains of Buckie,"","","","","","","","","","","","",21.54,18.33,7.94,2.74,3.8,4.05
http://statistics.gov.scot/id/statistical-geography/S02001277,Bucksburn North,"","","","","","","","","","","","",5.88,6.25,3.23,3.57,3.45,2.27
http://statistics.gov.scot/id/statistical-geography/S02001276,Bucksburn South,"","","","","","","","","","","","",5.26,6.17,2.35,2.04,1.02,2.06
http://statistics.gov.scot/id/statistical-geography/S02002407,"Burgh, Eastfield and Silverbank","","","","","","","","","","","","",0.97,0,0.97,2.27,2.5,2.6
http://statistics.gov.scot/id/statistical-geography/S02002092,"Burghead, Roseisle and Laich","","","","","","","","","","","","",6.82,5.13,9.68,8.82,5.26,2.17
http://statistics.gov.scot/id/statistical-geography/S02002232,Burghmuir and Oakbank,"","","","","","","","","","","","",4.35,2.7,2.56,0,0,0.00
http://statistics.gov.scot/id/statistical-geography/S02002396,Burnbank Central and Udston,"","","","","","","","","","","","",14.71,16.22,20.31,18.31,14.52,8.45
http://statistics.gov.scot/id/statistical-geography/S02002395,Burnbank North,"","","","","","","","","","","","",14.77,12.26,15.79,10.68,12.94,10.98
http://statistics.gov.scot/id/statistical-geography/S02002397,Burnbank South and Chantinghall,"","","","","","","","","","","","",8.33,6.12,4.35,6.38,3.92,3.57
http://statistics.gov.scot/id/statistical-geography/S02002316,Burnfoot,"","","","","","","","","","","","",26.53,24.44,22.22,25,16.67,15.15
http://statistics.gov.scot/id/statistical-geography/S02002410,Burnhill and Bankhead North,"","","","","","","","","","","","",13.64,9.52,9.09,11.63,21.43,23.08
http://statistics.gov.scot/id/statistical-geography/S02002414,Burnside and Springhall,"","","","","","","","","","","","",13.56,13.56,13.79,11.32,6.78,3.77
http://statistics.gov.scot/id/statistical-geography/S02001781,Burntisland East,"","","","","","","","","","","","",10.81,13.79,12,8,4,0.00
http://statistics.gov.scot/id/statistical-geography/S02001780,Burntisland West,"","","","","","","","","","","","",17.46,18.64,13.21,13.79,16.36,16.36
http://statistics.gov.scot/id/statistical-geography/S02001567,Busby,"","","","","","","","","","","","",2.5,3.23,0,0,0,0.00
http://statistics.gov.scot/id/statistical-geography/S02001381,Bute,"","","","","","","","","","","","",9.52,6.67,0,0,0,0.00
http://statistics.gov.scot/id/statistical-geography/S02001465,Caird Park,"","","","","","","","","","","","",15.91,20,20,19.57,15.22,15.79
http://statistics.gov.scot/id/statistical-geography/S02001742,Cairneyhill and Crombie,"","","","","","","","","","","","",3.23,0,0,0,0,3.7
http://statistics.gov.scot/id/statistical-geography/S02002185,Cairnhill,"","","","","","","","","","","","",11.59,8.97,5.33,4.84,6,4.44
http://statistics.gov.scot/id/statistical-geography/S02002029,Caithness North East,"","","","","","","","","","","","",9.68,13.33,11.54,4,8.7,12.5
http://statistics.gov.scot/id/statistical-geography/S02002030,Caithness North West,"","","","","","","","","","","","",12.5,12.73,11.29,13.79,12,8.33
http://statistics.gov.scot/id/statistical-geography/S02002026,Caithness South,"","","","","","","","","","","","",4,7.69,9.52,4.76,5.26,11.54
http://statistics.gov.scot/id/statistical-geography/S02002179,Calderbank and Brownsburn,"","","","","","","","","","","","",14.71,12.12,6.45,3.12,3.33,3.7
http://statistics.gov.scot/id/statistical-geography/S02002190,Caldercruix and Plains,"","","","","","","","","","","","",17.81,15,13.89,13.24,13.43,16.9
http://statistics.gov.scot/id/statistical-geography/S02002418,Calderwood Central,"","","","","","","","","","","","",6.67,6.56,8.51,12,8.89,4.44
http://statistics.gov.scot/id/statistical-geography/S02002417,Calderwood East,"","","","","","","","","","","","",5.26,9.68,11.29,15.25,14.58,10.64
http://statistics.gov.scot/id/statistical-geography/S02002419,Calderwood West and Nerston,"","","","","","","","","","","","",5.88,6.25,2.13,4.26,5.56,2
http://statistics.gov.scot/id/statistical-geography/S02002458,Callander and Trossachs,"","","","","","","","","","","","",3.7,3.64,2.22,2.94,0,0.00
http://statistics.gov.scot/id/statistical-geography/S02001428,Calside,"","","","","","","","","","","","",6.25,6.06,0,0,0,0.00
http://statistics.gov.scot/id/statistical-geography/S02001891,Calton and Gallowgate,"","","","","","","","","","","","",9.68,6.59,4.94,3.28,2.04,0.00
http://statistics.gov.scot/id/statistical-geography/S02002439,Cambusbarron,"","","","","","","","","","","","",4.65,9.52,10.2,7.55,4.84,2.04
http://statistics.gov.scot/id/statistical-geography/S02002406,Cambuslang Central,"","","","","","","","","","","","",2.17,4.55,6.67,5,4.35,4.76
http://statistics.gov.scot/id/statistical-geography/S02001380,Campbeltown,"","","","","","","","","","","","",12.5,10.98,10.77,10.42,12.24,12.2
http://statistics.gov.scot/id/statistical-geography/S02001623,"Canongate, Southside and Dumbiedykes","","","","","","","","","","","","",8.96,8,8.7,11.9,12.5,7.41
http://statistics.gov.scot/id/statistical-geography/S02001657,Canonmills and New Town North,"","","","","","","","","","","","",0,0,0,0,0,0.00
http://statistics.gov.scot/id/statistical-geography/S02001776,Cardenden,"","","","","","","","","","","","",22.73,21.43,16.28,11.63,15.66,13.64
http://statistics.gov.scot/id/statistical-geography/S02001851,Cardonald North,"","","","","","","","","","","","",10.91,8.93,11.67,13.79,11.76,10.42
http://statistics.gov.scot/id/statistical-geography/S02001850,Cardonald South and East,"","","","","","","","","","","","",10,6.82,4.65,2.22,0,3.92
http://statistics.gov.scot/id/statistical-geography/S02001852,Cardonald West and Central,"","","","","","","","","","","","",1.69,1.72,2.94,3.85,4.88,6.25
http://statistics.gov.scot/id/statistical-geography/S02002193,Cardowan and Millerston,"","","","","","","","","","","","",2.33,2.56,3.57,4.29,2.5,1.3
http://statistics.gov.scot/id/statistical-geography/S02002152,Carfin North,"","","","","","","","","","","","",5.36,7.14,7.55,9.68,10.14,11.11
http://statistics.gov.scot/id/statistical-geography/S02002154,Carfin and Cleekhimin,"","","","","","","","","","","","",10.96,10.14,8.11,12.35,15.12,16.09
http://statistics.gov.scot/id/statistical-geography/S02002361,Carluke East,"","","","","","","","","","","","",9.46,6.45,8.82,8.82,10.61,8.82
http://statistics.gov.scot/id/statistical-geography/S02002360,Carluke North,"","","","","","","","","","","","",14.81,13.89,18.6,11.36,8.57,3.33
http://statistics.gov.scot/id/statistical-geography/S02002362,Carluke South,"","","","","","","","","","","","",17.02,14.55,5.36,7.27,7.14,6.56
http://statistics.gov.scot/id/statistical-geography/S02002359,Carluke West,"","","","","","","","","","","","",18.42,7.14,2.38,0,0,3.57
http://statistics.gov.scot/id/statistical-geography/S02002494,Carmondean and Eliburn North,"","","","","","","","","","","","",14.29,9.84,14.29,12,8.33,0.00
http://statistics.gov.scot/id/statistical-geography/S02001879,Carmunnock North,"","","","","","","","","","","","",2.56,2.63,0,0,0,0.00
http://statistics.gov.scot/id/statistical-geography/S02001880,Carmunnock South,"","","","","","","","","","","","",6,7.27,5.17,7.55,10.53,12.5
http://statistics.gov.scot/id/statistical-geography/S02001898,Carmyle and Mount Vernon South,"","","","","","","","","","","","",5.71,8.82,10.71,16.13,11.11,5.88
http://statistics.gov.scot/id/statistical-geography/S02001349,Carnoustie East,"","","","","","","","","","","","",10.87,4.76,5,4.55,7.69,2.17
http://statistics.gov.scot/id/statistical-geography/S02001348,Carnoustie West,"","","","","","","","","","","","",8,8.96,8.82,6.85,2.9,1.67
http://statistics.gov.scot/id/statistical-geography/S02001913,Carntyne,"","","","","","","","","","","","",8.89,13.89,5.13,5.26,4.44,5
http://statistics.gov.scot/id/statistical-geography/S02001929,Carntyne West and Haghill,"","","","","","","","","","","","",4.76,8.86,12.5,18.31,19.12,15.52
http://statistics.gov.scot/id/statistical-geography/S02001875,Carnwadric East,"","","","","","","","","","","","",11.54,14.29,15.52,12.07,6.82,4.65
http://statistics.gov.scot/id/statistical-geography/S02001874,Carnwadric West,"","","","","","","","","","","","",14.81,18.31,14.52,11.48,9.84,12.5
http://statistics.gov.scot/id/statistical-geography/S02001680,Carrick Knowe,"","","","","","","","","","","","",0,0,0,2.86,2.17,2.38
http://statistics.gov.scot/id/statistical-geography/S02002333,Carrick North,"","","","","","","","","","","","",4.76,8.82,8,2.86,0,0.00
http://statistics.gov.scot/id/statistical-geography/S02002329,Carrick South,"","","","","","","","","","","","",14.29,13.64,12.24,8.89,4.88,2.94
http://statistics.gov.scot/id/statistical-geography/S02002207,Carrickstone,"","","","","","","","","","","","",5.08,3.45,4,1.69,1.92,3.57
http://statistics.gov.scot/id/statistical-geography/S02001708,Carron,"","","","","","","","","","","","",2.7,6.06,6.9,7.41,4,0.00
http://statistics.gov.scot/id/statistical-geography/S02001709,Carronshore,"","","","","","","","","","","","",14.29,14.29,15.79,10.53,5.13,4.44
http://statistics.gov.scot/id/statistical-geography/S02001710,Carse and Grangemouth Old Town,"","","","","","","","","","","","",10.53,8.93,5.71,2.78,1.19,1.25
http://statistics.gov.scot/id/statistical-geography/S02002457,Carse of Stirling,"","","","","","","","","","","","",12.9,8.47,9.33,6.58,5.48,2.99
http://statistics.gov.scot/id/statistical-geography/S02002356,"Carstairs, Carstairs Junction and Carnwath","","","","","","","","","","","","",11.48,10.91,13.33,12.7,10.94,9.09
http://statistics.gov.scot/id/statistical-geography/S02001415,Castle Douglas,"","","","","","","","","","","","",7.84,13.64,13.64,10.64,4.35,2.33
http://statistics.gov.scot/id/statistical-geography/S02002336,Castlehill and Kincaidston,"","","","","","","","","","","","",14.75,13.21,13.79,12.96,5.88,4.17
http://statistics.gov.scot/id/statistical-geography/S02001883,Castlemilk,"","","","","","","","","","","","",6.94,7.04,11.94,16.42,16.39,18.84
http://statistics.gov.scot/id/statistical-geography/S02001886,Cathcart,"","","","","","","","","","","","",4.67,1.05,1.03,1.19,2.56,1.37
http://statistics.gov.scot/id/statistical-geography/S02002452,Causewayhead,"","","","","","","","","","","","",5.56,3.23,0,0,0,0.00
http://statistics.gov.scot/id/statistical-geography/S02001905,Central Easterhouse,"","","","","","","","","","","","",31.67,41.67,39.58,29.79,22.73,8.57
http://statistics.gov.scot/id/statistical-geography/S02002325,Central Shetland,"","","","","","","","","","","","",4.3,3,4.11,3.03,2.44,2.56
http://statistics.gov.scot/id/statistical-geography/S02002239,Central and South Inch,"","","","","","","","","","","","",12.93,13.04,12.36,8.24,5.81,4.82
http://statistics.gov.scot/id/statistical-geography/S02002181,Chapelhall East,"","","","","","","","","","","","",14.04,16.98,11.11,6.9,1.96,5.88
http://statistics.gov.scot/id/statistical-geography/S02002180,Chapelhall West,"","","","","","","","","","","","",8.89,11.63,12.82,12.12,14.29,12.9
http://statistics.gov.scot/id/statistical-geography/S02002379,"Chapelton, Glengavel and Sandford","","","","","","","","","","","","",3.57,0,0,0,0,0.00
http://statistics.gov.scot/id/statistical-geography/S02001472,Charleston,"","","","","","","","","","","","",22.78,20.9,15.62,10.91,20.75,24.53
http://statistics.gov.scot/id/statistical-geography/S02002309,Cheviot East,"","","","","","","","","","","","",6,4.08,4.55,6.38,4.76,2.56
http://statistics.gov.scot/id/statistical-geography/S02002312,Cheviot West,"","","","","","","","","","","","",0,0,0,0,0,0.00
http://statistics.gov.scot/id/statistical-geography/S02002307,Chirnside and Area,"","","","","","","","","","","","",12.9,8.06,6,9.52,7.69,7.02
http://statistics.gov.scot/id/statistical-geography/S02002195,Chryston and Muirhead,"","","","","","","","","","","","",16.42,11.59,7.94,5.77,9.76,2.27
http://statistics.gov.scot/id/statistical-geography/S02001448,City Centre,"","","","","","","","","","","","",19.35,13.73,16,8.7,10,6.67
http://statistics.gov.scot/id/statistical-geography/S02002449,City Centre,"","","","","","","","","","","","",12.5,11.63,14.29,14.89,10,6.12
http://statistics.gov.scot/id/statistical-geography/S02001250,City Centre East,"","","","","","","","","","","","",2.82,0,2.99,1.85,4.35,2.27
http://statistics.gov.scot/id/statistical-geography/S02001932,City Centre East,"","","","","","","","","","","","",11.9,9.21,4.17,4.41,3.17,5.36
http://statistics.gov.scot/id/statistical-geography/S02001934,City Centre South,"","","","","","","","","","","","",0,0,0,0,1.75,1.85
http://statistics.gov.scot/id/statistical-geography/S02001249,City Centre West,"","","","","","","","","","","","",3.92,2.41,0,0,1.54,3.33
http://statistics.gov.scot/id/statistical-geography/S02001933,City Centre West,"","","","","","","","","","","","",0,1.79,1.61,1.59,1.67,2.04
http://statistics.gov.scot/id/statistical-geography/S02001400,"Clackmannan, Kennet and Forestmill","","","","","","","","","","","","",21.05,20,13.58,9.09,3.8,1.15
http://statistics.gov.scot/id/statistical-geography/S02001568,Clarkston and Sheddens,"","","","","","","","","","","","",5.08,5.26,2,0,0,0.00
http://statistics.gov.scot/id/statistical-geography/S02001320,Clashindarroch,"","","","","","","","","","","","",2.38,0,4.35,9.26,9.62,5.66
http://statistics.gov.scot/id/statistical-geography/S02002150,Cleland,"","","","","","","","","","","","",5.36,1.89,1.43,2.38,3.7,6.56
http://statistics.gov.scot/id/statistical-geography/S02001675,Clermiston and Drumbrae,"","","","","","","","","","","","",11.76,15.52,11.94,8.82,11.11,8.57
http://statistics.gov.scot/id/statistical-geography/S02002176,Cliftonville,"","","","","","","","","","","","",6.38,6.82,11.9,14.29,10.34,5.13
http://statistics.gov.scot/id/statistical-geography/S02001582,Clovenstone and Wester Hailes,"","","","","","","","","","","","",19.23,28,22.45,21.95,17.5,11.54
http://statistics.gov.scot/id/statistical-geography/S02002354,Clydesdale South,"","","","","","","","","","","","",17.24,13.04,13.04,0,0,0.00
http://statistics.gov.scot/id/statistical-geography/S02002153,Clydesdale and New Stevenston,"","","","","","","","","","","","",6.82,6.98,7.27,7.69,7.14,6.94
http://statistics.gov.scot/id/statistical-geography/S02002173,Coatbridge West,"","","","","","","","","","","","",4.71,4.94,7.69,6.67,5.97,4.92
http://statistics.gov.scot/id/statistical-geography/S02002186,Coatdyke and Whinhall,"","","","","","","","","","","","",5.1,10.23,11.84,10.13,9.76,13.16
http://statistics.gov.scot/id/statistical-geography/S02002308,Coldstream and Area,"","","","","","","","","","","","",16.67,27.27,23.08,21.74,9.09,5.56
http://statistics.gov.scot/id/statistical-geography/S02001596,Colinton Mains and Firrhill,"","","","","","","","","","","","",21.05,20,18.37,7.14,6,5.17
http://statistics.gov.scot/id/statistical-geography/S02001581,Colinton and Kingsknowe,"","","","","","","","","","","","",3.03,0,0,2.17,2.13,2.7
http://statistics.gov.scot/id/statistical-geography/S02001434,Collin,"","","","","","","","","","","","",2.44,4.55,3.64,3.7,0,1.64
http://statistics.gov.scot/id/statistical-geography/S02002143,Coltness,"","","","","","","","","","","","",11.67,12.28,12.28,14.63,6.12,4.17
http://statistics.gov.scot/id/statistical-geography/S02001659,Comely Bank,"","","","","","","","","","","","",0,0,0,0,0,0.00
http://statistics.gov.scot/id/statistical-geography/S02001598,Comiston and Swanston,"","","","","","","","","","","","",2.33,2.5,2.27,0,0,0.00
http://statistics.gov.scot/id/statistical-geography/S02002224,"Comrie, Gilmerton and St Fillans","","","","","","","","","","","","",0,0,0,0,0,2.86
http://statistics.gov.scot/id/statistical-geography/S02002199,Condorrat,"","","","","","","","","","","","",8,12.12,11.29,13.46,7.02,4.35
http://statistics.gov.scot/id/statistical-geography/S02002016,Conon,"","","","","","","","","","","","",21.43,15,11.11,7.5,5.41,5.88
http://statistics.gov.scot/id/statistical-geography/S02002451,Cornton,"","","","","","","","","","","","",8.47,13.04,13.95,10,5,7.69
http://statistics.gov.scot/id/statistical-geography/S02001679,Corstorphine,"","","","","","","","","","","","",0,0,0,0,4.17,2.04
http://statistics.gov.scot/id/statistical-geography/S02001678,Corstorphine North,"","","","","","","","","","","","",0,0,0,0,2.56,2.86
http://statistics.gov.scot/id/statistical-geography/S02001681,Corstorphine South,"","","","","","","","","","","","",2.56,5,5,4.88,2.08,1.79
http://statistics.gov.scot/id/statistical-geography/S02002245,Coupar Angus and Meigle,"","","","","","","","","","","","",10,6.25,2.08,2.33,3.7,1.89
http://statistics.gov.scot/id/statistical-geography/S02001256,Cove North,"","","","","","","","","","","","",5.56,9.88,6.67,5.88,1.67,0.00
http://statistics.gov.scot/id/statistical-geography/S02001255,Cove South,"","","","","","","","","","","","",3.66,3.41,1.37,1.67,5.17,9.43
http://statistics.gov.scot/id/statistical-geography/S02001384,Cowal North,"","","","","","","","","","","","",3.7,0,0,0,0,5
http://statistics.gov.scot/id/statistical-geography/S02001383,Cowal South,"","","","","","","","","","","","",7.41,8.33,5,5.56,4.76,10
http://statistics.gov.scot/id/statistical-geography/S02001771,Cowdenbeath North,"","","","","","","","","","","","",10.67,7.04,4.44,5.43,4.71,7.14
http://statistics.gov.scot/id/statistical-geography/S02001770,Cowdenbeath South,"","","","","","","","","","","","",17.39,14,8.57,11.76,15.79,17.07
http://statistics.gov.scot/id/statistical-geography/S02002441,Cowie,"","","","","","","","","","","","",8.47,12.7,14.06,17.31,13.64,11.63
http://statistics.gov.scot/id/statistical-geography/S02001924,Cowlairs and Port Dundas,"","","","","","","","","","","","",7.04,8.82,7.94,20,23.26,23.08
http://statistics.gov.scot/id/statistical-geography/S02002334,Coylton,"","","","","","","","","","","","",6,3.92,4.35,6.38,4.35,4.55
http://statistics.gov.scot/id/statistical-geography/S02001915,Craigend and Ruchazie,"","","","","","","","","","","","",19.54,12.05,9.68,10.2,12.5,9.52
http://statistics.gov.scot/id/statistical-geography/S02001636,Craigentinny,"","","","","","","","","","","","",0,0,0,0,4.55,3.23
http://statistics.gov.scot/id/statistical-geography/S02002341,Craigie,"","","","","","","","","","","","",3.12,5.88,2.78,11.43,10,11.11
http://statistics.gov.scot/id/statistical-geography/S02001454,Craigie and  Craigiebank,"","","","","","","","","","","","",7.14,9.84,12.5,7.84,12.24,11.11
http://statistics.gov.scot/id/statistical-geography/S02001663,"Craigleith, Orchard Brae and Crewe Toll","","","","","","","","","","","","",3.7,0,2.08,2,1.96,0.00
http://statistics.gov.scot/id/statistical-geography/S02001593,Craiglockhart,"","","","","","","","","","","","",0,0,0,0,0,0.00
http://statistics.gov.scot/id/statistical-geography/S02001627,Craigmillar,"","","","","","","","","","","","",12.5,13.24,17.05,15.12,13.64,11.34
http://statistics.gov.scot/id/statistical-geography/S02002182,Craigneuk Airdrie,"","","","","","","","","","","","",10.53,8.93,7.14,2.86,6.25,8.33
http://statistics.gov.scot/id/statistical-geography/S02002139,Craigneuk Wishaw,"","","","","","","","","","","","",22.11,22.73,25.32,27.03,21.74,23.38
http://statistics.gov.scot/id/statistical-geography/S02002487,Craigshill,"","","","","","","","","","","","",12.9,11.29,11.76,9.72,11.43,13.85
http://statistics.gov.scot/id/statistical-geography/S02001857,Craigton,"","","","","","","","","","","","",5.45,5.36,6.52,4.55,2.38,5.13
http://statistics.gov.scot/id/statistical-geography/S02001833,Crail and Boarhills,"","","","","","","","","","","","",9.09,0,0,3.7,3.7,3.85
http://statistics.gov.scot/id/statistical-geography/S02001673,Cramond,"","","","","","","","","","","","",6.25,0,0,0,0,0.00
http://statistics.gov.scot/id/statistical-geography/S02001914,"Cranhill, Lightburn and Queenslie South","","","","","","","","","","","","",17.71,19,18.82,16.3,16.67,14.29
http://statistics.gov.scot/id/statistical-geography/S02001299,Crathes and Torphins,"","","","","","","","","","","","",2.33,0,0,0,2.17,2.22
http://statistics.gov.scot/id/statistical-geography/S02002225,Crieff North,"","","","","","","","","","","","",8,4.55,0,0,10,10
http://statistics.gov.scot/id/statistical-geography/S02002226,Crieff South,"","","","","","","","","","","","",12.96,10.91,8.62,6.35,7.84,10.26
http://statistics.gov.scot/id/statistical-geography/S02001300,Cromar and Kildrummy,"","","","","","","","","","","","",3.33,6.9,5,5,4.65,3.45
http://statistics.gov.scot/id/statistical-geography/S02001561,Crookfur and Fruin,"","","","","","","","","","","","",2.5,0,0,0,0,0.00
http://statistics.gov.scot/id/statistical-geography/S02001847,Crookston North,"","","","","","","","","","","","",17.07,11.63,9.76,10.26,5.56,3.23
http://statistics.gov.scot/id/statistical-geography/S02001846,Crookston South,"","","","","","","","","","","","",30.43,36.84,37.14,38.24,22.86,10
http://statistics.gov.scot/id/statistical-geography/S02001557,Cross Stobbs,"","","","","","","","","","","","",6.9,3.33,2.63,2.7,2.44,0.00
http://statistics.gov.scot/id/statistical-geography/S02001743,Crossford Charlestown and Limekilns,"","","","","","","","","","","","",9.09,5.88,3.33,2.63,0,0.00
http://statistics.gov.scot/id/statistical-geography/S02002363,"Crossford, Braidwood and Yieldshields","","","","","","","","","","","","",11.76,9.68,9.38,7.14,8.7,7.41
http://statistics.gov.scot/id/statistical-geography/S02001768,Crossgates and Halbeath,"","","","","","","","","","","","",5.17,4,0,4.26,6.25,9.62
http://statistics.gov.scot/id/statistical-geography/S02002429,Crosshouse and Lindsayfield,"","","","","","","","","","","","",6.15,11.43,10.96,8.11,3.75,3.85
http://statistics.gov.scot/id/statistical-geography/S02001504,"Crosshouse, Gatehead and Kilmaurs Rural","","","","","","","","","","","","",1.92,2.22,2,5.88,6.56,5.88
http://statistics.gov.scot/id/statistical-geography/S02001333,Cruden,"","","","","","","","","","","","",10.26,7.32,3.03,1.64,1.72,4.62
http://statistics.gov.scot/id/statistical-geography/S02002077,"Cullen, Portknockie, Findochty, Drybridge and Berryhillock","","","","","","","","","","","","",8,8.51,18,20,23.53,14.29
http://statistics.gov.scot/id/statistical-geography/S02001236,Culter,"","","","","","","","","","","","",1.35,1.3,1.23,1.47,1.43,3.28
http://statistics.gov.scot/id/statistical-geography/S02001238,"Cults, Bieldside and Milltimber East","","","","","","","","","","","","",0,1.64,1.72,1.54,0,1.89
http://statistics.gov.scot/id/statistical-geography/S02001237,"Cults, Bieldside and Milltimber West","","","","","","","","","","","","",0,0,0,0,0,0.00
http://statistics.gov.scot/id/statistical-geography/S02002202,Cumbernauld Central,"","","","","","","","","","","","",24.39,28.12,22.73,27.69,25,20.69
http://statistics.gov.scot/id/statistical-geography/S02001272,Cummings Park,"","","","","","","","","","","","",23.81,12.9,8.47,5.88,5.08,3.17
http://statistics.gov.scot/id/statistical-geography/S02001484,Cumnock North,"","","","","","","","","","","","",19.05,11.11,0,6.38,8,10
http://statistics.gov.scot/id/statistical-geography/S02001481,Cumnock Rural,"","","","","","","","","","","","",10,10.53,17.86,18.52,18.37,10.64
http://statistics.gov.scot/id/statistical-geography/S02001483,Cumnock South and Craigens,"","","","","","","","","","","","",19.57,19.32,18.18,16.67,16,11.76
http://statistics.gov.scot/id/statistical-geography/S02001827,Cupar Central,"","","","","","","","","","","","",5.26,17.54,18.75,22.58,16.67,15.15
http://statistics.gov.scot/id/statistical-geography/S02001828,Cupar East,"","","","","","","","","","","","",2.44,4.08,4.17,2.22,2.86,3.13
http://statistics.gov.scot/id/statistical-geography/S02001826,Cupar West and Springfield,"","","","","","","","","","","","",5.13,5.71,11.9,11.43,13.51,6.67
http://statistics.gov.scot/id/statistical-geography/S02001578,Currie East,"","","","","","","","","","","","",7.14,7.69,4.55,0,3.23,3.03
http://statistics.gov.scot/id/statistical-geography/S02001577,Currie West,"","","","","","","","","","","","",8.33,7.14,3.23,6.25,6.67,4.76
http://statistics.gov.scot/id/statistical-geography/S02001829,Dairsie Ceres and Dunino,"","","","","","","","","","","","",17.39,12.5,0,0,0,0.00
http://statistics.gov.scot/id/statistical-geography/S02001416,Dalbeattie,"","","","","","","","","","","","",6.98,5.26,5.88,9.09,15.79,11.9
http://statistics.gov.scot/id/statistical-geography/S02001417,Dalbeattie Rural,"","","","","","","","","","","","",0,0,0,0,0,0.00
http://statistics.gov.scot/id/statistical-geography/S02001766,Dalgety Bay Central,"","","","","","","","","","","","",5.36,5.66,11.63,7.14,5.41,0.00
http://statistics.gov.scot/id/statistical-geography/S02001767,Dalgety Bay East,"","","","","","","","","","","","",0,0,0,0,15.79,16.67
http://statistics.gov.scot/id/statistical-geography/S02001765,Dalgety Bay West and Hillend,"","","","","","","","","","","","",2.78,4.76,5.71,5.71,3.7,0.00
http://statistics.gov.scot/id/statistical-geography/S02002066,Dalkeith,"","","","","","","","","","","","",26.32,34.62,25.93,21.62,8.82,9.52
http://statistics.gov.scot/id/statistical-geography/S02001893,Dalmarnock,"","","","","","","","","","","","",10.64,10.2,10,8.43,6.33,5.48
http://statistics.gov.scot/id/statistical-geography/S02001684,"Dalmeny, Kirkliston and Newbridge","","","","","","","","","","","","",6.98,6.82,5.08,4,4.49,1.79
http://statistics.gov.scot/id/statistical-geography/S02002342,Dalmilling,"","","","","","","","","","","","",22.03,23.08,22.22,21.05,17.39,14.58
http://statistics.gov.scot/id/statistical-geography/S02002123,Dalry East and Rural,"","","","","","","","","","","","",26.32,24.24,22.86,21.88,18.18,16.22
http://statistics.gov.scot/id/statistical-geography/S02002124,Dalry West,"","","","","","","","","","","","",13.51,16.22,17.39,14.63,17.07,24.24
http://statistics.gov.scot/id/statistical-geography/S02001619,Dalry and Fountainbridge,"","","","","","","","","","","","",1.14,1.22,0,0,1.16,2.99
http://statistics.gov.scot/id/statistical-geography/S02001279,Danestone,"","","","","","","","","","","","",10,6.06,4.69,5.77,5.26,1.92
http://statistics.gov.scot/id/statistical-geography/S02001842,Darnley East,"","","","","","","","","","","","",19.8,20.59,21.74,12.94,10.26,8.22
http://statistics.gov.scot/id/statistical-geography/S02001843,Darnley North,"","","","","","","","","","","","",11.9,9.76,7.89,2.13,0,0.00
http://statistics.gov.scot/id/statistical-geography/S02001844,Darnley West,"","","","","","","","","","","","",7.07,4.35,3.23,0,1.01,0.97
http://statistics.gov.scot/id/statistical-geography/S02001489,Darvel,"","","","","","","","","","","","",6.25,6,6.82,10.87,10.26,10.81
http://statistics.gov.scot/id/statistical-geography/S02001498,Dean and New Farm Loch North,"","","","","","","","","","","","",17.78,15.38,13.16,11.36,15.91,11.63
http://statistics.gov.scot/id/statistical-geography/S02002493,Deans,"","","","","","","","","","","","",16.13,17.86,19.23,4.17,7.41,7.14
http://statistics.gov.scot/id/statistical-geography/S02001660,Deans Village,"","","","","","","","","","","","",1.33,0,0,0,1.32,1.37
http://statistics.gov.scot/id/statistical-geography/S02002483,Dedridge East,"","","","","","","","","","","","",12.7,9.26,13.11,12.9,16.36,12
http://statistics.gov.scot/id/statistical-geography/S02001330,Deer and Mormond,"","","","","","","","","","","","",6.56,4.41,4.29,7.58,6.56,5.97
http://statistics.gov.scot/id/statistical-geography/S02002315,Denholm and Hermitage,"","","","","","","","","","","","",12.2,7.69,5.26,0,0,0.00
http://statistics.gov.scot/id/statistical-geography/S02001284,Denmore,"","","","","","","","","","","","",1.79,1.79,2.86,2.33,2.38,1.25
http://statistics.gov.scot/id/statistical-geography/S02001930,Dennistoun,"","","","","","","","","","","","",6.38,3.23,6.02,2.41,5.19,4.05
http://statistics.gov.scot/id/statistical-geography/S02001927,Dennistoun North,"","","","","","","","","","","","",8.25,9,8,5.56,7.32,5.88
http://statistics.gov.scot/id/statistical-geography/S02001698,Denny - Nethermains,"","","","","","","","","","","","",5.56,8.33,10.94,14.81,13.33,8.7
http://statistics.gov.scot/id/statistical-geography/S02002017,Dingwall,"","","","","","","","","","","","",16.3,18.89,14.61,10.23,11.25,10.67
http://statistics.gov.scot/id/statistical-geography/S02001449,Docks and Wellgate,"","","","","","","","","","","","",8.75,8.25,4.85,6.73,6.74,10.81
http://statistics.gov.scot/id/statistical-geography/S02001399,Dollar and Muckhart,"","","","","","","","","","","","",4,3.57,0,0,0,0.00
http://statistics.gov.scot/id/statistical-geography/S02001477,Doon Valley North,"","","","","","","","","","","","",12.5,10,10.53,14,10.71,8.77
http://statistics.gov.scot/id/statistical-geography/S02001476,Doon Valley South,"","","","","","","","","","","","",13.51,10,13.33,23.08,24,28.89
http://statistics.gov.scot/id/statistical-geography/S02001457,Douglas East,"","","","","","","","","","","","",22.22,31.25,27.59,25.71,18.18,20.69
http://statistics.gov.scot/id/statistical-geography/S02001455,Douglas West,"","","","","","","","","","","","",31.03,27.4,19.44,19.7,19.12,20
http://statistics.gov.scot/id/statistical-geography/S02002368,"Douglas, Coalburn and Rigside","","","","","","","","","","","","",17.24,15.09,12.5,8.33,12,10.64
http://statistics.gov.scot/id/statistical-geography/S02001957,Dowanhill,"","","","","","","","","","","","",0,0,0,0,0,0.00
http://statistics.gov.scot/id/statistical-geography/S02001467,Downfield,"","","","","","","","","","","","",7.81,8.62,5.77,10.34,10,11.86
http://statistics.gov.scot/id/statistical-geography/S02002100,Dreghorn,"","","","","","","","","","","","",10.91,7.5,5.71,8.82,12.5,12.12
http://statistics.gov.scot/id/statistical-geography/S02001479,Drongan,"","","","","","","","","","","","",15.38,13.04,7.69,13.64,12.5,17.14
http://statistics.gov.scot/id/statistical-geography/S02001975,Drumchapel North,"","","","","","","","","","","","",30.77,26.47,20.51,14.47,15.19,17.65
http://statistics.gov.scot/id/statistical-geography/S02001974,Drumchapel South,"","","","","","","","","","","","",20.93,11.9,7.32,0,7.89,11.76
http://statistics.gov.scot/id/statistical-geography/S02002189,Drumgelloch,"","","","","","","","","","","","",7.14,10.14,7.04,9.52,5,7.41
http://statistics.gov.scot/id/statistical-geography/S02001855,Drumoyne and Shieldhall,"","","","","","","","","","","","",14.78,13.13,7.77,7.06,4.82,8.7
http://statistics.gov.scot/id/statistical-geography/S02002172,Drumpellier and Langloan,"","","","","","","","","","","","",13.89,18.75,15.62,3.33,0,4.35
http://statistics.gov.scot/id/statistical-geography/S02001976,Drumry East,"","","","","","","","","","","","",19.05,22.73,27.45,27.78,21.15,18.87
http://statistics.gov.scot/id/statistical-geography/S02001977,Drumry West,"","","","","","","","","","","","",16.39,11.54,10.87,10,13.16,10.53
http://statistics.gov.scot/id/statistical-geography/S02001665,Drylaw,"","","","","","","","","","","","",12.2,10.87,13.46,13.04,10.2,8.33
http://statistics.gov.scot/id/statistical-geography/S02001633,Duddingston and Portobello South,"","","","","","","","","","","","",0,0,0,0,0,0.00
http://statistics.gov.scot/id/statistical-geography/S02001430,Dumfries Central,"","","","","","","","","","","","",11.67,17.54,15.87,21.43,24.14,22.92
http://statistics.gov.scot/id/statistical-geography/S02002455,Dunblane East,"","","","","","","","","","","","",0,3.03,2.56,3.03,0,0.00
http://statistics.gov.scot/id/statistical-geography/S02002456,Dunblane West,"","","","","","","","","","","","",2.17,5,5.41,3.33,0,2.56
http://statistics.gov.scot/id/statistical-geography/S02002350,"Dundonald, Loans and Symington","","","","","","","","","","","","",7.84,7.27,6.15,6.56,3.08,0.00
http://statistics.gov.scot/id/statistical-geography/S02002171,Dundyvan,"","","","","","","","","","","","",12.82,17.65,11.84,15.28,7.69,9.76
http://statistics.gov.scot/id/statistical-geography/S02001296,"Dunecht, Durris and Drumoak","","","","","","","","","","","","",3.64,4,3.39,1.56,0,0.00
http://statistics.gov.scot/id/statistical-geography/S02001753,Dunfermline Abbeyview North,"","","","","","","","","","","","",15.15,15.28,16.46,19.18,12.68,11.11
http://statistics.gov.scot/id/statistical-geography/S02001754,Dunfermline Abbeyview South,"","","","","","","","","","","","",15.91,9.76,13.04,15.22,15.56,13.33
http://statistics.gov.scot/id/statistical-geography/S02001745,Dunfermline Baldridgeburn,"","","","","","","","","","","","",4.48,7.35,8.7,12.86,10.94,9.68
http://statistics.gov.scot/id/statistical-geography/S02001750,Dunfermline Bellyeoman and Townhill,"","","","","","","","","","","","",7.14,10.34,11.67,10.91,7.27,3.85
http://statistics.gov.scot/id/statistical-geography/S02001748,Dunfermline Brucefield,"","","","","","","","","","","","",14.52,13.21,16.67,23.08,21.28,16.67
http://statistics.gov.scot/id/statistical-geography/S02001747,Dunfermline Central,"","","","","","","","","","","","",5.66,8.33,8,5.66,3.85,2.08
http://statistics.gov.scot/id/statistical-geography/S02001751,Dunfermline Duloch North and Lynebank,"","","","","","","","","","","","",2.13,2.88,4.62,4.8,3.33,0.78
http://statistics.gov.scot/id/statistical-geography/S02001755,Dunfermline Duloch South,"","","","","","","","","","","","",7.14,3.03,1.64,1.49,1.69,1.89
http://statistics.gov.scot/id/statistical-geography/S02001749,Dunfermline Garvock Hill,"","","","","","","","","","","","",3.23,3.7,0,0,0,0.00
http://statistics.gov.scot/id/statistical-geography/S02001746,Dunfermline Headwell,"","","","","","","","","","","","",13.58,11.84,9.52,7.23,6.1,5.41
http://statistics.gov.scot/id/statistical-geography/S02001756,Dunfermline Masterton,"","","","","","","","","","","","",1.2,0,0,0,1.37,1.49
http://statistics.gov.scot/id/statistical-geography/S02001744,Dunfermline Milesmark and Wellwood,"","","","","","","","","","","","",11.11,9.3,11.9,9.3,6.12,4.35
http://statistics.gov.scot/id/statistical-geography/S02001757,Dunfermline Pitcorthie East,"","","","","","","","","","","","",6.67,8.2,7.94,4.84,4.44,1.96
http://statistics.gov.scot/id/statistical-geography/S02001758,Dunfermline Pitcorthie West,"","","","","","","","","","","","",5.88,3.57,4.55,8,8.7,7.69
http://statistics.gov.scot/id/statistical-geography/S02001752,Dunfermline Touch and Woodmill,"","","","","","","","","","","","",19.64,17.86,16.67,10.87,6.98,11.36
http://statistics.gov.scot/id/statistical-geography/S02001696,Dunipace,"","","","","","","","","","","","",12.07,8,4.35,2.27,4.17,6.98
http://statistics.gov.scot/id/statistical-geography/S02001386,Dunoon,"","","","","","","","","","","","",16.92,17.19,17.86,10.17,5,6.78
http://statistics.gov.scot/id/statistical-geography/S02002304,Duns,"","","","","","","","","","","","",12.5,9.09,2.7,5.13,2.56,3.23
http://statistics.gov.scot/id/statistical-geography/S02001558,"Dunterlie, East Arthurlie and Dovecothall","","","","","","","","","","","","",12.15,12.24,17.86,17.2,17.44,9.41
http://statistics.gov.scot/id/statistical-geography/S02001305,Durno-Chapel of Garioch,"","","","","","","","","","","","",3.66,2.47,1.94,0,0,0.00
http://statistics.gov.scot/id/statistical-geography/S02001278,Dyce,"","","","","","","","","","","","",5.33,5.13,5.33,5.71,5.08,5
http://statistics.gov.scot/id/statistical-geography/S02001796,Dysart,"","","","","","","","","","","","",22.86,17.81,15.15,7.94,9.62,11.11
http://statistics.gov.scot/id/statistical-geography/S02001565,Eaglesham and Waterfoot,"","","","","","","","","","","","",4.17,4,3.92,3.85,1.82,0.00
http://statistics.gov.scot/id/statistical-geography/S02002296,Earlston Stow and Clovernfords Area,"","","","","","","","","","","","",7.14,5.13,5.26,1.72,4.69,3.57
http://statistics.gov.scot/id/statistical-geography/S02001492,Earlston and Hurlford Rural,"","","","","","","","","","","","",15.19,17.65,17.5,11.11,12.73,13.56
http://statistics.gov.scot/id/statistical-geography/S02002389,Earnock,"","","","","","","","","","","","",3.28,1.64,1.64,1.41,1.79,0.00
http://statistics.gov.scot/id/statistical-geography/S02001285,East Cairngorms,"","","","","","","","","","","","",3.57,3.12,3.57,3.7,5.26,0.00
http://statistics.gov.scot/id/statistical-geography/S02002485,East Calder,"","","","","","","","","","","","",0,6.45,4.65,1.92,0,2.9
http://statistics.gov.scot/id/statistical-geography/S02001507,East Clober and Mains Estate,"","","","","","","","","","","","",10.64,11.36,15.62,18.75,16,8.33
http://statistics.gov.scot/id/statistical-geography/S02001676,East Craigs North,"","","","","","","","","","","","",12.12,6.98,0,2,6.52,11.36
http://statistics.gov.scot/id/statistical-geography/S02001677,East Craigs South,"","","","","","","","","","","","",0,0,2.33,4.35,3.23,1.79
http://statistics.gov.scot/id/statistical-geography/S02002217,East Kirkwall,"","","","","","","","","","","","",14.29,10,2.94,2.86,3.12,4.55
http://statistics.gov.scot/id/statistical-geography/S02002215,East Mainland,"","","","","","","","","","","","",3.28,4.55,6.25,4.69,5.36,4.08
http://statistics.gov.scot/id/statistical-geography/S02002422,East Mains,"","","","","","","","","","","","",6.25,0,0,3.45,3.03,3.03
http://statistics.gov.scot/id/statistical-geography/S02002326,East and West Mainland,"","","","","","","","","","","","",3.45,4.4,4,4.08,0,0.00
http://statistics.gov.scot/id/statistical-geography/S02001645,Easter Road and Hawkhill Avenue,"","","","","","","","","","","","",0,1.32,1.39,1.54,2.22,2.7
http://statistics.gov.scot/id/statistical-geography/S02001904,Easterhouse East,"","","","","","","","","","","","",19.64,18.87,12.73,8.47,7.84,7.14
http://statistics.gov.scot/id/statistical-geography/S02002068,Easthouses,"","","","","","","","","","","","",25.71,22.22,16.67,11.11,8.33,6.67
http://statistics.gov.scot/id/statistical-geography/S02001443,Eastriggs,"","","","","","","","","","","","",16,8.33,5.26,8.33,9.09,3.7
http://statistics.gov.scot/id/statistical-geography/S02002381,Eddlewood,"","","","","","","","","","","","",10.91,7.27,2.7,2.5,3.12,5.26
http://statistics.gov.scot/id/statistical-geography/S02002262,Elderslie and Phoenix,"","","","","","","","","","","","",4.23,5.56,5.71,6.85,4.29,3.95
http://statistics.gov.scot/id/statistical-geography/S02002088,Elgin Bishopmill East and Ladyhill,"","","","","","","","","","","","",15.62,13.56,10.91,6.12,4.26,2.5
http://statistics.gov.scot/id/statistical-geography/S02002089,Elgin Bishopmill West and Newfield,"","","","","","","","","","","","",11.11,10.29,5.56,1.54,1.64,4.26
http://statistics.gov.scot/id/statistical-geography/S02002084,Elgin Cathedral to Ashgrove and Pinefield,"","","","","","","","","","","","",11.11,13.68,14.89,14.44,17.95,16.09
http://statistics.gov.scot/id/statistical-geography/S02002087,Elgin Central West,"","","","","","","","","","","","",0,3.57,5.88,6.06,6.9,6.67
http://statistics.gov.scot/id/statistical-geography/S02001830,Elie Colinsburgh and Largoward,"","","","","","","","","","","","",5.26,12.5,11.76,6.67,0,7.14
http://statistics.gov.scot/id/statistical-geography/S02001313,Ellon East,"","","","","","","","","","","","",6.59,4,2.83,1.87,1.82,1.77
http://statistics.gov.scot/id/statistical-geography/S02001314,Ellon West,"","","","","","","","","","","","",12.5,13.64,11.29,4.08,2.17,0.00
http://statistics.gov.scot/id/statistical-geography/S02002243,Errol and Inchture,"","","","","","","","","","","","",5.88,3.41,2.27,2.47,1.75,2.17
http://statistics.gov.scot/id/statistical-geography/S02002284,Erskine Central,"","","","","","","","","","","","",17.78,14.29,4.76,0,0,1.67
http://statistics.gov.scot/id/statistical-geography/S02002283,Erskine East and Inchinnan,"","","","","","","","","","","","",3.9,1.52,3.57,3.85,3.51,3.45
http://statistics.gov.scot/id/statistical-geography/S02002285,Erskine West,"","","","","","","","","","","","",11.48,11.54,11.29,3.08,3.8,4.05
http://statistics.gov.scot/id/statistical-geography/S02002063,Eskbank,"","","","","","","","","","","","",0,0,3.33,0,0,0.00
http://statistics.gov.scot/id/statistical-geography/S02002320,Ettrick Yarrow and Liliesleaf Area,"","","","","","","","","","","","",0,0,0,4.35,3.57,3.57
http://statistics.gov.scot/id/statistical-geography/S02002306,Eyemouth,"","","","","","","","","","","","",9.09,11.32,11.36,11.11,8.89,12.82
http://statistics.gov.scot/id/statistical-geography/S02002386,Fairhill,"","","","","","","","","","","","",19.51,19.51,25.71,26.47,29.17,27.78
http://statistics.gov.scot/id/statistical-geography/S02002125,Fairlie and Rural,"","","","","","","","","","","","",14.81,13.04,12,4.17,0,0.00
http://statistics.gov.scot/id/statistical-geography/S02001599,Fairmilehead,"","","","","","","","","","","","",18.75,10,2.38,0,0,0.00
http://statistics.gov.scot/id/statistical-geography/S02001468,Fairmuir,"","","","","","","","","","","","",8.89,6.12,7.27,10.34,14.81,14
http://statistics.gov.scot/id/statistical-geography/S02001711,Falkirk - Bainsford and Langlees,"","","","","","","","","","","","",15.58,20,20.48,19.77,15.38,15.49
http://statistics.gov.scot/id/statistical-geography/S02001716,Falkirk - Bantaskin,"","","","","","","","","","","","",8.89,10.87,6.25,4.76,2.33,5.41
http://statistics.gov.scot/id/statistical-geography/S02001717,Falkirk - Camelon East,"","","","","","","","","","","","",9.8,9.8,9.09,10.87,8.51,6.38
http://statistics.gov.scot/id/statistical-geography/S02001718,Falkirk - Camelon West,"","","","","","","","","","","","",19.05,15.22,15.56,14.63,16.13,15.63
http://statistics.gov.scot/id/statistical-geography/S02001713,Falkirk - Grahamston,"","","","","","","","","","","","",11.11,10.59,7.41,3.7,6.06,5.17
http://statistics.gov.scot/id/statistical-geography/S02001720,Falkirk - Lochgreen and Lionthorn,"","","","","","","","","","","","",2.04,2.33,0,0,0,0.00
http://statistics.gov.scot/id/statistical-geography/S02001712,Falkirk - Merchiston and New Carron Village,"","","","","","","","","","","","",6.41,9.21,4.35,6.67,6.25,6.25
http://statistics.gov.scot/id/statistical-geography/S02001714,Falkirk - Middlefield,"","","","","","","","","","","","",13.25,9.52,7.87,6.25,6.67,6.58
http://statistics.gov.scot/id/statistical-geography/S02001719,Falkirk - Tamfourhill,"","","","","","","","","","","","",14.29,18.18,17.14,18.92,19.35,15.15
http://statistics.gov.scot/id/statistical-geography/S02001715,Falkirk - Town Centre and Callendar Park,"","","","","","","","","","","","",6.98,5.71,3.03,5.26,5,2.78
http://statistics.gov.scot/id/statistical-geography/S02001823,Falkland and Freuchie,"","","","","","","","","","","","",7.41,13.79,14.29,12.5,0,0.00
http://statistics.gov.scot/id/statistical-geography/S02002442,Fallin,"","","","","","","","","","","","",7.27,5.45,5.26,7.84,9.3,6.98
http://statistics.gov.scot/id/statistical-geography/S02002166,Fallside,"","","","","","","","","","","","",15.38,12.68,6.85,6.41,8.97,6.94
http://statistics.gov.scot/id/statistical-geography/S02001697,"Fankerton, Stoneywood and Denny Town","","","","","","","","","","","","",4.48,8.06,8.22,7.14,4.23,2.9
http://statistics.gov.scot/id/statistical-geography/S02002408,Farme Cross and Gallowflat North,"","","","","","","","","","","","",5.17,4.35,8.7,7.04,7.69,0.00
http://statistics.gov.scot/id/statistical-geography/S02002478,Fauldhouse,"","","","","","","","","","","","",11.9,8.51,6,4.35,13.33,10.87
http://statistics.gov.scot/id/statistical-geography/S02002415,Fernhill and Cathkin,"","","","","","","","","","","","",11.25,15.73,14.47,10.96,7.89,7.79
http://statistics.gov.scot/id/statistical-geography/S02001604,Fernieside and Moredun South,"","","","","","","","","","","","",12.12,11.36,6.67,2.38,5.13,4.35
http://statistics.gov.scot/id/statistical-geography/S02001251,Ferryhill North,"","","","","","","","","","","","",0.69,0.82,0.85,0,0,0.87
http://statistics.gov.scot/id/statistical-geography/S02001252,Ferryhill South,"","","","","","","","","","","","",2.02,1.09,0,0,0,0.00
http://statistics.gov.scot/id/statistical-geography/S02001290,"Fetteresso, Netherley and Catter","","","","","","","","","","","","",3.64,1.79,1.54,0,1.06,1.2
http://statistics.gov.scot/id/statistical-geography/S02002093,"Findhorn, Kinloss and Pluscarden Valley","","","","","","","","","","","","",8.47,7.35,3.28,1.64,1.92,3.77
http://statistics.gov.scot/id/statistical-geography/S02001936,Finnieston and Kelvinhaugh,"","","","","","","","","","","","",0,0,0,0,0.98,1.18
http://statistics.gov.scot/id/statistical-geography/S02001463,Fintry,"","","","","","","","","","","","",14.1,15,13.25,12.5,14.47,12.12
http://statistics.gov.scot/id/statistical-geography/S02001939,Firhill,"","","","","","","","","","","","",7.2,7.44,4.69,2.59,0.85,1.68
http://statistics.gov.scot/id/statistical-geography/S02001397,"Fishcross, Devon Village and Coalsnaughton","","","","","","","","","","","","",14.29,17.86,20.69,10.34,7.32,3.03
http://statistics.gov.scot/id/statistical-geography/S02002081,"Fochabers, Aultmore, Clochan and Ordiquish","","","","","","","","","","","","",3.12,10.71,18.52,29.63,21.21,13.89
http://statistics.gov.scot/id/statistical-geography/S02001365,Forfar Central,"","","","","","","","","","","","",22.08,19.18,10.45,9.68,13.85,18.18
http://statistics.gov.scot/id/statistical-geography/S02001364,Forfar East,"","","","","","","","","","","","",7.84,11.76,10.2,9.09,8.82,5.41
http://statistics.gov.scot/id/statistical-geography/S02001366,Forfar West,"","","","","","","","","","","","",15.62,11.29,7.94,11.11,11.11,14.58
http://statistics.gov.scot/id/statistical-geography/S02002159,Forgewood,"","","","","","","","","","","","",7.14,8.24,8.82,8.96,12.7,10.17
http://statistics.gov.scot/id/statistical-geography/S02002094,Forres Central East and seaward,"","","","","","","","","","","","",5.56,3.33,2.7,5.56,6.45,10
http://statistics.gov.scot/id/statistical-geography/S02002095,Forres South West and Mannachie,"","","","","","","","","","","","",13.56,11.67,10.71,13.64,11.63,7.89
http://statistics.gov.scot/id/statistical-geography/S02001979,Fort William North,"","","","","","","","","","","","",17.11,16.67,14.89,10.87,10,14.29
http://statistics.gov.scot/id/statistical-geography/S02001980,Fort William South,"","","","","","","","","","","","",13.16,17.07,14.12,15.66,13.33,10.71
http://statistics.gov.scot/id/statistical-geography/S02002454,Forth,"","","","","","","","","","","","",6.52,4.76,4.65,2.38,2.04,0.00
http://statistics.gov.scot/id/statistical-geography/S02002357,"Forth, Braehead and Auchengray","","","","","","","","","","","","",17.02,10,17.24,19.05,22.73,12.82
http://statistics.gov.scot/id/statistical-geography/S02001342,Fraserburgh Central-Academy,"","","","","","","","","","","","",2.33,2.33,3.77,8.89,8.89,9.09
http://statistics.gov.scot/id/statistical-geography/S02001343,Fraserburgh Harbour and Broadsea,"","","","","","","","","","","","",20.29,23.44,22.22,25,28.57,22.81
http://statistics.gov.scot/id/statistical-geography/S02001341,Fraserburgh Lochpots,"","","","","","","","","","","","",11.76,9.76,10.64,8.62,8.82,6.9
http://statistics.gov.scot/id/statistical-geography/S02001340,Fraserburgh Smiddyhill,"","","","","","","","","","","","",7.27,6.56,5.17,1.72,3.64,6.12
http://statistics.gov.scot/id/statistical-geography/S02001360,Friockheim,"","","","","","","","","","","","",10.26,7.41,5.71,3.12,5.56,9.38
http://statistics.gov.scot/id/statistical-geography/S02001263,"Froghall, Powis and Sunnybank","","","","","","","","","","","","",5.1,4.12,3.33,6.74,6.58,5.95
http://statistics.gov.scot/id/statistical-geography/S02001318,Fyvie-Rothie,"","","","","","","","","","","","",10,12.5,7.14,4.26,2.38,7.89
http://statistics.gov.scot/id/statistical-geography/S02002297,Galashiels North,"","","","","","","","","","","","",9.09,8.62,7.69,9.62,6.82,2.38
http://statistics.gov.scot/id/statistical-geography/S02002299,Galashiels South,"","","","","","","","","","","","",16.67,12.5,8.33,7.14,10,6.45
http://statistics.gov.scot/id/statistical-geography/S02002298,Galashiels West,"","","","","","","","","","","","",25.71,16.67,12.77,9.09,8.51,10.2
http://statistics.gov.scot/id/statistical-geography/S02001931,Gallowgate North and Bellgrove,"","","","","","","","","","","","",5.48,2.99,3.28,4.26,6.52,5.26
http://statistics.gov.scot/id/statistical-geography/S02001491,Galston,"","","","","","","","","","","","",15.25,22.22,18.84,16.22,12.12,12.5
http://statistics.gov.scot/id/statistical-geography/S02002240,Gannochy and Walnut Grove,"","","","","","","","","","","","",15.38,15.62,4,0,0,0.00
http://statistics.gov.scot/id/statistical-geography/S02001328,Gardenstown and King Edward,"","","","","","","","","","","","",13.04,10.71,11.76,0,0,0.00
http://statistics.gov.scot/id/statistical-geography/S02001387,Garelochhead,"","","","","","","","","","","","",12.2,11.36,11.76,11.76,2.78,2.63
http://statistics.gov.scot/id/statistical-geography/S02001310,Garlogie and Elrick,"","","","","","","","","","","","",5,2.7,0,0,0,1.92
http://statistics.gov.scot/id/statistical-geography/S02001903,Garrowhill East and Swinton,"","","","","","","","","","","","",4.92,4.62,2.99,3.75,4.29,2.94
http://statistics.gov.scot/id/statistical-geography/S02001902,Garrowhill West,"","","","","","","","","","","","",4.76,2.17,0,0,0,0.00
http://statistics.gov.scot/id/statistical-geography/S02002192,Gartcosh and Marnock,"","","","","","","","","","","","",7.14,7.21,5.71,4.55,4.5,3.57
http://statistics.gov.scot/id/statistical-geography/S02001906,"Garthamlock, Auchinlea and Gartloch","","","","","","","","","","","","",6.19,6.06,5.13,4.65,3.91,2.54
http://statistics.gov.scot/id/statistical-geography/S02001239,Garthdee,"","","","","","","","","","","","",8.89,9.2,8.05,7.14,5.1,2.5
http://statistics.gov.scot/id/statistical-geography/S02002184,Gartlea,"","","","","","","","","","","","",18.6,26.67,20,16.67,7.89,5.71
http://statistics.gov.scot/id/statistical-geography/S02001413,Gatehouse,"","","","","","","","","","","","",0,3.85,7.41,7.69,8.7,4.35
http://statistics.gov.scot/id/statistical-geography/S02001261,George Street,"","","","","","","","","","","","",1.8,1.79,1.91,2.38,2.08,6.12
http://statistics.gov.scot/id/statistical-geography/S02001429,Georgetown,"","","","","","","","","","","","",5.88,10,10.53,6.06,4,3.57
http://statistics.gov.scot/id/statistical-geography/S02001600,Gilmerton South and the Murrays,"","","","","","","","","","","","",3.03,2.7,0,0,0,0.00
http://statistics.gov.scot/id/statistical-geography/S02002331,Girvan Ailsa,"","","","","","","","","","","","",10,9.68,14.29,11.43,12.5,8.33
http://statistics.gov.scot/id/statistical-geography/S02002330,Girvan Glendoune,"","","","","","","","","","","","",31.82,33.96,22.22,15,13.89,16.67
http://statistics.gov.scot/id/statistical-geography/S02001954,Glasgow Harbour and Partick South,"","","","","","","","","","","","",1.05,0.94,0.95,1.09,1.25,0.00
http://statistics.gov.scot/id/statistical-geography/S02002380,"Glassford, Quarter and Allanton","","","","","","","","","","","","",2.17,2.27,1.85,1.67,1.28,1.19
http://statistics.gov.scot/id/statistical-geography/S02002228,"Glenfarg, Dunning and Rhynd","","","","","","","","","","","","",6.45,3.23,2.27,0,0,0.00
http://statistics.gov.scot/id/statistical-geography/S02001418,Glenkens,"","","","","","","","","","","","",3.57,3.57,0,3.33,3.57,5
http://statistics.gov.scot/id/statistical-geography/S02002191,Glenmavis and Greengairs,"","","","","","","","","","","","",7.58,8.82,6.33,6.12,1.74,0.85
http://statistics.gov.scot/id/statistical-geography/S02001803,Glenrothes Auchmuty,"","","","","","","","","","","","",23.08,20,16.46,14.08,16.39,17.39
http://statistics.gov.scot/id/statistical-geography/S02001810,Glenrothes Balfarg Pitcairn and Coul,"","","","","","","","","","","","",17.65,22.22,16,9.09,4.35,7.41
http://statistics.gov.scot/id/statistical-geography/S02001807,Glenrothes Balgeddie and Town Park,"","","","","","","","","","","","",8.33,2.94,0,0,0,4.35
http://statistics.gov.scot/id/statistical-geography/S02001809,Glenrothes Cadham and Pitcoudie,"","","","","","","","","","","","",20,18.18,8.57,2.86,5.88,10.81
http://statistics.gov.scot/id/statistical-geography/S02001802,Glenrothes Caskieberran and Rimbleton,"","","","","","","","","","","","",25,15.07,12.66,13.25,12.33,10.94
http://statistics.gov.scot/id/statistical-geography/S02001808,Glenrothes Collydean,"","","","","","","","","","","","",30.56,28.95,23.68,12.12,10.53,17.14
http://statistics.gov.scot/id/statistical-geography/S02001800,Glenrothes Macedonia and Tanshall,"","","","","","","","","","","","",23.53,20.24,19.18,17.86,21.31,23.08
http://statistics.gov.scot/id/statistical-geography/S02001805,Glenrothes Pitteuchar,"","","","","","","","","","","","",5.48,3.33,6.56,11.11,9.52,10.53
http://statistics.gov.scot/id/statistical-geography/S02001801,Glenrothes South Parks,"","","","","","","","","","","","",6.9,5,17.65,15,15.38,9.52
http://statistics.gov.scot/id/statistical-geography/S02001804,Glenrothes Stenton and Finglassie,"","","","","","","","","","","","",24.32,11.9,7.69,9.52,12.12,10.34
http://statistics.gov.scot/id/statistical-geography/S02001806,Glenrothes Woodside,"","","","","","","","","","","","",17.24,10.71,13.33,10.71,14.71,12.5
http://statistics.gov.scot/id/statistical-geography/S02001882,Glenwood North,"","","","","","","","","","","","",14.85,13.13,11.11,13.04,17.54,12.73
http://statistics.gov.scot/id/statistical-geography/S02001881,Glenwood South,"","","","","","","","","","","","",12.66,16.22,16.18,23.44,11.76,16.39
http://statistics.gov.scot/id/statistical-geography/S02001889,Gorbals and Hutchesontown,"","","","","","","","","","","","",7.94,10.08,11.34,8.79,7.87,8.91
http://statistics.gov.scot/id/statistical-geography/S02002072,Gorebridge and Middleton,"","","","","","","","","","","","",7.69,15.15,15.91,15.56,10.53,10
http://statistics.gov.scot/id/statistical-geography/S02001591,Gorgie East,"","","","","","","","","","","","",1.35,1.61,0,0,2,3.85
http://statistics.gov.scot/id/statistical-geography/S02001590,Gorgie West,"","","","","","","","","","","","",6.1,6.17,4.26,3.23,1.22,2.35
http://statistics.gov.scot/id/statistical-geography/S02002039,"Gourock Central, Upper East and IRH","","","","","","","","","","","","",5.77,6.52,6.52,2.56,0,5.41
http://statistics.gov.scot/id/statistical-geography/S02002042,"Gourock East, Greenock West and Lyle Road","","","","","","","","","","","","",9.52,6.82,3.12,2.94,2.7,2.63
http://statistics.gov.scot/id/statistical-geography/S02002038,Gourock Upper and West Central and Upper Larkfield,"","","","","","","","","","","","",7.32,2.86,6.25,2.86,2.5,4.26
http://statistics.gov.scot/id/statistical-geography/S02001856,Govan and Linthouse,"","","","","","","","","","","","",11.41,8.16,5.6,3.51,8.18,10.19
http://statistics.gov.scot/id/statistical-geography/S02001866,Govanhill East and Aikenhead,"","","","","","","","","","","","",11,13.98,15.79,13.64,10.47,9.64
http://statistics.gov.scot/id/statistical-geography/S02001865,Govanhill West,"","","","","","","","","","","","",12.5,18.52,18.58,22.83,25.4,30.95
http://statistics.gov.scot/id/statistical-geography/S02001602,"Gracemount, Southhouse and Burdiehouse","","","","","","","","","","","","",20.69,14.29,14.49,10.67,8.33,6.76
http://statistics.gov.scot/id/statistical-geography/S02001503,"Grange, Howard and Gargieston","","","","","","","","","","","","",2.7,3.03,3.77,1.85,1.85,0.00
http://statistics.gov.scot/id/statistical-geography/S02001733,Grangemouth - Bowhouse,"","","","","","","","","","","","",20.31,20.69,8.62,14.52,15.62,20.37
http://statistics.gov.scot/id/statistical-geography/S02001732,Grangemouth - Kersiebank,"","","","","","","","","","","","",23.19,27.59,17.46,18.84,9.88,12.16
http://statistics.gov.scot/id/statistical-geography/S02001730,Grangemouth - Newlands,"","","","","","","","","","","","",15,19.35,15.15,12.7,6.45,3.64
http://statistics.gov.scot/id/statistical-geography/S02001731,Grangemouth - Town Centre,"","","","","","","","","","","","",7.41,8.7,8.51,4.65,2.33,4.17
http://statistics.gov.scot/id/statistical-geography/S02001668,Granton South and Wardieburn,"","","","","","","","","","","","",21.95,17.07,15.38,17.86,23.81,11.76
http://statistics.gov.scot/id/statistical-geography/S02001670,Granton West and Salvesen,"","","","","","","","","","","","",12.9,14.29,12.86,13.24,9.3,8.33
http://statistics.gov.scot/id/statistical-geography/S02001669,Granton and Royston Mains,"","","","","","","","","","","","",8.89,9.09,10.34,3.33,4.62,3.33
http://statistics.gov.scot/id/statistical-geography/S02001643,Great Junction Street,"","","","","","","","","","","","",2.78,3.08,5.33,5.68,5.26,2.82
http://statistics.gov.scot/id/statistical-geography/S02001376,Greater Lochgilphead,"","","","","","","","","","","","",13.79,14.58,10.64,3.39,3.28,7.27
http://statistics.gov.scot/id/statistical-geography/S02001595,Greenbank and The Braids,"","","","","","","","","","","","",0,0,0,0,0,0.00
http://statistics.gov.scot/id/statistical-geography/S02002178,Greenend and Carnbroe,"","","","","","","","","","","","",9.43,10.42,7.61,3.16,1.04,7.87
http://statistics.gov.scot/id/statistical-geography/S02002200,Greenfaulds,"","","","","","","","","","","","",13.56,7.41,7.69,11.11,12.24,10.64
http://statistics.gov.scot/id/statistical-geography/S02001909,Greenfield,"","","","","","","","","","","","",4.55,6.06,9.84,9.84,6.9,3.77
http://statistics.gov.scot/id/statistical-geography/S02002431,Greenhills,"","","","","","","","","","","","",21.57,19.51,12.82,10,10.87,12.5
http://statistics.gov.scot/id/statistical-geography/S02002047,Greenock East,"","","","","","","","","","","","",16.95,15.65,7.14,7,8.91,11.21
http://statistics.gov.scot/id/statistical-geography/S02002046,Greenock Town Centre and East Central,"","","","","","","","","","","","",13.54,9.3,8.11,9.52,11.94,8.7
http://statistics.gov.scot/id/statistical-geography/S02002045,Greenock Upper Central,"","","","","","","","","","","","",14.49,8.47,10.53,10,11.63,17.02
http://statistics.gov.scot/id/statistical-geography/S02002043,Greenock West and Central,"","","","","","","","","","","","",8.51,7.78,4.55,5.06,5.19,5
http://statistics.gov.scot/id/statistical-geography/S02001444,Gretna,"","","","","","","","","","","","",22.58,19.44,15.38,8.7,4.76,2.38
http://statistics.gov.scot/id/statistical-geography/S02002242,"Guildtown, Balbeggie and St Madoes","","","","","","","","","","","","",3.03,4.76,7.69,7.32,3.12,0.00
http://statistics.gov.scot/id/statistical-geography/S02002427,Hairmyres and Westwood West,"","","","","","","","","","","","",4.08,2.08,2.04,2.04,3.92,3.85
http://statistics.gov.scot/id/statistical-geography/S02002402,"Halfway, Hallside and Drumsagard","","","","","","","","","","","","",7.52,3.7,1.28,1.22,1.25,1.78
http://statistics.gov.scot/id/statistical-geography/S02001721,Hallglen and Glen Village,"","","","","","","","","","","","",12.68,9.68,10.91,20.41,21.57,20.41
http://statistics.gov.scot/id/statistical-geography/S02002384,Hamilton Centre and Low Parks,"","","","","","","","","","","","",6.35,3.51,0,1.75,5.17,5.41
http://statistics.gov.scot/id/statistical-geography/S02001260,Hanover North,"","","","","","","","","","","","",2.35,3.75,2.94,4,2.99,1.37
http://statistics.gov.scot/id/statistical-geography/S02001259,Hanover South,"","","","","","","","","","","","",7.35,7.46,7.58,1.75,1.79,5.17
http://statistics.gov.scot/id/statistical-geography/S02002374,Hareleeshill,"","","","","","","","","","","","",10,14.04,16.33,16,12,9.43
http://statistics.gov.scot/id/statistical-geography/S02001531,Harestanes,"","","","","","","","","","","","",10,8,6.25,4.08,7.32,11.9
http://statistics.gov.scot/id/statistical-geography/S02001689,Harris,"","","","","","","","","","","","",4.76,5.88,0,0,0,0.00
http://statistics.gov.scot/id/statistical-geography/S02002149,Harthill and Salsburgh,"","","","","","","","","","","","",16.84,16.67,11.69,9.3,7.45,7.61
http://statistics.gov.scot/id/statistical-geography/S02002164,Hattonrigg,"","","","","","","","","","","","",5.71,6.67,3.03,6.9,6.67,4.55
http://statistics.gov.scot/id/statistical-geography/S02002317,Hawick Central,"","","","","","","","","","","","",9.86,9.68,6.67,8.47,5.36,2.04
http://statistics.gov.scot/id/statistical-geography/S02002319,Hawick North,"","","","","","","","","","","","",21.95,16.67,13.95,10.81,8.57,12.77
http://statistics.gov.scot/id/statistical-geography/S02002318,Hawick West End,"","","","","","","","","","","","",11.36,13.51,15.79,14.29,9.38,8.57
http://statistics.gov.scot/id/statistical-geography/S02002367,Hazelbank and Kirkfieldbank,"","","","","","","","","","","","",11.9,11.63,8.51,5.41,2.5,5.26
http://statistics.gov.scot/id/statistical-geography/S02001243,Hazlehead,"","","","","","","","","","","","",1.22,1.15,3.66,6.76,6.06,1.45
http://statistics.gov.scot/id/statistical-geography/S02001699,Head of Muir and Dennyloanhead,"","","","","","","","","","","","",5,6.12,6.98,7.5,7.69,7.69
http://statistics.gov.scot/id/statistical-geography/S02002345,Heathfield,"","","","","","","","","","","","",10.29,8.2,12.7,9.8,8.33,2
http://statistics.gov.scot/id/statistical-geography/S02001433,Heathhall,"","","","","","","","","","","","",4.17,7.69,8.33,5.71,2.22,2.33
http://statistics.gov.scot/id/statistical-geography/S02001274,Heathryfold and Middlefield,"","","","","","","","","","","","",21,19.81,17.35,15.22,17.07,16.88
http://statistics.gov.scot/id/statistical-geography/S02002082,"Heldon West, Fogwatt to Inchberry","","","","","","","","","","","","",12.5,2.22,3.85,1.82,1.69,0.00
http://statistics.gov.scot/id/statistical-geography/S02001390,Helensburgh Centre,"","","","","","","","","","","","",13.46,9.3,10.53,12.12,10.26,10.81
http://statistics.gov.scot/id/statistical-geography/S02001391,Helensburgh East,"","","","","","","","","","","","",18.18,21.28,16.67,13.21,7.89,6.38
http://statistics.gov.scot/id/statistical-geography/S02001389,Helensburgh North,"","","","","","","","","","","","",8,4.65,0,4.26,4.17,6.52
http://statistics.gov.scot/id/statistical-geography/S02001388,Helensburgh West and Rhu,"","","","","","","","","","","","",7.14,0,0,2.5,2.27,4.44
http://statistics.gov.scot/id/statistical-geography/S02002391,High Blantyre,"","","","","","","","","","","","",7.94,3.45,0,4,6.25,7.55
http://statistics.gov.scot/id/statistical-geography/S02001702,High Bonnybridge and Greenhill,"","","","","","","","","","","","",8,10.53,12.5,8.62,4.84,1.67
http://statistics.gov.scot/id/statistical-geography/S02002413,High Crosshill,"","","","","","","","","","","","",2.08,3.28,3.28,3.28,0,0.00
http://statistics.gov.scot/id/statistical-geography/S02002459,Highland,"","","","","","","","","","","","",4,0,0,0,0,3.7
http://statistics.gov.scot/id/statistical-geography/S02001769,Hill of Beath and Kingseat,"","","","","","","","","","","","",26.67,21.82,23.53,16,15.22,7.69
http://statistics.gov.scot/id/statistical-geography/S02001528,Hillhead,"","","","","","","","","","","","",19.23,19.23,15.79,17.19,13.56,8.16
http://statistics.gov.scot/id/statistical-geography/S02001953,Hillhead,"","","","","","","","","","","","",2.5,2.53,2.9,1.3,1.43,1.27
http://statistics.gov.scot/id/statistical-geography/S02002390,Hillhouse,"","","","","","","","","","","","",24.69,19.48,13.33,10.61,17.24,14.29
http://statistics.gov.scot/id/statistical-geography/S02001854,Hillington,"","","","","","","","","","","","",13.43,16.9,13.11,10.71,7.69,9.62
http://statistics.gov.scot/id/statistical-geography/S02002444,Hillpark,"","","","","","","","","","","","",18.84,21.31,13.79,9.84,5.17,7.02
http://statistics.gov.scot/id/statistical-geography/S02001359,Hillside,"","","","","","","","","","","","",0,2.17,4.44,6.25,4.44,2.86
http://statistics.gov.scot/id/statistical-geography/S02001647,Hillside and Calton Hill,"","","","","","","","","","","","",3.33,3.49,2.13,1.2,1.43,0.00
http://statistics.gov.scot/id/statistical-geography/S02001450,Hilltown,"","","","","","","","","","","","",8.59,10.92,10.26,10.48,5.75,5.41
http://statistics.gov.scot/id/statistical-geography/S02002235,"Hillyland, Tulloch and Inveralmond","","","","","","","","","","","","",21.3,21.82,19.47,17.31,12.63,16.22
http://statistics.gov.scot/id/statistical-geography/S02001268,Hilton,"","","","","","","","","","","","",8.47,5.43,4.55,4.92,3.88,2.65
http://statistics.gov.scot/id/statistical-geography/S02002338,Holmston and Forehill,"","","","","","","","","","","","",3.51,4,3.64,3.51,3.7,4
http://statistics.gov.scot/id/statistical-geography/S02002160,Holytown,"","","","","","","","","","","","",9.76,11.11,10.47,12.5,8.99,8.24
http://statistics.gov.scot/id/statistical-geography/S02002290,Houston North,"","","","","","","","","","","","",5.26,2.78,0,0,0,0.00
http://statistics.gov.scot/id/statistical-geography/S02002289,Houston South,"","","","","","","","","","","","",2.44,0,0,0,0,0.00
http://statistics.gov.scot/id/statistical-geography/S02002488,Howden,"","","","","","","","","","","","",16.28,13.51,7.5,2.63,0,4.26
http://statistics.gov.scot/id/statistical-geography/S02001301,Howe of Alford,"","","","","","","","","","","","",10.45,7.94,1.3,2.04,2.73,5.43
http://statistics.gov.scot/id/statistical-geography/S02001385,Hunter's Quay,"","","","","","","","","","","","",21.67,16.33,17.02,6.9,3.57,1.96
http://statistics.gov.scot/id/statistical-geography/S02001321,Huntly,"","","","","","","","","","","","",4.55,10.77,11.67,18.75,12.73,12.77
http://statistics.gov.scot/id/statistical-geography/S02001603,Hyvots and Gilmerton,"","","","","","","","","","","","",21.21,25.71,30.56,15.38,15.79,13.51
http://statistics.gov.scot/id/statistical-geography/S02001534,IZ01,"","","","","","","","","","","","",27.27,28,15.52,13.79,7.41,3.51
http://statistics.gov.scot/id/statistical-geography/S02002460,IZ01,"","","","","","","","","","","","",13.33,14.52,15.52,12.73,9.09,11.54
http://statistics.gov.scot/id/statistical-geography/S02001535,IZ02,"","","","","","","","","","","","",6.45,6.25,5.13,8.57,6.67,6.45
http://statistics.gov.scot/id/statistical-geography/S02002461,IZ02,"","","","","","","","","","","","",8.25,9.41,11.83,11.76,9.46,7.25
http://statistics.gov.scot/id/statistical-geography/S02001536,IZ03,"","","","","","","","","","","","",6.25,0,3.23,0,0,4.55
http://statistics.gov.scot/id/statistical-geography/S02002462,IZ03,"","","","","","","","","","","","",19.35,21.74,17.5,10.26,8.64,10.77
http://statistics.gov.scot/id/statistical-geography/S02001537,IZ04,"","","","","","","","","","","","",4.55,3.33,4.55,5,6.67,7.14
http://statistics.gov.scot/id/statistical-geography/S02002463,IZ04,"","","","","","","","","","","","",15.25,11.43,10.94,4.35,4.84,5.26
http://statistics.gov.scot/id/statistical-geography/S02001538,IZ05,"","","","","","","","","","","","",15.91,24,22.81,12.24,5.88,7.84
http://statistics.gov.scot/id/statistical-geography/S02002464,IZ05,"","","","","","","","","","","","",9.43,7.69,7.27,6.35,3.51,4.35
http://statistics.gov.scot/id/statistical-geography/S02001539,IZ06,"","","","","","","","","","","","",25,20,19.23,0,7.89,12.5
http://statistics.gov.scot/id/statistical-geography/S02002465,IZ06,"","","","","","","","","","","","",25.29,20.48,21.05,20,22.06,17.57
http://statistics.gov.scot/id/statistical-geography/S02001540,IZ07,"","","","","","","","","","","","",21.74,15.56,13.21,5.45,10,10
http://statistics.gov.scot/id/statistical-geography/S02002466,IZ07,"","","","","","","","","","","","",5.56,6.25,8.11,8.33,4.88,4.44
http://statistics.gov.scot/id/statistical-geography/S02001541,IZ08,"","","","","","","","","","","","",7.89,2.78,9.52,17.07,8.11,10.34
http://statistics.gov.scot/id/statistical-geography/S02002467,IZ08,"","","","","","","","","","","","",23.61,13.92,11.39,8.75,7.58,15.79
http://statistics.gov.scot/id/statistical-geography/S02001542,IZ09,"","","","","","","","","","","","",10.26,3.23,2.33,4.65,5.56,5.41
http://statistics.gov.scot/id/statistical-geography/S02002468,IZ09,"","","","","","","","","","","","",7.04,9.09,10.61,10.94,6.56,3.45
http://statistics.gov.scot/id/statistical-geography/S02001543,IZ10,"","","","","","","","","","","","",11.11,19.15,15.87,15.49,13.92,13.41
http://statistics.gov.scot/id/statistical-geography/S02002469,IZ10,"","","","","","","","","","","","",8.33,5.66,5.45,5.08,5.88,4.26
http://statistics.gov.scot/id/statistical-geography/S02001544,IZ11,"","","","","","","","","","","","",16.67,11.32,5.48,8.11,6.49,10.96
http://statistics.gov.scot/id/statistical-geography/S02002470,IZ11,"","","","","","","","","","","","",10.53,17.91,16.67,13.19,6.17,6.85
http://statistics.gov.scot/id/statistical-geography/S02001545,IZ12,"","","","","","","","","","","","",21.74,12.5,11.54,6.67,14.81,19.23
http://statistics.gov.scot/id/statistical-geography/S02002471,IZ12,"","","","","","","","","","","","",3.54,3.39,3.15,2.31,2.29,1.74
http://statistics.gov.scot/id/statistical-geography/S02001546,IZ13,"","","","","","","","","","","","",5.26,8.33,7.14,8.82,3.12,3.45
http://statistics.gov.scot/id/statistical-geography/S02002472,IZ13,"","","","","","","","","","","","",14.46,13.92,7.58,6.45,9.46,6.17
http://statistics.gov.scot/id/statistical-geography/S02001547,IZ14,"","","","","","","","","","","","",0,0,2.44,0,0,0.00
http://statistics.gov.scot/id/statistical-geography/S02002473,IZ14,"","","","","","","","","","","","",16,9.84,11.11,11.48,10.77,8.57
http://statistics.gov.scot/id/statistical-geography/S02001548,IZ15,"","","","","","","","","","","","",10,14.29,9.52,17.65,12,13.51
http://statistics.gov.scot/id/statistical-geography/S02002474,IZ15,"","","","","","","","","","","","",11.49,9.88,10.67,10.84,15.46,15.38
http://statistics.gov.scot/id/statistical-geography/S02001549,IZ16,"","","","","","","","","","","","",21.21,24.14,25.71,11.9,13.89,12.5
http://statistics.gov.scot/id/statistical-geography/S02002475,IZ16,"","","","","","","","","","","","",11.59,16.18,16.95,16.07,11.11,9.84
http://statistics.gov.scot/id/statistical-geography/S02001550,IZ17,"","","","","","","","","","","","",5,11.76,11.76,12.5,16.67,0.00
http://statistics.gov.scot/id/statistical-geography/S02002476,IZ17,"","","","","","","","","","","","",14.47,6.94,7.35,9.23,9.38,7.94
http://statistics.gov.scot/id/statistical-geography/S02001551,IZ18,"","","","","","","","","","","","",0,0,5.56,7.14,10,0.00
http://statistics.gov.scot/id/statistical-geography/S02002477,IZ18,"","","","","","","","","","","","",14.75,18.87,12.5,13.79,8.47,10.71
http://statistics.gov.scot/id/statistical-geography/S02001552,IZ19,"","","","","","","","","","","","",13.33,7.14,6.25,5.26,18.75,9.52
http://statistics.gov.scot/id/statistical-geography/S02001553,IZ20,"","","","","","","","","","","","",13.04,5.26,4,3.45,2.5,2.56
http://statistics.gov.scot/id/statistical-geography/S02001554,IZ21,"","","","","","","","","","","","",8,3.23,2.63,4.65,11.11,8.16
http://statistics.gov.scot/id/statistical-geography/S02001555,IZ22,"","","","","","","","","","","","",21.05,12.5,11.11,3.23,5.88,16.67
http://statistics.gov.scot/id/statistical-geography/S02001859,Ibrox,"","","","","","","","","","","","",12.12,8.77,3.85,5.26,4.55,5.88
http://statistics.gov.scot/id/statistical-geography/S02001860,Ibrox East and Cessnock,"","","","","","","","","","","","",9.33,6.85,6.41,5.41,5.97,4.84
http://statistics.gov.scot/id/statistical-geography/S02001319,"Insch, Oyne and Ythanwells","","","","","","","","","","","","",9.23,7.46,4.69,1.47,2.7,1.3
http://statistics.gov.scot/id/statistical-geography/S02002021,Invergordon,"","","","","","","","","","","","",31.25,27.27,22.64,20.45,17.07,16.07
http://statistics.gov.scot/id/statistical-geography/S02002244,"Invergowrie, Longforgan and Abernyte","","","","","","","","","","","","",10.53,8.89,6.38,2.22,2.5,2.56
http://statistics.gov.scot/id/statistical-geography/S02001764,Inverkeithing East,"","","","","","","","","","","","",31.91,22.58,14.71,14.29,9.68,9.68
http://statistics.gov.scot/id/statistical-geography/S02002036,Inverkip and Wemyss Bay,"","","","","","","","","","","","",9.84,7.84,7.55,1.85,3.12,3.23
http://statistics.gov.scot/id/statistical-geography/S02001652,"Inverleith, Goldenacre and Warriston","","","","","","","","","","","","",6.9,3.45,0,0,0,0.00
http://statistics.gov.scot/id/statistical-geography/S02002000,Inverness Ballifeary and Dalneigh,"","","","","","","","","","","","",15.62,16.67,12.07,9.84,10.17,13.43
http://statistics.gov.scot/id/statistical-geography/S02001998,"Inverness Central, Raigmore and Longman","","","","","","","","","","","","",12.15,11.54,10.68,15.48,12.5,12.28
http://statistics.gov.scot/id/statistical-geography/S02001999,Inverness Crown and Haugh,"","","","","","","","","","","","",8.77,8.16,5.41,0,3.33,3.03
http://statistics.gov.scot/id/statistical-geography/S02001989,Inverness Culloden and Balloch,"","","","","","","","","","","","",4.76,4.84,1.82,4.08,6,9.8
http://statistics.gov.scot/id/statistical-geography/S02001997,Inverness Drakies,"","","","","","","","","","","","",9.09,3.57,0,0,3.57,8
http://statistics.gov.scot/id/statistical-geography/S02001995,Inverness Drummond,"","","","","","","","","","","","",12.77,8.16,9.43,10.64,13.89,7.14
http://statistics.gov.scot/id/statistical-geography/S02001988,Inverness East Rural,"","","","","","","","","","","","",14.81,14.29,10.64,7.55,1.85,0.00
http://statistics.gov.scot/id/statistical-geography/S02001996,Inverness Hilton,"","","","","","","","","","","","",14.06,9.23,5.26,3.77,10.2,9.8
http://statistics.gov.scot/id/statistical-geography/S02001992,Inverness Inshes,"","","","","","","","","","","","",5.43,5.88,3.81,3.85,1.96,2.94
http://statistics.gov.scot/id/statistical-geography/S02002004,Inverness Kinmylies and South West,"","","","","","","","","","","","",15.09,5.26,3.23,5.71,9.38,10.14
http://statistics.gov.scot/id/statistical-geography/S02001994,Inverness Lochardil and Holm Mains,"","","","","","","","","","","","",5,3.51,5.45,3.77,3.17,1.54
http://statistics.gov.scot/id/statistical-geography/S02002002,Inverness Merkinch,"","","","","","","","","","","","",37.74,28.85,28.07,27.27,30,18.6
http://statistics.gov.scot/id/statistical-geography/S02002001,Inverness Muirtown,"","","","","","","","","","","","",13.33,8.57,5.97,2.9,4.23,7.25
http://statistics.gov.scot/id/statistical-geography/S02002003,Inverness Scorguie,"","","","","","","","","","","","",10.2,7.5,11.63,10.26,9.52,3.23
http://statistics.gov.scot/id/statistical-geography/S02001993,Inverness Slackbuie,"","","","","","","","","","","","",3.08,3.61,2.33,2.6,2.99,5
http://statistics.gov.scot/id/statistical-geography/S02001990,Inverness Smithton,"","","","","","","","","","","","",25.37,21.67,17.54,20.37,14.58,17.39
http://statistics.gov.scot/id/statistical-geography/S02002005,Inverness West Rural,"","","","","","","","","","","","",7.27,4.92,4.62,3.12,4.92,6.78
http://statistics.gov.scot/id/statistical-geography/S02001991,Inverness Westhill,"","","","","","","","","","","","",8.18,9,8.7,5.41,4.12,4.71
http://statistics.gov.scot/id/statistical-geography/S02001303,Inverurie North,"","","","","","","","","","","","",7.23,7.69,6.98,4.17,2.78,1.39
http://statistics.gov.scot/id/statistical-geography/S02001304,Inverurie South,"","","","","","","","","","","","",12.2,11.9,7.95,9.88,5.19,7.35
http://statistics.gov.scot/id/statistical-geography/S02002102,Irvine Bourtreehill,"","","","","","","","","","","","",14.29,16.22,21.05,22.22,18.18,13.33
http://statistics.gov.scot/id/statistical-geography/S02002101,Irvine Broomlands,"","","","","","","","","","","","",28.26,20,24.32,13.51,19.44,15.79
http://statistics.gov.scot/id/statistical-geography/S02002105,Irvine Castlepark North,"","","","","","","","","","","","",22.03,19.57,15.22,13.64,10.87,8.51
http://statistics.gov.scot/id/statistical-geography/S02002106,Irvine Castlepark South,"","","","","","","","","","","","",16.67,6.52,8.51,12.5,16.98,20.51
http://statistics.gov.scot/id/statistical-geography/S02002108,Irvine Central,"","","","","","","","","","","","",12.2,2.56,10,6.25,13.51,5.88
http://statistics.gov.scot/id/statistical-geography/S02002107,Irvine East,"","","","","","","","","","","","",11.36,8,8,8.16,18.42,21.62
http://statistics.gov.scot/id/statistical-geography/S02002109,Irvine Fullarton,"","","","","","","","","","","","",16.36,13.56,14.81,13.04,17.95,18.18
http://statistics.gov.scot/id/statistical-geography/S02002103,Irvine Girdle Toll and Staneca,"","","","","","","","","","","","",8.06,9.84,12.07,12.5,10.91,7.69
http://statistics.gov.scot/id/statistical-geography/S02002104,Irvine Perceton and Lawthorn,"","","","","","","","","","","","",7.35,11.76,14.29,12.77,14.29,10.64
http://statistics.gov.scot/id/statistical-geography/S02002099,Irvine Tarryholme,"","","","","","","","","","","","",17.86,20,20.83,19.23,23.08,12.5
http://statistics.gov.scot/id/statistical-geography/S02002218,Isles,"","","","","","","","","","","","",9.09,5.41,2.86,5.56,3.33,4
http://statistics.gov.scot/id/statistical-geography/S02002314,Jedburgh,"","","","","","","","","","","","",10.64,7.84,8.77,12,11.54,12.24
http://statistics.gov.scot/id/statistical-geography/S02001630,"Jewel, Brunstane and Newcraighall","","","","","","","","","","","","",4.17,3.45,2.86,4.55,1.49,2.41
http://statistics.gov.scot/id/statistical-geography/S02002260,Johnstone North East,"","","","","","","","","","","","",11.32,6.52,3.12,0,5.13,4
http://statistics.gov.scot/id/statistical-geography/S02002259,Johnstone North West,"","","","","","","","","","","","",20,15.38,14.29,15,12.28,17.78
http://statistics.gov.scot/id/statistical-geography/S02002261,Johnstone South East,"","","","","","","","","","","","",8.33,4.35,8.89,6.12,10,4
http://statistics.gov.scot/id/statistical-geography/S02002258,Johnstone South West,"","","","","","","","","","","","",26.09,17.91,10.29,8.96,10,8.22
http://statistics.gov.scot/id/statistical-geography/S02001631,Joppa,"","","","","","","","","","","","",0,0,2.94,3.23,2.86,0.00
http://statistics.gov.scot/id/statistical-geography/S02002076,Keith and Fife Keith,"","","","","","","","","","","","",11.54,15.52,16.39,9.8,7.14,8.33
http://statistics.gov.scot/id/statistical-geography/S02002310,Kelso North,"","","","","","","","","","","","",20,10.71,4.76,7.69,15.62,20.83
http://statistics.gov.scot/id/statistical-geography/S02002311,Kelso South,"","","","","","","","","","","","",11.54,7.69,0,0,0,0.00
http://statistics.gov.scot/id/statistical-geography/S02001773,Kelty East,"","","","","","","","","","","","",13.33,9.72,12.16,12.5,9.84,9.62
http://statistics.gov.scot/id/statistical-geography/S02001772,Kelty West,"","","","","","","","","","","","",27.78,22.58,27.59,21.43,28.57,21.43
http://statistics.gov.scot/id/statistical-geography/S02001950,Kelvindale,"","","","","","","","","","","","",0,0,0,0,0,0.00
http://statistics.gov.scot/id/statistical-geography/S02001952,Kelvingrove and University,"","","","","","","","","","","","",1.05,0,0,0,0,0.00
http://statistics.gov.scot/id/statistical-geography/S02001958,Kelvinside and Jordanhill,"","","","","","","","","","","","",0,0,0,0,0,0.00
http://statistics.gov.scot/id/statistical-geography/S02001302,Kemnay,"","","","","","","","","","","","",10,6.38,11.9,12.12,9.38,6.67
http://statistics.gov.scot/id/statistical-geography/S02001821,Kennoway and Bonnybank,"","","","","","","","","","","","",21.33,25.3,27.14,22.58,19.61,21.15
http://statistics.gov.scot/id/statistical-geography/S02001940,Keppochhill,"","","","","","","","","","","","",13.68,12.86,10.67,3.8,5.8,7.69
http://statistics.gov.scot/id/statistical-geography/S02001517,Kessington East,"","","","","","","","","","","","",3.57,3.85,0,0,0,0.00
http://statistics.gov.scot/id/statistical-geography/S02001516,Kessington West,"","","","","","","","","","","","",0,0,0,0,0,0.00
http://statistics.gov.scot/id/statistical-geography/S02001822,Kettle and Ladybank,"","","","","","","","","","","","",5.41,6.67,2.27,2.33,10.81,14.71
http://statistics.gov.scot/id/statistical-geography/S02001509,Keystone and Dougalston,"","","","","","","","","","","","",2.94,2.86,3.33,3.45,5.71,2.86
http://statistics.gov.scot/id/statistical-geography/S02002257,Kilbarchan,"","","","","","","","","","","","",10,10.26,7.32,2.38,2.86,3.33
http://statistics.gov.scot/id/statistical-geography/S02002131,Kilbirnie North,"","","","","","","","","","","","",22.22,21.95,19.44,9.09,7.14,14.29
http://statistics.gov.scot/id/statistical-geography/S02002132,Kilbirnie South and Longbar,"","","","","","","","","","","","",20.51,10,13.16,10.81,14.89,15.79
http://statistics.gov.scot/id/statistical-geography/S02002203,Kildrum,"","","","","","","","","","","","",12.5,15.49,9.84,4.41,4.05,9.09
http://statistics.gov.scot/id/statistical-geography/S02002034,Kilmacolm Central,"","","","","","","","","","","","",0,0,0,0,0,0.00
http://statistics.gov.scot/id/statistical-geography/S02002035,"Kilmacolm, Quarriers, Greenock Upper East/Central","","","","","","","","","","","","",0,0,3.33,3.57,7.14,2.94
http://statistics.gov.scot/id/statistical-geography/S02001510,Kilmardinny East,"","","","","","","","","","","","",0,0,0,0,0,0.00
http://statistics.gov.scot/id/statistical-geography/S02001511,Kilmardinny West,"","","","","","","","","","","","",0,0,0,0,0,0.00
http://statistics.gov.scot/id/statistical-geography/S02001495,Kilmarnock South Central and Caprington,"","","","","","","","","","","","",5,4.88,8.11,8.7,6.98,4.35
http://statistics.gov.scot/id/statistical-geography/S02001505,Kilmaurs,"","","","","","","","","","","","",16.13,21.43,8.33,8,3.7,3.03
http://statistics.gov.scot/id/statistical-geography/S02002211,Kilsyth Bogside,"","","","","","","","","","","","",13.64,13.95,21.62,20,21.05,10.53
http://statistics.gov.scot/id/statistical-geography/S02002210,Kilsyth East and Croy,"","","","","","","","","","","","",13.59,16.67,6.41,6,4.35,4.05
http://statistics.gov.scot/id/statistical-geography/S02002122,Kilwinning Central and North,"","","","","","","","","","","","",12.07,15.69,15.52,15.09,18,15.38
http://statistics.gov.scot/id/statistical-geography/S02002120,Kilwinning Pennyburn,"","","","","","","","","","","","",17.07,23.81,17.78,21.43,19.44,24.24
http://statistics.gov.scot/id/statistical-geography/S02002121,Kilwinning West and Blacklands,"","","","","","","","","","","","",17.54,14.29,16.36,13.56,12.5,8.47
http://statistics.gov.scot/id/statistical-geography/S02002119,Kilwinning Whitehirst Park and Woodside,"","","","","","","","","","","","",6.67,2.9,1.47,0,0,0.00
http://statistics.gov.scot/id/statistical-geography/S02001738,Kincardine,"","","","","","","","","","","","",0,3.23,6.25,8.57,6.67,3.23
http://statistics.gov.scot/id/statistical-geography/S02001253,"Kincorth, Leggart and Nigg North","","","","","","","","","","","","",15.79,8.97,6.76,4,4.55,5.8
http://statistics.gov.scot/id/statistical-geography/S02001254,"Kincorth, Leggart and Nigg South","","","","","","","","","","","","",9.33,8.33,7.87,3.03,5,3.16
http://statistics.gov.scot/id/statistical-geography/S02002447,King's Park and Torbrex,"","","","","","","","","","","","",5.71,6.25,3.12,0,2.5,2.7
http://statistics.gov.scot/id/statistical-geography/S02001427,Kingholm,"","","","","","","","","","","","",16.67,17.86,10.71,3.7,10.34,10
http://statistics.gov.scot/id/statistical-geography/S02001782,Kinghorn,"","","","","","","","","","","","",3.33,4.17,11.54,12.12,10,3.85
http://statistics.gov.scot/id/statistical-geography/S02001885,Kingspark North,"","","","","","","","","","","","",6.25,7.14,8.2,7.84,3.77,1.69
http://statistics.gov.scot/id/statistical-geography/S02001884,Kingspark South,"","","","","","","","","","","","",13.41,10.71,11.25,9.33,9.52,5.08
http://statistics.gov.scot/id/statistical-geography/S02001862,Kingston West and Dumbreck,"","","","","","","","","","","","",5.26,6.67,6.45,7.35,3.17,4.92
http://statistics.gov.scot/id/statistical-geography/S02001275,Kingswells,"","","","","","","","","","","","",4.35,6.45,6.1,4.6,0,1.15
http://statistics.gov.scot/id/statistical-geography/S02001861,Kinning Park and Festival Park,"","","","","","","","","","","","",2.44,2.6,2.5,4,1.35,1.69
http://statistics.gov.scot/id/statistical-geography/S02002220,Kinross,"","","","","","","","","","","","",3.45,1.85,1.96,2.08,5.56,4
http://statistics.gov.scot/id/statistical-geography/S02001306,Kintore,"","","","","","","","","","","","",5.88,7.53,3.33,3.57,1.39,3.03
http://statistics.gov.scot/id/statistical-geography/S02001379,Kintyre Trail,"","","","","","","","","","","","",7.69,2.86,0,3.33,4.17,4.35
http://statistics.gov.scot/id/statistical-geography/S02002438,Kippen and Fintry,"","","","","","","","","","","","",10,7.14,7.41,4,0,2.78
http://statistics.gov.scot/id/statistical-geography/S02001785,Kirkcaldy Bennochy East,"","","","","","","","","","","","",8.96,8.77,8.47,10.17,14.04,18.52
http://statistics.gov.scot/id/statistical-geography/S02001786,Kirkcaldy Bennochy West,"","","","","","","","","","","","",18.92,13.95,12.24,6.12,5.13,5.88
http://statistics.gov.scot/id/statistical-geography/S02001784,Kirkcaldy Central,"","","","","","","","","","","","",1.75,3.92,6.38,9.76,7.5,6.82
http://statistics.gov.scot/id/statistical-geography/S02001792,Kirkcaldy Chapel,"","","","","","","","","","","","",5.88,6.49,4.84,2.78,3.03,4.82
http://statistics.gov.scot/id/statistical-geography/S02001791,Kirkcaldy Dunnikier,"","","","","","","","","","","","",8.82,5.13,2.56,2.56,0,0.00
http://statistics.gov.scot/id/statistical-geography/S02001795,Kirkcaldy Gallatown and Sinclairtown,"","","","","","","","","","","","",24.72,23.68,22.97,18.75,21.92,22.5
http://statistics.gov.scot/id/statistical-geography/S02001793,Kirkcaldy Hayfield and Smeaton,"","","","","","","","","","","","",25,24.29,29.69,27.27,19.57,13.95
http://statistics.gov.scot/id/statistical-geography/S02001783,Kirkcaldy Linktown & Seafield,"","","","","","","","","","","","",22.37,17.65,15.94,15.15,15,14.04
http://statistics.gov.scot/id/statistical-geography/S02001788,Kirkcaldy Newliston and Redcraigs,"","","","","","","","","","","","",10.64,11.32,10.87,11.9,7.89,6.98
http://statistics.gov.scot/id/statistical-geography/S02001794,Kirkcaldy Pathhead,"","","","","","","","","","","","",1.92,2,2.08,4.26,4.55,6.98
http://statistics.gov.scot/id/statistical-geography/S02001787,Kirkcaldy Raith,"","","","","","","","","","","","",4.55,4.35,0,0,0,0.00
http://statistics.gov.scot/id/statistical-geography/S02001790,Kirkcaldy Templehall East,"","","","","","","","","","","","",18.37,18.68,16.67,14.47,18.06,20.63
http://statistics.gov.scot/id/statistical-geography/S02001789,Kirkcaldy Templehall West,"","","","","","","","","","","","",15.91,20.93,22.22,19.05,10.87,13.33
http://statistics.gov.scot/id/statistical-geography/S02001414,Kirkcudbright,"","","","","","","","","","","","",10.64,10.87,13.04,9.52,6.67,4.88
http://statistics.gov.scot/id/statistical-geography/S02001526,Kirkintilloch South,"","","","","","","","","","","","",9.52,7.02,5.77,8.62,7.27,7.32
http://statistics.gov.scot/id/statistical-geography/S02001527,Kirkintilloch West,"","","","","","","","","","","","",8.77,5.26,1.75,3.45,1.82,4.26
http://statistics.gov.scot/id/statistical-geography/S02002370,Kirkmuirhill and Blackwood,"","","","","","","","","","","","",6.35,8.77,7.69,4.88,4.55,0.00
http://statistics.gov.scot/id/statistical-geography/S02002170,Kirkshaws,"","","","","","","","","","","","",12.87,11.24,6.1,11.54,9.72,18.99
http://statistics.gov.scot/id/statistical-geography/S02001466,Kirkton,"","","","","","","","","","","","",25,26.32,29.17,27.78,17.39,13.04
http://statistics.gov.scot/id/statistical-geography/S02002169,Kirkwood and Bargeddie,"","","","","","","","","","","","",13.86,14.15,13.98,19.48,13.51,10.81
http://statistics.gov.scot/id/statistical-geography/S02001368,Kirriemuir,"","","","","","","","","","","","",12.7,9.23,7.58,6.06,4.92,7.41
http://statistics.gov.scot/id/statistical-geography/S02001367,Kirriemuir Landward,"","","","","","","","","","","","",3.12,0,8,12.5,12.5,2.94
http://statistics.gov.scot/id/statistical-geography/S02001377,Knapdale,"","","","","","","","","","","","",6.9,4.17,7.14,4,7.14,3.7
http://statistics.gov.scot/id/statistical-geography/S02002491,Knightsridge,"","","","","","","","","","","","",21.54,19.35,14.52,10.94,9.84,6.15
http://statistics.gov.scot/id/statistical-geography/S02002492,Knightsridge and Deans North,"","","","","","","","","","","","",0,0,0,3.12,3.03,2.56
http://statistics.gov.scot/id/statistical-geography/S02001967,Knightswood East,"","","","","","","","","","","","",10.29,11.76,9.84,9.68,4.76,4.23
http://statistics.gov.scot/id/statistical-geography/S02001969,Knightswood Park East,"","","","","","","","","","","","",10.61,16.98,18.37,13.64,11.76,7.04
http://statistics.gov.scot/id/statistical-geography/S02001968,Knightswood Park West,"","","","","","","","","","","","",11.54,13.73,14.58,7.14,2.56,0.00
http://statistics.gov.scot/id/statistical-geography/S02001966,Knightswood West,"","","","","","","","","","","","",2.27,6.82,6.82,7.5,5.26,6.67
http://statistics.gov.scot/id/statistical-geography/S02002156,Ladywell,"","","","","","","","","","","","",0,0,0,2.17,2.63,7.69
http://statistics.gov.scot/id/statistical-geography/S02002490,Ladywell,"","","","","","","","","","","","",12.5,15.38,12.2,10.42,10.53,8.33
http://statistics.gov.scot/id/statistical-geography/S02002385,Laighstonehall,"","","","","","","","","","","","",3.12,3.33,4.17,5.66,7.55,9.43
http://statistics.gov.scot/id/statistical-geography/S02002365,Lanark North East,"","","","","","","","","","","","",11.54,16.67,13.33,6.9,6.9,10
http://statistics.gov.scot/id/statistical-geography/S02002364,Lanark North West,"","","","","","","","","","","","",7.14,12.5,8.33,8.33,3.7,9.09
http://statistics.gov.scot/id/statistical-geography/S02002366,Lanark South,"","","","","","","","","","","","",14.58,15.91,8.11,7.5,9.52,11.36
http://statistics.gov.scot/id/statistical-geography/S02001438,Langholm and Eskdale,"","","","","","","","","","","","",3.12,3.7,4.35,8.7,11.11,4.35
http://statistics.gov.scot/id/statistical-geography/S02002300,Langlee,"","","","","","","","","","","","",16.42,12.96,14.63,20,23.08,18.37
http://statistics.gov.scot/id/statistical-geography/S02001872,Langside,"","","","","","","","","","","","",1.52,1.55,0,0,0,0.00
http://statistics.gov.scot/id/statistical-geography/S02001703,Larbert - North Broomage and Inches,"","","","","","","","","","","","",3.79,4.26,4.83,4.13,5.13,2.83
http://statistics.gov.scot/id/statistical-geography/S02001704,Larbert - South Broomage and Village,"","","","","","","","","","","","",6.25,8.62,7.41,8.33,8.89,5.26
http://statistics.gov.scot/id/statistical-geography/S02001820,Largo,"","","","","","","","","","","","",0,0,0,0,0,0.00
http://statistics.gov.scot/id/statistical-geography/S02002128,Largs Central and Cumbrae,"","","","","","","","","","","","",16.67,16.33,14.63,17.14,17.65,15.63
http://statistics.gov.scot/id/statistical-geography/S02002129,Largs North,"","","","","","","","","","","","",6.45,4.17,4.35,0,3.57,3.45
http://statistics.gov.scot/id/statistical-geography/S02002127,Largs South,"","","","","","","","","","","","",2.94,3.23,3.33,0,0,3.85
http://statistics.gov.scot/id/statistical-geography/S02002373,"Larkhall Central, Raploch, Millheugh and Burnhead","","","","","","","","","","","","",7.84,10,14.89,14.89,14.29,6.25
http://statistics.gov.scot/id/statistical-geography/S02002302,Lauder and Area,"","","","","","","","","","","","",0,0,0,0,3.12,3.23
http://statistics.gov.scot/id/statistical-geography/S02001890,Laurieston and Tradeston,"","","","","","","","","","","","",6,5.49,6.17,5.88,7.32,5.75
http://statistics.gov.scot/id/statistical-geography/S02001729,Laurieston and Westquarter,"","","","","","","","","","","","",16.28,12.9,7.14,7.69,2,4.76
http://statistics.gov.scot/id/statistical-geography/S02001469,Law,"","","","","","","","","","","","",11.43,14.46,15.79,16.67,14.29,11.94
http://statistics.gov.scot/id/statistical-geography/S02002358,Law,"","","","","","","","","","","","",12.07,15,13.73,8.11,6.06,4.65
http://statistics.gov.scot/id/statistical-geography/S02001646,Leith (Albert Street),"","","","","","","","","","","","",0,1.79,5.08,6.52,9.76,5.41
http://statistics.gov.scot/id/statistical-geography/S02001639,Leith (Hermitage and Prospect Bank),"","","","","","","","","","","","",5.56,2.44,2.08,0,0,1.85
http://statistics.gov.scot/id/statistical-geography/S02001533,Lennoxtown,"","","","","","","","","","","","",9.86,4.69,4.55,6.15,7.94,9.43
http://statistics.gov.scot/id/statistical-geography/S02001524,Lenzie North,"","","","","","","","","","","","",7.27,5.45,1.69,5.66,6.52,9.3
http://statistics.gov.scot/id/statistical-geography/S02001525,Lenzie South,"","","","","","","","","","","","",0,0,0,0,0,0.00
http://statistics.gov.scot/id/statistical-geography/S02002324,Lerwick North,"","","","","","","","","","","","",6.2,2.78,5.33,6.67,8.16,7.27
http://statistics.gov.scot/id/statistical-geography/S02002323,Lerwick South,"","","","","","","","","","","","",8.42,5,6.85,6.67,5.71,3.13
http://statistics.gov.scot/id/statistical-geography/S02001799,Leslie and Newcastle,"","","","","","","","","","","","",15.22,8.33,11.11,18.18,21.31,21.31
http://statistics.gov.scot/id/statistical-geography/S02002369,Lesmahagow,"","","","","","","","","","","","",18.87,21.43,16.67,17.95,15.38,14.29
http://statistics.gov.scot/id/statistical-geography/S02002234,Letham,"","","","","","","","","","","","",11.83,15.38,16.67,21.79,15.49,8.45
http://statistics.gov.scot/id/statistical-geography/S02001363,Letham and Glamis,"","","","","","","","","","","","",3.7,3.45,2,0,0,0.00
http://statistics.gov.scot/id/statistical-geography/S02001838,Leuchars and Guardbridge,"","","","","","","","","","","","",6.32,6.41,6.15,3.33,1.92,4.35
http://statistics.gov.scot/id/statistical-geography/S02001817,Leven East,"","","","","","","","","","","","",13.46,12.2,5.56,7.69,10.53,14.63
http://statistics.gov.scot/id/statistical-geography/S02001819,Leven North,"","","","","","","","","","","","",24.24,18.18,13.95,16.67,8,7.69
http://statistics.gov.scot/id/statistical-geography/S02001818,Leven West,"","","","","","","","","","","","",10.64,5.36,3.77,3.64,4.65,8.51
http://statistics.gov.scot/id/statistical-geography/S02002083,"Lhanbryde, Urquhart, Pitgavney and seaward","","","","","","","","","","","","",15.69,19.15,17.65,13.04,10.87,7.69
http://statistics.gov.scot/id/statistical-geography/S02001606,Liberton East,"","","","","","","","","","","","",4.17,4.17,3.03,0,0,0.00
http://statistics.gov.scot/id/statistical-geography/S02001607,Liberton West and Braid Hills,"","","","","","","","","","","","",0,5.26,4.55,0,0,0.00
http://statistics.gov.scot/id/statistical-geography/S02001464,Linlathen and Midcraigie,"","","","","","","","","","","","",22.33,22.58,18.67,11.84,10.77,13.33
http://statistics.gov.scot/id/statistical-geography/S02002508,Linlithgow Bridge,"","","","","","","","","","","","",6.67,7.69,7.41,3.7,3.03,3.23
http://statistics.gov.scot/id/statistical-geography/S02002509,Linlithgow North,"","","","","","","","","","","","",0,0,0,0,0,0.00
http://statistics.gov.scot/id/statistical-geography/S02002507,Linlithgow South,"","","","","","","","","","","","",5.71,0,0,2.78,3.23,2.56
http://statistics.gov.scot/id/statistical-geography/S02002288,Linwood North,"","","","","","","","","","","","",13.11,11.32,9.62,14.55,14.04,15.09
http://statistics.gov.scot/id/statistical-geography/S02002287,Linwood South,"","","","","","","","","","","","",18.75,19.3,23.08,22.41,13.33,10.71
http://statistics.gov.scot/id/statistical-geography/S02002388,Little Earnock,"","","","","","","","","","","","",3.7,5.1,6.8,7.14,7.69,5.05
http://statistics.gov.scot/id/statistical-geography/S02002489,Livingston Village and Eliburn South,"","","","","","","","","","","","",3.12,5,7.14,3.92,1.89,0.00
http://statistics.gov.scot/id/statistical-geography/S02002059,Loanhead,"","","","","","","","","","","","",15.15,6.25,5.56,2.86,2.86,2.94
http://statistics.gov.scot/id/statistical-geography/S02001374,Loch Awe,"","","","","","","","","","","","",14.29,13.04,12.5,9.09,10,5.56
http://statistics.gov.scot/id/statistical-geography/S02002006,Loch Ness,"","","","","","","","","","","","",4.26,2.13,4.26,4.88,2.78,0.00
http://statistics.gov.scot/id/statistical-geography/S02001981,Lochaber East and North,"","","","","","","","","","","","",17.14,13.16,11.43,4.17,6.67,4.65
http://statistics.gov.scot/id/statistical-geography/S02001978,Lochaber West,"","","","","","","","","","","","",5,4.26,0,0,0,0.00
http://statistics.gov.scot/id/statistical-geography/S02002007,Lochalsh,"","","","","","","","","","","","",5.26,0,4,8,12.5,9.52
http://statistics.gov.scot/id/statistical-geography/S02001432,Locharbriggs,"","","","","","","","","","","","",13.89,13.79,6.9,4,0,0.00
http://statistics.gov.scot/id/statistical-geography/S02001473,Lochee,"","","","","","","","","","","","",18.95,16.49,15.96,15.66,14.77,10.47
http://statistics.gov.scot/id/statistical-geography/S02001777,Lochgelly East,"","","","","","","","","","","","",9.52,6.45,10.34,14.52,13.43,13.33
http://statistics.gov.scot/id/statistical-geography/S02001778,Lochgelly West and Lumphinnans,"","","","","","","","","","","","",24.14,21.82,16.28,26.32,21.62,21.95
http://statistics.gov.scot/id/statistical-geography/S02001435,Lochmaben,"","","","","","","","","","","","",3.45,3.23,0,6.45,6.67,5.13
http://statistics.gov.scot/id/statistical-geography/S02001774,Lochore and Crosshill,"","","","","","","","","","","","",16.28,15.38,15.15,14.29,19.51,17.5
http://statistics.gov.scot/id/statistical-geography/S02001423,Lochside and Lincluden,"","","","","","","","","","","","",22.45,18.75,19.35,22.47,17.98,12.66
http://statistics.gov.scot/id/statistical-geography/S02002343,"Lochside, Braehead and Whitletts","","","","","","","","","","","","",25.58,20.22,17.81,20,14.75,14.52
http://statistics.gov.scot/id/statistical-geography/S02002254,Lochwinnoch,"","","","","","","","","","","","",8.33,10,12.12,6.45,7.41,4.35
http://statistics.gov.scot/id/statistical-geography/S02001436,Lockerbie,"","","","","","","","","","","","",16.67,14.86,12.31,8.2,9.26,9.09
http://statistics.gov.scot/id/statistical-geography/S02001447,Logie and Blackness,"","","","","","","","","","","","",7.55,6.8,9.78,10.87,12.33,9.46
http://statistics.gov.scot/id/statistical-geography/S02001392,Lomond Shore,"","","","","","","","","","","","",0,0,8.33,8.33,7.41,0.00
http://statistics.gov.scot/id/statistical-geography/S02001338,Longside and Rattray,"","","","","","","","","","","","",5.71,3.74,3.88,1.8,3.48,3.77
http://statistics.gov.scot/id/statistical-geography/S02001588,Longstone and Saughton,"","","","","","","","","","","","",25,12.9,3.85,0,5.26,5.26
http://statistics.gov.scot/id/statistical-geography/S02002090,Lossiemouth East and Seatown,"","","","","","","","","","","","",9.09,2.86,3.45,8.82,7.32,6.98
http://statistics.gov.scot/id/statistical-geography/S02002091,Lossiemouth West,"","","","","","","","","","","","",11.36,16.09,17.5,15.15,11.86,7.81
http://statistics.gov.scot/id/statistical-geography/S02002393,Low Blantyre and Bardykes,"","","","","","","","","","","","",8.33,8.89,4.35,2.56,3.12,3.57
http://statistics.gov.scot/id/statistical-geography/S02002382,Low Waters,"","","","","","","","","","","","",5.71,11.76,15.38,14.63,11.36,7.89
http://statistics.gov.scot/id/statistical-geography/S02002041,"Lower Bow and Larkfield, Fancy Farm, Mallard Bowl","","","","","","","","","","","","",17.14,18.18,16.92,18.03,8.62,7.69
http://statistics.gov.scot/id/statistical-geography/S02001573,Lower Whitecraigs and South Giffnock,"","","","","","","","","","","","",3.7,0,0,0,0,0.00
http://statistics.gov.scot/id/statistical-geography/S02001356,Lunan,"","","","","","","","","","","","",21.28,14.58,9.8,6.67,9.52,8.57
http://statistics.gov.scot/id/statistical-geography/S02002251,Luncarty and Dunkeld,"","","","","","","","","","","","",7.14,10.91,11.32,6.67,2.08,0.00
http://statistics.gov.scot/id/statistical-geography/S02001327,Macduff,"","","","","","","","","","","","",7.02,8.51,10.81,13.95,6,3.51
http://statistics.gov.scot/id/statistical-geography/S02001410,Machars North,"","","","","","","","","","","","",16,9.52,12.5,11.76,9.52,0.00
http://statistics.gov.scot/id/statistical-geography/S02001411,Machars South,"","","","","","","","","","","","",22.92,18.87,13.73,9.09,8.7,7.32
http://statistics.gov.scot/id/statistical-geography/S02001726,Maddiston and Rumford,"","","","","","","","","","","","",10.1,5.56,6.67,5.95,5.88,6.12
http://statistics.gov.scot/id/statistical-geography/S02001613,Marchmont East and Sciennes,"","","","","","","","","","","","",0,0,0,0,0,0.00
http://statistics.gov.scot/id/statistical-geography/S02001614,Marchmont West,"","","","","","","","","","","","",0,2.78,2.86,5,0,0.00
http://statistics.gov.scot/id/statistical-geography/S02001811,Markinch and Star,"","","","","","","","","","","","",5.36,8.2,9.09,11.76,10,6.98
http://statistics.gov.scot/id/statistical-geography/S02001947,Maryhill East,"","","","","","","","","","","","",21.92,20.31,18.75,8,2.04,2.08
http://statistics.gov.scot/id/statistical-geography/S02001948,Maryhill West,"","","","","","","","","","","","",13.33,18.33,15.87,14.81,10.91,10
http://statistics.gov.scot/id/statistical-geography/S02001270,Mastrick,"","","","","","","","","","","","",20.65,15.38,12.61,7.14,10.2,7.45
http://statistics.gov.scot/id/statistical-geography/S02001480,Mauchline,"","","","","","","","","","","","",11.9,11.36,8.33,5.77,3.85,1.96
http://statistics.gov.scot/id/statistical-geography/S02001478,Mauchline Rural,"","","","","","","","","","","","",16.22,15.38,11.84,12.66,10.29,8.93
http://statistics.gov.scot/id/statistical-geography/S02001869,Maxwell Park,"","","","","","","","","","","","",0,0,1.02,1.8,1.94,1.02
http://statistics.gov.scot/id/statistical-geography/S02002332,Maybole,"","","","","","","","","","","","",15.87,16.9,17.57,22.73,22.22,14.29
http://statistics.gov.scot/id/statistical-geography/S02002069,Mayfield,"","","","","","","","","","","","",19.61,17.07,14,18.37,16.33,9.52
http://statistics.gov.scot/id/statistical-geography/S02001625,Meadowbank and Abbeyhill North,"","","","","","","","","","","","",1.64,1.27,0.97,0,0,0.00
http://statistics.gov.scot/id/statistical-geography/S02001621,Meadows and Southside,"","","","","","","","","","","","",3.23,1.85,0,0,0,0.00
http://statistics.gov.scot/id/statistical-geography/S02001289,Mearns North and Inverbervie,"","","","","","","","","","","","",5,5.56,4.6,3.85,1.47,1.67
http://statistics.gov.scot/id/statistical-geography/S02001288,Mearns South and Benholm,"","","","","","","","","","","","",1.89,0,3.28,7.69,8.51,6.67
http://statistics.gov.scot/id/statistical-geography/S02001562,"Mearns Village, Westacres and Greenfarm","","","","","","","","","","","","",1.19,1.33,3.12,1.82,3.12,1.59
http://statistics.gov.scot/id/statistical-geography/S02001287,Mearns and Laurencekirk,"","","","","","","","","","","","",8.47,4.26,4,1.64,1.43,1.69
http://statistics.gov.scot/id/statistical-geography/S02001564,Mearnskirk and South Kirkhill,"","","","","","","","","","","","",2.33,0,0,2.94,2.78,2.63
http://statistics.gov.scot/id/statistical-geography/S02002301,Melrose and Tweedbank Area,"","","","","","","","","","","","",3.92,6.82,6.52,6.52,4.88,7.89
http://statistics.gov.scot/id/statistical-geography/S02001395,Menstrie,"","","","","","","","","","","","",4.55,2.63,6.67,7.41,4.17,4.55
http://statistics.gov.scot/id/statistical-geography/S02001471,Menzieshill,"","","","","","","","","","","","",18.09,18.45,17.35,18.37,16.46,15.38
http://statistics.gov.scot/id/statistical-geography/S02001616,Merchiston and Greenhill,"","","","","","","","","","","","",2.04,0,0,0,0,0.00
http://statistics.gov.scot/id/statistical-geography/S02001572,Merrylee and Braidbar,"","","","","","","","","","","","",0,0,0,0,0,1.69
http://statistics.gov.scot/id/statistical-geography/S02001877,Merrylee and Millbrae,"","","","","","","","","","","","",3.23,1.82,1.72,0,0,1.89
http://statistics.gov.scot/id/statistical-geography/S02002372,Merryton and Meadowhill,"","","","","","","","","","","","",16.22,9.38,3.03,0,0,0.00
http://statistics.gov.scot/id/statistical-geography/S02001816,Methil East,"","","","","","","","","","","","",21.15,23.53,26.32,27.12,36.36,30
http://statistics.gov.scot/id/statistical-geography/S02001814,Methil Methilhill,"","","","","","","","","","","","",27.94,18.46,17.24,23.73,22.92,24.49
http://statistics.gov.scot/id/statistical-geography/S02001815,Methil West,"","","","","","","","","","","","",27.5,32.43,28.95,27.03,24.32,29.55
http://statistics.gov.scot/id/statistical-geography/S02001375,Mid Argyll,"","","","","","","","","","","","",8.7,7.32,5.26,4.55,8,3.85
http://statistics.gov.scot/id/statistical-geography/S02002484,Mid Calder and Kirknewton,"","","","","","","","","","","","",13.16,6.82,3.92,1.85,0,0.00
http://statistics.gov.scot/id/statistical-geography/S02001421,Mid Nithsdale,"","","","","","","","","","","","",13.33,13.95,9.52,5.26,4.55,4.76
http://statistics.gov.scot/id/statistical-geography/S02001245,Midstocket,"","","","","","","","","","","","",3.75,2.6,2.94,0,0,0.00
http://statistics.gov.scot/id/statistical-geography/S02002221,Milnathort and Crook of Devon,"","","","","","","","","","","","",3.12,5.88,5.88,3.33,3.7,4.55
http://statistics.gov.scot/id/statistical-geography/S02002161,Milnwood,"","","","","","","","","","","","",19.18,11.94,9.09,7.14,8.96,14.49
http://statistics.gov.scot/id/statistical-geography/S02001944,Milton East,"","","","","","","","","","","","",19.18,14.67,12,6.35,7.14,2.86
http://statistics.gov.scot/id/statistical-geography/S02001943,Milton West,"","","","","","","","","","","","",6.58,5.48,5.97,7.81,7.14,8.45
http://statistics.gov.scot/id/statistical-geography/S02001532,Milton of Campsie,"","","","","","","","","","","","",17.07,10,2.44,0,2.38,4.35
http://statistics.gov.scot/id/statistical-geography/S02001331,Mintlaw,"","","","","","","","","","","","",21.62,6.45,7.14,0,0,9.52
http://statistics.gov.scot/id/statistical-geography/S02001437,Moffat,"","","","","","","","","","","","",14.71,12.5,10,6.9,2.94,6.06
http://statistics.gov.scot/id/statistical-geography/S02002230,Moncrieffe and Friarton,"","","","","","","","","","","","",7.32,10.42,12.77,9.62,9.8,6.98
http://statistics.gov.scot/id/statistical-geography/S02001347,Monifieth East,"","","","","","","","","","","","",6,5,5.88,0,0,5.71
http://statistics.gov.scot/id/statistical-geography/S02001346,Monifieth West,"","","","","","","","","","","","",5,5,0,0,0,0.00
http://statistics.gov.scot/id/statistical-geography/S02001345,Monikie,"","","","","","","","","","","","",1.56,3.03,1.75,3.92,3.45,3.85
http://statistics.gov.scot/id/statistical-geography/S02001358,Montrose North,"","","","","","","","","","","","",8.97,10.53,12,15.15,12,13.95
http://statistics.gov.scot/id/statistical-geography/S02001357,Montrose South,"","","","","","","","","","","","",12.5,11.11,9.62,4.44,3.95,8.22
http://statistics.gov.scot/id/statistical-geography/S02002197,Moodiesburn East,"","","","","","","","","","","","",6.94,4.88,4.88,2.67,0,0.00
http://statistics.gov.scot/id/statistical-geography/S02002196,Moodiesburn West,"","","","","","","","","","","","",15.15,12.12,12.28,8.16,5,5.13
http://statistics.gov.scot/id/statistical-geography/S02001605,Moredun and Craigour,"","","","","","","","","","","","",5.71,9.09,14.29,22.58,20,22.22
http://statistics.gov.scot/id/statistical-geography/S02001615,Morningside,"","","","","","","","","","","","",0,0,0,0,0,0.00
http://statistics.gov.scot/id/statistical-geography/S02001594,Morningside and Craighouse,"","","","","","","","","","","","",7.14,3.57,5.41,2.56,2.17,2.17
http://statistics.gov.scot/id/statistical-geography/S02001601,Mortonhall and Anwickhill,"","","","","","","","","","","","",0,0,0,0,3.45,4
http://statistics.gov.scot/id/statistical-geography/S02002428,Mossneuk and Newlandsmuir,"","","","","","","","","","","","",5.56,6.98,3.03,3.57,4,3.7
http://statistics.gov.scot/id/statistical-geography/S02001858,Mosspark,"","","","","","","","","","","","",10.61,5.97,8.7,7.79,7.32,7.41
http://statistics.gov.scot/id/statistical-geography/S02002080,"Mosstodloch, Portgordon and seaward","","","","","","","","","","","","",8,2.78,9.68,11.11,3.85,0.00
http://statistics.gov.scot/id/statistical-geography/S02002158,Motherwell North,"","","","","","","","","","","","",18.18,13.33,15.56,22.22,20.93,22.22
http://statistics.gov.scot/id/statistical-geography/S02002155,Motherwell South,"","","","","","","","","","","","",11.32,10.2,11.11,16.07,11.48,7.02
http://statistics.gov.scot/id/statistical-geography/S02002157,Motherwell West,"","","","","","","","","","","","",12.82,8,7.25,7.02,11.63,10
http://statistics.gov.scot/id/statistical-geography/S02001887,Mount Florida,"","","","","","","","","","","","",0.84,0,1.08,2.17,2.38,2.7
http://statistics.gov.scot/id/statistical-geography/S02001899,Mount Vernon North and Sandyhills,"","","","","","","","","","","","",2.94,5.13,2.44,6.25,2.86,2.56
http://statistics.gov.scot/id/statistical-geography/S02001634,Mountcastle,"","","","","","","","","","","","",6.25,6.25,0,0,0,0.00
http://statistics.gov.scot/id/statistical-geography/S02002015,Muir of Ord,"","","","","","","","","","","","",8.93,6.35,3.45,4.44,4.55,8.7
http://statistics.gov.scot/id/statistical-geography/S02001878,Muirend and Old Cathcart,"","","","","","","","","","","","",2.67,2.94,1.49,1.23,0,0.00
http://statistics.gov.scot/id/statistical-geography/S02002351,Muirhead,"","","","","","","","","","","","",8.33,7.25,3.51,4.08,4.35,2.13
http://statistics.gov.scot/id/statistical-geography/S02001671,Muirhouse,"","","","","","","","","","","","",21.05,17.54,15.94,14.29,13.95,8.79
http://statistics.gov.scot/id/statistical-geography/S02002137,Muirhouse,"","","","","","","","","","","","",11.43,12.33,7.58,10,10.53,10.67
http://statistics.gov.scot/id/statistical-geography/S02002138,Muirhouse and Knowetop,"","","","","","","","","","","","",6.82,6.25,3.75,2.5,1.11,3.09
http://statistics.gov.scot/id/statistical-geography/S02002237,Muirton,"","","","","","","","","","","","",5.56,5.88,10.14,6.85,9.52,3.51
http://statistics.gov.scot/id/statistical-geography/S02001370,"Mull, Iona, Coll and Tiree","","","","","","","","","","","","",7.5,7.5,2.7,0,3.7,2.56
http://statistics.gov.scot/id/statistical-geography/S02001584,Murrayburn and Wester Hailes North,"","","","","","","","","","","","",16.67,16.33,15.38,22.58,20.59,12.5
http://statistics.gov.scot/id/statistical-geography/S02001662,Murrayfield and Ravelston,"","","","","","","","","","","","",0,0,0,0,0,0.00
http://statistics.gov.scot/id/statistical-geography/S02002222,"Muthill, Greenloaning and Gleneagles","","","","","","","","","","","","",8.57,11.76,2.94,2.33,0,0.00
http://statistics.gov.scot/id/statistical-geography/S02001986,Nairn East,"","","","","","","","","","","","",15.52,19.3,21.15,16.36,15.91,14.89
http://statistics.gov.scot/id/statistical-geography/S02001985,Nairn Rural,"","","","","","","","","","","","",2.86,2.7,4.17,3.77,2,0.00
http://statistics.gov.scot/id/statistical-geography/S02001987,Nairn West,"","","","","","","","","","","","",20,20.51,15.79,7.32,5.26,6.45
http://statistics.gov.scot/id/statistical-geography/S02001556,Neilston and Uplawmoor,"","","","","","","","","","","","",7.32,4.88,2.04,3.08,1.33,2.63
http://statistics.gov.scot/id/statistical-geography/S02002416,Nerston and EK Landward Area,"","","","","","","","","","","","",5.33,3.85,2.53,3.57,1.92,1.74
http://statistics.gov.scot/id/statistical-geography/S02001571,Netherlee,"","","","","","","","","","","","",2.08,2.33,0,0,0,0.00
http://statistics.gov.scot/id/statistical-geography/S02002136,Netherton and Kirkhill,"","","","","","","","","","","","",6.67,11.11,11.11,10.53,7.32,0.00
http://statistics.gov.scot/id/statistical-geography/S02001426,New Abbey,"","","","","","","","","","","","",3.12,9.68,8.11,5.56,3.57,10
http://statistics.gov.scot/id/statistical-geography/S02001482,New Cumnock,"","","","","","","","","","","","",21.62,18.18,11.63,11.11,7.69,8.82
http://statistics.gov.scot/id/statistical-geography/S02002085,New Elgin East,"","","","","","","","","","","","",14.86,15.58,9.09,10.77,7.46,5.56
http://statistics.gov.scot/id/statistical-geography/S02002086,New Elgin West,"","","","","","","","","","","","",15.25,5.17,1.52,1.59,1.96,1.96
http://statistics.gov.scot/id/statistical-geography/S02001497,New Farm Loch South,"","","","","","","","","","","","",11.36,9.76,19.51,24.24,18.18,3.57
http://statistics.gov.scot/id/statistical-geography/S02001329,New Pitsligo,"","","","","","","","","","","","",14.63,12.24,15.91,8.82,11.11,7.14
http://statistics.gov.scot/id/statistical-geography/S02001655,New Town East and Gayfield,"","","","","","","","","","","","",0,0,0,0,0,0.00
http://statistics.gov.scot/id/statistical-geography/S02001656,New Town West,"","","","","","","","","","","","",0,0,0,0,0,0.00
http://statistics.gov.scot/id/statistical-geography/S02002151,Newarthill,"","","","","","","","","","","","",7.84,8.89,13.95,14.71,22.58,17.24
http://statistics.gov.scot/id/statistical-geography/S02002062,Newbattle and Dalhousie,"","","","","","","","","","","","",0,5,5.49,5.31,2.61,4.88
http://statistics.gov.scot/id/statistical-geography/S02001825,Newburgh,"","","","","","","","","","","","",15.62,13.33,3.45,6.45,2.86,2.94
http://statistics.gov.scot/id/statistical-geography/S02001611,Newington and Dalkeith Road,"","","","","","","","","","","","",0,0,2.44,3.23,3.57,0.00
http://statistics.gov.scot/id/statistical-geography/S02001876,Newlands,"","","","","","","","","","","","",4.44,4.4,5.8,3.33,4.29,3.57
http://statistics.gov.scot/id/statistical-geography/S02001311,Newmachar and Fintray,"","","","","","","","","","","","",2.3,1.22,1.3,0,1.75,1.69
http://statistics.gov.scot/id/statistical-geography/S02002145,Newmains,"","","","","","","","","","","","",23.6,23.26,17.33,16.42,11.29,6.67
http://statistics.gov.scot/id/statistical-geography/S02001490,Newmilns,"","","","","","","","","","","","",17.95,20.69,18.52,16.13,11.43,17.86
http://statistics.gov.scot/id/statistical-geography/S02001841,Newport and Wormit,"","","","","","","","","","","","",7.41,7.32,7.32,2.7,0,2.44
http://statistics.gov.scot/id/statistical-geography/S02002344,Newton North,"","","","","","","","","","","","",4.17,0,1.82,1.92,3.7,4
http://statistics.gov.scot/id/statistical-geography/S02001412,Newton Stewart,"","","","","","","","","","","","",25,22.39,13.43,8.93,9.09,5.13
http://statistics.gov.scot/id/statistical-geography/S02002070,Newtongrange,"","","","","","","","","","","","",8.7,10.71,9.38,12.5,16.67,8.33
http://statistics.gov.scot/id/statistical-geography/S02001293,Newtonhill,"","","","","","","","","","","","",2.22,0,5,5.13,4.17,2.17
http://statistics.gov.scot/id/statistical-geography/S02001628,Niddrie,"","","","","","","","","","","","",15.22,15.09,18.33,19.3,12.96,10.34
http://statistics.gov.scot/id/statistical-geography/S02001845,Nitshill,"","","","","","","","","","","","",14.95,17.6,14.66,16.07,6.45,8.6
http://statistics.gov.scot/id/statistical-geography/S02001907,North Barlanark and Easterhouse South,"","","","","","","","","","","","",17.74,20.31,21.15,21.82,18.18,20.37
http://statistics.gov.scot/id/statistical-geography/S02001512,North Castlehill and Thorn,"","","","","","","","","","","","",0,0,0,0,0,0.00
http://statistics.gov.scot/id/statistical-geography/S02001574,North Giffnock and North Thornliebank,"","","","","","","","","","","","",2.78,3.45,2.63,4.35,4.65,3.03
http://statistics.gov.scot/id/statistical-geography/S02002071,North Gorebridge,"","","","","","","","","","","","",17.65,13.64,22.5,13.73,12.24,4.65
http://statistics.gov.scot/id/statistical-geography/S02002238,North Inch,"","","","","","","","","","","","",9.68,5.45,3.92,2.27,5.26,8.82
http://statistics.gov.scot/id/statistical-geography/S02001951,North Kelvin,"","","","","","","","","","","","",0,0,0,0,0,0.00
http://statistics.gov.scot/id/statistical-geography/S02001566,North Kirkhill,"","","","","","","","","","","","",0,0,0,0,0,0.00
http://statistics.gov.scot/id/statistical-geography/S02001641,North Leith and Newhaven,"","","","","","","","","","","","",7.59,8.24,5.21,3.7,2.53,4
http://statistics.gov.scot/id/statistical-geography/S02002327,North Mainland,"","","","","","","","","","","","",1.49,3.17,7.58,8.47,10.53,0.00
http://statistics.gov.scot/id/statistical-geography/S02002236,North Muirton and Old Scone,"","","","","","","","","","","","",15.38,11.32,7.27,6.52,13.33,11.76
http://statistics.gov.scot/id/statistical-geography/S02001763,North Queensferry and Inverkeithing West,"","","","","","","","","","","","",8.16,7.41,4.76,5.26,2.08,2.7
http://statistics.gov.scot/id/statistical-geography/S02002074,North Speyside,"","","","","","","","","","","","",20,12.12,9.09,2.44,5.88,6.45
http://statistics.gov.scot/id/statistical-geography/S02002328,North and East Isles,"","","","","","","","","","","","",5.26,5.36,7.69,9.09,8.33,0.00
http://statistics.gov.scot/id/statistical-geography/S02001486,Northern and Irvine Valley Rural,"","","","","","","","","","","","",1.72,0,0,0,1.54,1.43
http://statistics.gov.scot/id/statistical-geography/S02001273,Northfield,"","","","","","","","","","","","",19.42,16.67,14.58,16.35,12.96,14.29
http://statistics.gov.scot/id/statistical-geography/S02001635,Northfield and Piershill,"","","","","","","","","","","","",8.82,5.41,6.52,4.44,2.44,0.00
http://statistics.gov.scot/id/statistical-geography/S02001691,Northwest Lewis,"","","","","","","","","","","","",5.26,5.13,6.82,2.44,2.5,0.00
http://statistics.gov.scot/id/statistical-geography/S02001431,Nunholm,"","","","","","","","","","","","",3.12,0,4.88,10,9.09,10.26
http://statistics.gov.scot/id/statistical-geography/S02001739,Oakley Comrie and Blairhall,"","","","","","","","","","","","",12.73,14.52,12.96,11.48,10.2,11.54
http://statistics.gov.scot/id/statistical-geography/S02001372,Oban North,"","","","","","","","","","","","",12.5,9.52,11.11,11.67,11.32,10.26
http://statistics.gov.scot/id/statistical-geography/S02001371,Oban South,"","","","","","","","","","","","",6.67,9.8,10.38,11.65,8.42,10.23
http://statistics.gov.scot/id/statistical-geography/S02001265,Old Aberdeen,"","","","","","","","","","","","",13.33,11.86,12.77,12.96,10,7.81
http://statistics.gov.scot/id/statistical-geography/S02001912,Old Shettleston and Parkhead North,"","","","","","","","","","","","",12.5,14.86,11.63,6.82,1.11,0.00
http://statistics.gov.scot/id/statistical-geography/S02001622,"Old Town, Princes Street and Leith Street","","","","","","","","","","","","",4.08,2.63,3.03,0,0,4.17
http://statistics.gov.scot/id/statistical-geography/S02001281,Oldmachar East,"","","","","","","","","","","","",6.1,3.9,2.13,2.56,1.27,1.49
http://statistics.gov.scot/id/statistical-geography/S02001280,Oldmachar West,"","","","","","","","","","","","",4.21,2.38,1.19,0,0,0.00
http://statistics.gov.scot/id/statistical-geography/S02002162,Orbiston,"","","","","","","","","","","","",18.29,20,16.09,15.58,12.31,14.06
http://statistics.gov.scot/id/statistical-geography/S02002135,Overtown,"","","","","","","","","","","","",16.36,16.33,14.29,14.29,13.46,17.5
http://statistics.gov.scot/id/statistical-geography/S02001597,Oxgangs,"","","","","","","","","","","","",26.32,33.33,11.76,12,0,0.00
http://statistics.gov.scot/id/statistical-geography/S02002274,Paisley Central,"","","","","","","","","","","","",10.86,11.61,7.35,6.3,7.14,8.47
http://statistics.gov.scot/id/statistical-geography/S02002272,Paisley Dykebar,"","","","","","","","","","","","",2.04,2.13,0,4.17,5.26,5.26
http://statistics.gov.scot/id/statistical-geography/S02002273,Paisley East,"","","","","","","","","","","","",13.33,9.62,10,5.26,6.56,1.79
http://statistics.gov.scot/id/statistical-geography/S02002263,Paisley Ferguslie,"","","","","","","","","","","","",24.39,15.07,15.79,7.14,13.33,16.42
http://statistics.gov.scot/id/statistical-geography/S02002266,Paisley Foxbar,"","","","","","","","","","","","",11.43,8.77,14.29,10.53,8.22,4
http://statistics.gov.scot/id/statistical-geography/S02002277,Paisley Gallowhill and Hillington,"","","","","","","","","","","","",18.39,16.85,13.86,13.68,13.68,9.76
http://statistics.gov.scot/id/statistical-geography/S02002269,Paisley Glenburn East,"","","","","","","","","","","","",5.41,2.7,4.65,8.33,9.52,8.57
http://statistics.gov.scot/id/statistical-geography/S02002268,Paisley Glenburn West,"","","","","","","","","","","","",8.77,11.11,10.34,8.77,3.7,5.36
http://statistics.gov.scot/id/statistical-geography/S02002278,Paisley North,"","","","","","","","","","","","",9.26,11.46,7.37,8.89,5.68,9.09
http://statistics.gov.scot/id/statistical-geography/S02002275,Paisley North East,"","","","","","","","","","","","",5.32,5.15,6.6,7.44,8.2,5
http://statistics.gov.scot/id/statistical-geography/S02002264,Paisley North West,"","","","","","","","","","","","",3.12,4.76,6.15,7.69,5.56,12.12
http://statistics.gov.scot/id/statistical-geography/S02002276,Paisley Ralston,"","","","","","","","","","","","",7.32,3.77,0,0,0,0.00
http://statistics.gov.scot/id/statistical-geography/S02002270,Paisley South,"","","","","","","","","","","","",4.26,4.26,2.22,2.56,2.78,0.00
http://statistics.gov.scot/id/statistical-geography/S02002271,Paisley South East,"","","","","","","","","","","","",15.96,10.34,13.79,13.64,11.63,5.41
http://statistics.gov.scot/id/statistical-geography/S02002267,Paisley South West,"","","","","","","","","","","","",3.85,1.96,0,1.85,1.75,2.04
http://statistics.gov.scot/id/statistical-geography/S02002265,Paisley West,"","","","","","","","","","","","",9.52,9.28,15.79,12.99,11.43,5.71
http://statistics.gov.scot/id/statistical-geography/S02001895,Parkhead East and Braidfauld North,"","","","","","","","","","","","",10.67,6.45,6.56,4.69,7.46,4.35
http://statistics.gov.scot/id/statistical-geography/S02001894,Parkhead West and Barrowfield,"","","","","","","","","","","","",14.53,13.91,9.32,7.32,4.55,5.69
http://statistics.gov.scot/id/statistical-geography/S02001585,Parkhead and Sighthill,"","","","","","","","","","","","",8.82,5.71,8.33,2.7,2.94,0.00
http://statistics.gov.scot/id/statistical-geography/S02001955,Partick,"","","","","","","","","","","","",7.94,4.69,3.64,1.79,2.04,1.85
http://statistics.gov.scot/id/statistical-geography/S02001956,Partickhill and Hyndland,"","","","","","","","","","","","",1.68,0.96,1.06,0,0,0.00
http://statistics.gov.scot/id/statistical-geography/S02002140,Pather,"","","","","","","","","","","","",10.13,10.77,15.09,13.33,15.91,15
http://statistics.gov.scot/id/statistical-geography/S02002067,Pathhead and Rural East Midlothian,"","","","","","","","","","","","",8.57,9.68,7.69,6,2.86,1.83
http://statistics.gov.scot/id/statistical-geography/S02002293,Peebles North,"","","","","","","","","","","","",7.04,4.48,7.81,6.98,4,0.00
http://statistics.gov.scot/id/statistical-geography/S02002294,Peebles South,"","","","","","","","","","","","",8.57,5.71,5,4.76,4.76,0.00
http://statistics.gov.scot/id/statistical-geography/S02002054,Penicuik East,"","","","","","","","","","","","",0,16.67,28.57,27.59,21.88,11.11
http://statistics.gov.scot/id/statistical-geography/S02002055,Penicuik North,"","","","","","","","","","","","",3.85,4,7.69,8.7,5.88,3.85
http://statistics.gov.scot/id/statistical-geography/S02002052,Penicuik Southeast,"","","","","","","","","","","","",4.35,9.09,13.79,6.67,7.69,3.7
http://statistics.gov.scot/id/statistical-geography/S02002053,Penicuik Southwest,"","","","","","","","","","","","",9.09,6.9,0,0,0,0.00
http://statistics.gov.scot/id/statistical-geography/S02001853,Penilee,"","","","","","","","","","","","",14.29,9.88,4.05,2.9,7.14,9.52
http://statistics.gov.scot/id/statistical-geography/S02002056,Pentland,"","","","","","","","","","","","",10.34,3.7,0,0,3.7,6
http://statistics.gov.scot/id/statistical-geography/S02001446,Perth Road,"","","","","","","","","","","","",3.57,5.17,3.92,7.84,10.87,11.63
http://statistics.gov.scot/id/statistical-geography/S02001335,Peterhead Bay,"","","","","","","","","","","","",13.79,14.55,8.16,15.38,3.33,3.45
http://statistics.gov.scot/id/statistical-geography/S02001336,Peterhead Harbour,"","","","","","","","","","","","",20.45,19.27,19.83,20.2,19.3,14.29
http://statistics.gov.scot/id/statistical-geography/S02001334,Peterhead Links,"","","","","","","","","","","","",11.76,8.57,16.36,10.53,11.11,4.48
http://statistics.gov.scot/id/statistical-geography/S02001337,Peterhead Ugieside,"","","","","","","","","","","","",11.11,8.7,6.25,6.9,7.14,3.51
http://statistics.gov.scot/id/statistical-geography/S02002183,Petersburn,"","","","","","","","","","","","",21.21,27.59,40.91,33.33,25.49,19.57
http://statistics.gov.scot/id/statistical-geography/S02001921,Petershill,"","","","","","","","","","","","",7.14,8.18,9.33,10.17,5.26,9.52
http://statistics.gov.scot/id/statistical-geography/S02001496,Piersland,"","","","","","","","","","","","",4.17,2.17,3.85,1.67,1.89,0.00
http://statistics.gov.scot/id/statistical-geography/S02001648,Pilrig,"","","","","","","","","","","","",4.55,4.26,7.41,7.41,10,4
http://statistics.gov.scot/id/statistical-geography/S02002252,Pitlochry,"","","","","","","","","","","","",10.53,7.69,4.76,0,2.7,5.88
http://statistics.gov.scot/id/statistical-geography/S02002440,Plean and Rural SE,"","","","","","","","","","","","",21.57,12.5,5.66,3.7,1.75,5.88
http://statistics.gov.scot/id/statistical-geography/S02001695,Point,"","","","","","","","","","","","",17.86,10.26,11.63,12.5,15.15,14.29
http://statistics.gov.scot/id/statistical-geography/S02001849,Pollok North and East,"","","","","","","","","","","","",17.72,18.07,19.54,14.29,16.47,12.5
http://statistics.gov.scot/id/statistical-geography/S02001848,Pollok South and West,"","","","","","","","","","","","",3.7,1.37,0,0,0,0.00
http://statistics.gov.scot/id/statistical-geography/S02001873,Pollokshaws,"","","","","","","","","","","","",8.33,4.92,4.76,1.56,5.8,7.69
http://statistics.gov.scot/id/statistical-geography/S02001864,Pollokshields East,"","","","","","","","","","","","",0.68,2.1,2.4,2.73,1.03,1.15
http://statistics.gov.scot/id/statistical-geography/S02001863,Pollokshields West,"","","","","","","","","","","","",6,6.74,5.62,5,4.23,1.69
http://statistics.gov.scot/id/statistical-geography/S02001727,Polmont,"","","","","","","","","","","","",1.69,4.26,2.38,2.17,0,2.04
http://statistics.gov.scot/id/statistical-geography/S02001618,Polwarth,"","","","","","","","","","","","",0,0,0,0,1.54,3.85
http://statistics.gov.scot/id/statistical-geography/S02002049,"Port Glasgow Mid, East and Central","","","","","","","","","","","","",17.74,18.52,18.03,14.29,10.53,7.14
http://statistics.gov.scot/id/statistical-geography/S02002050,Port Glasgow Upper East,"","","","","","","","","","","","",8.93,12,14.29,12.28,12.5,10.45
http://statistics.gov.scot/id/statistical-geography/S02002048,"Port Glasgow Upper, West and Central","","","","","","","","","","","","",10.14,12.16,12.66,10.84,8.45,6.06
http://statistics.gov.scot/id/statistical-geography/S02001294,Portlethen,"","","","","","","","","","","","",3.39,0,1.89,3.23,5.17,3.39
http://statistics.gov.scot/id/statistical-geography/S02001632,Portobello,"","","","","","","","","","","","",3.77,1.96,1.75,1.96,1.92,2
http://statistics.gov.scot/id/statistical-geography/S02001324,"Portsoy, Fordyce and Cornhill","","","","","","","","","","","","",7.69,10,5.56,0,3.23,3.45
http://statistics.gov.scot/id/statistical-geography/S02001942,Possil Park,"","","","","","","","","","","","",13.73,10.38,10.78,7.29,10.59,8.57
http://statistics.gov.scot/id/statistical-geography/S02002219,"Powmill, Cleish and Scotlandwell","","","","","","","","","","","","",12.5,8,0,0,0,2.78
http://statistics.gov.scot/id/statistical-geography/S02001610,Prestonfield,"","","","","","","","","","","","",4.17,3.7,3.85,0,5.88,10.53
http://statistics.gov.scot/id/statistical-geography/S02002348,Prestwick Airport and Monkton,"","","","","","","","","","","","",10.71,9.38,7.89,4.55,2.08,2.13
http://statistics.gov.scot/id/statistical-geography/S02002347,Prestwick East,"","","","","","","","","","","","",6.67,5.88,7.14,6.45,6.56,3.51
http://statistics.gov.scot/id/statistical-geography/S02002346,Prestwick West,"","","","","","","","","","","","",0,0,2.78,2.38,2.38,0.00
http://statistics.gov.scot/id/statistical-geography/S02002486,Pumpherston and Uphall Station,"","","","","","","","","","","","",31.58,20,19.05,12.5,4.55,4
http://statistics.gov.scot/id/statistical-geography/S02001685,Queensferry East,"","","","","","","","","","","","",4.44,5.13,6.38,6.67,11.36,7.69
http://statistics.gov.scot/id/statistical-geography/S02001686,Queensferry West,"","","","","","","","","","","","",6.25,7.5,6.52,3.92,2.17,0.00
http://statistics.gov.scot/id/statistical-geography/S02002096,"Rafford, Dallas, Dyke to Dava","","","","","","","","","","","","",0,0,0,2.86,5.26,5.56
http://statistics.gov.scot/id/statistical-geography/S02002253,Rannoch and Aberfeldy,"","","","","","","","","","","","",8.51,2.5,5.56,2.86,7.69,8.11
http://statistics.gov.scot/id/statistical-geography/S02002450,Raploch,"","","","","","","","","","","","",16.9,13.85,16.92,18.87,17.14,13.16
http://statistics.gov.scot/id/statistical-geography/S02001683,"Ratho, Ingliston and Gogar","","","","","","","","","","","","",0,4.35,3.7,3.57,3.23,7.69
http://statistics.gov.scot/id/statistical-geography/S02001728,Redding,"","","","","","","","","","","","",16.67,16.33,12.73,11.86,9.09,5.66
http://statistics.gov.scot/id/statistical-geography/S02001724,Reddingmuirhead and Overton,"","","","","","","","","","","","",2.78,1.08,0,0,0,1.72
http://statistics.gov.scot/id/statistical-geography/S02002281,Renfrew East,"","","","","","","","","","","","",3.17,3.39,6,3.77,2.04,0.00
http://statistics.gov.scot/id/statistical-geography/S02002282,Renfrew North,"","","","","","","","","","","","",10.34,6.84,4.13,1.53,1.35,1.23
http://statistics.gov.scot/id/statistical-geography/S02002280,Renfrew South,"","","","","","","","","","","","",7.46,9.68,7.58,8.06,3.51,1.69
http://statistics.gov.scot/id/statistical-geography/S02002279,Renfrew West,"","","","","","","","","","","","",7.76,5.26,5.45,2.63,3.33,3.6
http://statistics.gov.scot/id/statistical-geography/S02002256,Renfrewshire Rural North and Langbank,"","","","","","","","","","","","",3.57,2.33,1.61,1.01,0.79,0.65
http://statistics.gov.scot/id/statistical-geography/S02002255,Renfrewshire Rural South and Howwood,"","","","","","","","","","","","",3.7,4.17,0,0,0,0.00
http://statistics.gov.scot/id/statistical-geography/S02001637,Restalrig (Loganlea) and Craigentinny West,"","","","","","","","","","","","",8.57,3.92,3.57,9.52,8.16,6.67
http://statistics.gov.scot/id/statistical-geography/S02001638,Restalrig and Lochend,"","","","","","","","","","","","",17.65,12,11.11,12.7,14.04,8.7
http://statistics.gov.scot/id/statistical-geography/S02001408,Rhins North,"","","","","","","","","","","","",10,8.57,5.88,6.06,3.33,3.45
http://statistics.gov.scot/id/statistical-geography/S02001409,Rhins South,"","","","","","","","","","","","",20,17.65,13.33,20,13.33,5.56
http://statistics.gov.scot/id/statistical-geography/S02001916,Riddrie and Hogganfield,"","","","","","","","","","","","",13.7,9.52,9.09,12.86,8.75,12.99
http://statistics.gov.scot/id/statistical-geography/S02001918,Robroyston and Millerston,"","","","","","","","","","","","",0,0,2.88,4.35,5.1,2.08
http://statistics.gov.scot/id/statistical-geography/S02001529,Rosebank and Waterside,"","","","","","","","","","","","",1.96,1.61,2.56,3.33,3,0.87
http://statistics.gov.scot/id/statistical-geography/S02001339,Rosehearty and Strathbeg,"","","","","","","","","","","","",13.64,8.22,5.63,6.17,9.21,12.35
http://statistics.gov.scot/id/statistical-geography/S02001246,Rosemount,"","","","","","","","","","","","",2.1,2.88,2.4,0.98,4.08,2.3
http://statistics.gov.scot/id/statistical-geography/S02002057,Roslin and Bilston,"","","","","","","","","","","","",18.75,23.33,20.69,17.86,4,0.00
http://statistics.gov.scot/id/statistical-geography/S02002013,Ross and Cromarty Central,"","","","","","","","","","","","",6.82,3.92,5.26,0,0,0.00
http://statistics.gov.scot/id/statistical-geography/S02002014,Ross and Cromarty East,"","","","","","","","","","","","",2.86,6.45,3.57,7.69,3.7,3.23
http://statistics.gov.scot/id/statistical-geography/S02002012,Ross and Cromarty North West,"","","","","","","","","","","","",2.86,5.88,9.68,13.64,10.53,6.25
http://statistics.gov.scot/id/statistical-geography/S02002011,Ross and Cromarty South West,"","","","","","","","","","","","",0,0,0,8,7.69,10.53
http://statistics.gov.scot/id/statistical-geography/S02001761,Rosyth Central,"","","","","","","","","","","","",19.23,16.36,13.73,15.09,14.58,12.77
http://statistics.gov.scot/id/statistical-geography/S02001760,Rosyth East,"","","","","","","","","","","","",16,9.38,9.09,7.41,11.76,8.33
http://statistics.gov.scot/id/statistical-geography/S02001759,Rosyth North,"","","","","","","","","","","","",7.55,8.51,8.51,8.51,6.98,4.76
http://statistics.gov.scot/id/statistical-geography/S02001762,Rosyth South,"","","","","","","","","","","","",15.28,14.29,10.61,12.31,8.77,8
http://statistics.gov.scot/id/statistical-geography/S02001382,Rothesay Town,"","","","","","","","","","","","",15.52,6.38,2.22,4.17,10.2,12.77
http://statistics.gov.scot/id/statistical-geography/S02001926,"Roystonhill, Blochairn, and Provanmill","","","","","","","","","","","","",9.35,8.77,8.82,10,8.74,7.27
http://statistics.gov.scot/id/statistical-geography/S02001941,Ruchill,"","","","","","","","","","","","",6.29,2.96,3.23,3.23,2.42,3.7
http://statistics.gov.scot/id/statistical-geography/S02002075,Rural Keith and Strathisla,"","","","","","","","","","","","",8.7,9.52,10.34,16.13,16.67,16.67
http://statistics.gov.scot/id/statistical-geography/S02002051,Rural South Midlothian,"","","","","","","","","","","","",9.09,18.75,5.88,8.57,2.5,2.17
http://statistics.gov.scot/id/statistical-geography/S02001740,Saline and Gowkhall,"","","","","","","","","","","","",10.71,21.05,15.79,12,8.7,4.17
http://statistics.gov.scot/id/statistical-geography/S02002111,Saltcoats Central,"","","","","","","","","","","","",24.24,21.62,23.53,16.28,19.51,22.45
http://statistics.gov.scot/id/statistical-geography/S02002116,Saltcoats North East,"","","","","","","","","","","","",11.25,10.77,13.51,11.27,12.7,13.56
http://statistics.gov.scot/id/statistical-geography/S02002115,Saltcoats North West,"","","","","","","","","","","","",3.57,3.57,9.68,12.5,9.09,0.00
http://statistics.gov.scot/id/statistical-geography/S02001401,Sauchie,"","","","","","","","","","","","",14.14,12.05,18.18,14.77,14.74,10.84
http://statistics.gov.scot/id/statistical-geography/S02002241,Scone,"","","","","","","","","","","","",6.12,6.12,8,10.26,5.71,2.27
http://statistics.gov.scot/id/statistical-geography/S02001962,Scotstoun North and East,"","","","","","","","","","","","",7.89,6.58,2.94,4.17,2.74,1.25
http://statistics.gov.scot/id/statistical-geography/S02001963,Scotstoun South and West,"","","","","","","","","","","","",12.9,5.36,6,12.73,17.54,17.24
http://statistics.gov.scot/id/statistical-geography/S02002022,Seaboard,"","","","","","","","","","","","",18.52,15.69,9.62,4.17,6.82,7.32
http://statistics.gov.scot/id/statistical-geography/S02002201,Seafar,"","","","","","","","","","","","",10.91,13.95,13.16,15.62,14.63,11.63
http://statistics.gov.scot/id/statistical-geography/S02002495,Seafield,"","","","","","","","","","","","",31.25,16.67,6.25,12.5,13.33,18.18
http://statistics.gov.scot/id/statistical-geography/S02001264,Seaton,"","","","","","","","","","","","",9.88,7.79,2.86,3.03,6.45,6.45
http://statistics.gov.scot/id/statistical-geography/S02002321,Selkirk,"","","","","","","","","","","","",5.19,5.97,8.2,11.11,8.77,8.47
http://statistics.gov.scot/id/statistical-geography/S02001592,Shandon,"","","","","","","","","","","","",0,0,1.35,2.25,2.17,1.09
http://statistics.gov.scot/id/statistical-geography/S02002064,Shawfair,"","","","","","","","","","","","",10,9.52,12.2,12.5,8.7,2.44
http://statistics.gov.scot/id/statistical-geography/S02002409,Shawfield and Clincarthill,"","","","","","","","","","","","",11.48,5.66,4.17,6.12,7.55,8.62
http://statistics.gov.scot/id/statistical-geography/S02001422,Shawhead,"","","","","","","","","","","","",2.38,2.7,0,4.08,5.45,10.42
http://statistics.gov.scot/id/statistical-geography/S02002177,Shawhead and Whifflet,"","","","","","","","","","","","",15.79,15.38,14.81,10.71,5.56,6.82
http://statistics.gov.scot/id/statistical-geography/S02001871,Shawlands East,"","","","","","","","","","","","",1.22,1.33,1.54,1.49,1.52,2.9
http://statistics.gov.scot/id/statistical-geography/S02001870,Shawlands West,"","","","","","","","","","","","",1.92,4,4.65,4.41,1.56,0.00
http://statistics.gov.scot/id/statistical-geography/S02001271,Sheddocksley,"","","","","","","","","","","","",6.35,6.35,8.33,5.88,6.82,4.23
http://statistics.gov.scot/id/statistical-geography/S02002322,Shetland South,"","","","","","","","","","","","",7.04,6.49,4.84,1.82,0,2.7
http://statistics.gov.scot/id/statistical-geography/S02001910,Shettleston North,"","","","","","","","","","","","",10.47,10.81,4.55,10,11.48,9.68
http://statistics.gov.scot/id/statistical-geography/S02001897,Shettleston South,"","","","","","","","","","","","",9.09,6.12,6.98,6.38,4.44,2.13
http://statistics.gov.scot/id/statistical-geography/S02001722,Shieldhill,"","","","","","","","","","","","",5,7.14,8.11,11.76,11.11,10.81
http://statistics.gov.scot/id/statistical-geography/S02001493,Shortlees,"","","","","","","","","","","","",32.98,27.59,17.57,11.27,12.9,15.94
http://statistics.gov.scot/id/statistical-geography/S02002147,Shotts,"","","","","","","","","","","","",12.12,7.41,1.79,0,1.85,3.39
http://statistics.gov.scot/id/statistical-geography/S02001925,Sighthill,"","","","","","","","","","","","",6.38,3.57,5.26,7.69,8.33,0.00
http://statistics.gov.scot/id/statistical-geography/S02001672,Silverknowes and Davidson's Mains,"","","","","","","","","","","","",4.76,0,0,0,0,2.56
http://statistics.gov.scot/id/statistical-geography/S02002383,Silvertonhill,"","","","","","","","","","","","",4,10.34,9.38,8.57,3.33,3.57
http://statistics.gov.scot/id/statistical-geography/S02002130,Skelmorlie and Rural,"","","","","","","","","","","","",0,0,0,0,0,0.00
http://statistics.gov.scot/id/statistical-geography/S02002009,Skye North East,"","","","","","","","","","","","",2.27,0,2.08,2.38,11.36,11.11
http://statistics.gov.scot/id/statistical-geography/S02002010,Skye North West,"","","","","","","","","","","","",12.5,10,4.76,7.69,4.35,7.41
http://statistics.gov.scot/id/statistical-geography/S02002008,Skye South,"","","","","","","","","","","","",2.86,3.12,0,0,0,0.00
http://statistics.gov.scot/id/statistical-geography/S02001589,Slateford and Chesser,"","","","","","","","","","","","",4.55,3.03,2.6,1.52,2.86,1.35
http://statistics.gov.scot/id/statistical-geography/S02001344,South Angus,"","","","","","","","","","","","",5,5.08,3.39,5.17,3.57,8.47
http://statistics.gov.scot/id/statistical-geography/S02001513,South Castlehill and Thorn,"","","","","","","","","","","","",6.98,4.26,2.08,0,0,0.00
http://statistics.gov.scot/id/statistical-geography/S02001682,South Gyle,"","","","","","","","","","","","",2.08,0,0,0,1.79,1.69
http://statistics.gov.scot/id/statistical-geography/S02001644,South Leith,"","","","","","","","","","","","",3.85,3.75,3.66,3.9,2.82,6.67
http://statistics.gov.scot/id/statistical-geography/S02001690,South Lewis,"","","","","","","","","","","","",3.85,4.55,0,0,0,0.00
http://statistics.gov.scot/id/statistical-geography/S02002073,South Speyside and the Cabrach,"","","","","","","","","","","","",2.27,6.67,7.14,4.55,0,0.00
http://statistics.gov.scot/id/statistical-geography/S02001575,South Thornliebank and Woodfarm,"","","","","","","","","","","","",2.63,0,2.04,2,3.51,1.75
http://statistics.gov.scot/id/statistical-geography/S02001499,Southcraig and Beansburn,"","","","","","","","","","","","",4.05,0,0,0,0,0.00
http://statistics.gov.scot/id/statistical-geography/S02002412,Spittal,"","","","","","","","","","","","",25,24,25,22.86,17.95,14.29
http://statistics.gov.scot/id/statistical-geography/S02001922,Springburn,"","","","","","","","","","","","",8.96,10.29,7.35,4.62,4.84,6.45
http://statistics.gov.scot/id/statistical-geography/S02001923,Springburn East and Cowlairs,"","","","","","","","","","","","",19.1,16.47,12.5,12.5,12.28,14.29
http://statistics.gov.scot/id/statistical-geography/S02002098,Springside and Rural,"","","","","","","","","","","","",24.24,17.86,18.52,7.41,5.71,6.45
http://statistics.gov.scot/id/statistical-geography/S02001835,St Andrews Central,"","","","","","","","","","","","",0,5,5.26,5.26,5.56,9.09
http://statistics.gov.scot/id/statistical-geography/S02001837,St Andrews North and Strathkinness,"","","","","","","","","","","","",15.38,7.69,0,0,0,0.00
http://statistics.gov.scot/id/statistical-geography/S02001834,St Andrews South East,"","","","","","","","","","","","",16.67,13.33,17.39,16,11.76,3.57
http://statistics.gov.scot/id/statistical-geography/S02001836,St Andrews South West,"","","","","","","","","","","","",3.23,6.25,5.88,5.41,6.45,6.67
http://statistics.gov.scot/id/statistical-geography/S02002313,St Boswells and Newtown Area,"","","","","","","","","","","","",9.52,4.55,2.5,0,3.57,2.94
http://statistics.gov.scot/id/statistical-geography/S02002420,St Leonards North,"","","","","","","","","","","","",10.77,4.84,7.41,4.92,4.44,1.82
http://statistics.gov.scot/id/statistical-geography/S02002421,St Leonards South,"","","","","","","","","","","","",7.41,5.66,5.77,8.33,5.56,8.16
http://statistics.gov.scot/id/statistical-geography/S02001831,St Monans and Pittenweem,"","","","","","","","","","","","",4.17,8,14.29,19.35,12,4.76
http://statistics.gov.scot/id/statistical-geography/S02001570,Stamperland,"","","","","","","","","","","","",4.55,4.88,1.85,0,0,0.00
http://statistics.gov.scot/id/statistical-geography/S02002148,Stane,"","","","","","","","","","","","",9.76,11.63,16.67,15.91,12.82,9.76
http://statistics.gov.scot/id/statistical-geography/S02002250,Stanley and Murthly,"","","","","","","","","","","","",12.5,2.38,4,2.04,4.17,4.17
http://statistics.gov.scot/id/statistical-geography/S02001587,Stenhouse and Saughton Mains,"","","","","","","","","","","","",10.14,7.46,5.8,9.21,8.75,7.94
http://statistics.gov.scot/id/statistical-geography/S02001707,Stenhousemuir - Antonshill,"","","","","","","","","","","","",5.41,3.45,0,4.17,6.25,5.71
http://statistics.gov.scot/id/statistical-geography/S02001706,Stenhousemuir East,"","","","","","","","","","","","",6.52,6.12,5,5.41,9.68,12.5
http://statistics.gov.scot/id/statistical-geography/S02001705,Stenhousemuir West,"","","","","","","","","","","","",9.3,10,5,5.26,2.5,2.38
http://statistics.gov.scot/id/statistical-geography/S02002194,Stepps,"","","","","","","","","","","","",12,7.69,3.7,2.86,3.03,2.86
http://statistics.gov.scot/id/statistical-geography/S02002110,Stevenston Ardeer,"","","","","","","","","","","","",19.44,25,19.51,10.87,8.51,12.5
http://statistics.gov.scot/id/statistical-geography/S02002118,Stevenston Hayocks,"","","","","","","","","","","","",28.07,18.18,15.22,19.05,17.65,27.45
http://statistics.gov.scot/id/statistical-geography/S02002117,Stevenston North West,"","","","","","","","","","","","",17.65,17.86,16.67,13.64,17.86,16
http://statistics.gov.scot/id/statistical-geography/S02002424,Stewartfield East,"","","","","","","","","","","","",4.35,3.23,3.03,2.78,0,0.00
http://statistics.gov.scot/id/statistical-geography/S02002425,Stewartfield West,"","","","","","","","","","","","",6.67,8.51,5.77,6.12,6.38,6.67
http://statistics.gov.scot/id/statistical-geography/S02001487,Stewarton East,"","","","","","","","","","","","",7.69,5.26,3.45,3.33,3.85,10
http://statistics.gov.scot/id/statistical-geography/S02001488,Stewarton West,"","","","","","","","","","","","",13.33,5.41,6.45,8.33,15.62,15.15
http://statistics.gov.scot/id/statistical-geography/S02001452,Stobswell,"","","","","","","","","","","","",11.11,8.76,9.23,10.4,11.61,11.24
http://statistics.gov.scot/id/statistical-geography/S02001658,Stockbridge,"","","","","","","","","","","","",0,0,0,0,0,1.52
http://statistics.gov.scot/id/statistical-geography/S02001269,Stockethill,"","","","","","","","","","","","",9.3,8.51,6.45,6.98,8,8.82
http://statistics.gov.scot/id/statistical-geography/S02001292,Stonehaven North,"","","","","","","","","","","","",4.55,3.12,2.78,1.41,2.9,1.54
http://statistics.gov.scot/id/statistical-geography/S02001291,Stonehaven South,"","","","","","","","","","","","",7.5,6.85,4.11,5.41,4.05,1.54
http://statistics.gov.scot/id/statistical-geography/S02002376,Stonehouse,"","","","","","","","","","","","",19.72,16.9,13.11,8.57,4.23,3.7
http://statistics.gov.scot/id/statistical-geography/S02001694,Stornoway East,"","","","","","","","","","","","",10,8.57,5.88,9.38,6.06,2.94
http://statistics.gov.scot/id/statistical-geography/S02001693,Stornoway West,"","","","","","","","","","","","",10.17,12.5,13.64,20.93,20,15
http://statistics.gov.scot/id/statistical-geography/S02002058,Straiton,"","","","","","","","","","","","",11.76,10.53,5.56,18.18,13.33,7.69
http://statistics.gov.scot/id/statistical-geography/S02001406,Stranraer East,"","","","","","","","","","","","",8.89,11.9,12.5,25,25.71,25.71
http://statistics.gov.scot/id/statistical-geography/S02001407,Stranraer South,"","","","","","","","","","","","",18.52,23.33,17.86,22.22,14,11.32
http://statistics.gov.scot/id/statistical-geography/S02001405,Stranraer West,"","","","","","","","","","","","",25.93,30.61,25.49,15.25,14.55,13.33
http://statistics.gov.scot/id/statistical-geography/S02002378,Strathaven North,"","","","","","","","","","","","",3.85,3.7,0,0,0,0.00
http://statistics.gov.scot/id/statistical-geography/S02002377,Strathaven South,"","","","","","","","","","","","",7.32,0,7.14,6.12,6.82,5.13
http://statistics.gov.scot/id/statistical-geography/S02001868,Strathbungo,"","","","","","","","","","","","",7.97,7.26,7.94,11.36,12.3,13.56
http://statistics.gov.scot/id/statistical-geography/S02002213,"Stromness, Sandwick and Stenness","","","","","","","","","","","","",3.03,5.56,9.09,10.34,4.55,0.00
http://statistics.gov.scot/id/statistical-geography/S02002375,Strutherhill,"","","","","","","","","","","","",20.37,15.52,11.67,19.18,23.33,31.91
http://statistics.gov.scot/id/statistical-geography/S02001244,Summerhill,"","","","","","","","","","","","",16.9,18.18,17.19,11.67,5.26,4.62
http://statistics.gov.scot/id/statistical-geography/S02001945,Summerston Central and West,"","","","","","","","","","","","",6.9,12.7,9.52,6.15,0,0.00
http://statistics.gov.scot/id/statistical-geography/S02001946,Summerston North,"","","","","","","","","","","","",14.08,13.33,12.07,14.81,15.91,10.81
http://statistics.gov.scot/id/statistical-geography/S02001424,Summerville,"","","","","","","","","","","","",10.77,7.02,10.71,14.71,14.86,17.57
http://statistics.gov.scot/id/statistical-geography/S02002175,Sunnyside and Cliftonville,"","","","","","","","","","","","",7.69,5.56,1.64,1.82,2.08,2.22
http://statistics.gov.scot/id/statistical-geography/S02002025,Sutherland East,"","","","","","","","","","","","",15,13.33,15.79,23.08,26.67,25
http://statistics.gov.scot/id/statistical-geography/S02002033,Sutherland North and West,"","","","","","","","","","","","",8.33,6.9,8.57,9.09,12,12.5
http://statistics.gov.scot/id/statistical-geography/S02002024,Sutherland South,"","","","","","","","","","","","",5.26,7.02,6.25,9.09,11.11,15
http://statistics.gov.scot/id/statistical-geography/S02002023,Tain,"","","","","","","","","","","","",24.14,25,19.57,14.63,14.63,15.91
http://statistics.gov.scot/id/statistical-geography/S02001840,Tayport,"","","","","","","","","","","","",9.62,13.04,12.5,12.5,5.41,5.26
http://statistics.gov.scot/id/statistical-geography/S02001583,The Calders,"","","","","","","","","","","","",22.22,15.62,13.51,9.09,18,16.22
http://statistics.gov.scot/id/statistical-geography/S02001451,The Glens,"","","","","","","","","","","","",23.36,19.27,17.32,16.94,19.01,17.43
http://statistics.gov.scot/id/statistical-geography/S02001612,The Grange,"","","","","","","","","","","","",0,0,3.12,0,0,0.00
http://statistics.gov.scot/id/statistical-geography/S02001608,The Inch,"","","","","","","","","","","","",12.5,14.58,5.17,5.97,5.48,7.58
http://statistics.gov.scot/id/statistical-geography/S02002434,The Murray,"","","","","","","","","","","","",7.32,5,2.78,5.13,5.26,5.56
http://statistics.gov.scot/id/statistical-geography/S02001642,The Shore and Constitution Street,"","","","","","","","","","","","",0,1.22,2.78,2.97,1.74,0.00
http://statistics.gov.scot/id/statistical-geography/S02001420,Thornhill,"","","","","","","","","","","","",10.81,10,10,9.52,13.64,7.69
http://statistics.gov.scot/id/statistical-geography/S02001798,Thornton and Kinglassie,"","","","","","","","","","","","",10.67,9.86,8.7,11.94,7.81,14.29
http://statistics.gov.scot/id/statistical-geography/S02002426,"Thorntonhall, Jackton and Gardenhall","","","","","","","","","","","","",2.08,0,0,0,0,0.00
http://statistics.gov.scot/id/statistical-geography/S02002065,Thornybank,"","","","","","","","","","","","",16.28,10.2,18.87,15.09,16,8.62
http://statistics.gov.scot/id/statistical-geography/S02002187,Thrashbush,"","","","","","","","","","","","",20.73,18.07,15,10.29,12.5,14.08
http://statistics.gov.scot/id/statistical-geography/S02002031,Thurso East,"","","","","","","","","","","","",21.95,25.71,21.21,14.81,3.45,6.9
http://statistics.gov.scot/id/statistical-geography/S02002032,Thurso West,"","","","","","","","","","","","",11.76,16.13,11.11,5.56,8.47,10.91
http://statistics.gov.scot/id/statistical-geography/S02001398,Tillicoultry,"","","","","","","","","","","","",10.2,13.95,13.95,13.04,7.55,8.33
http://statistics.gov.scot/id/statistical-geography/S02001266,Tillydrone,"","","","","","","","","","","","",11.21,9.63,10.42,10.42,12.32,9.17
http://statistics.gov.scot/id/statistical-geography/S02001620,Tollcross,"","","","","","","","","","","","",2.6,3.12,7.58,8.77,4.35,0.00
http://statistics.gov.scot/id/statistical-geography/S02001911,Tollcross,"","","","","","","","","","","","",10.84,12.16,11.11,8.7,7.81,3.7
http://statistics.gov.scot/id/statistical-geography/S02001518,Torrance and Balmore,"","","","","","","","","","","","",6.25,5.56,4.55,3.85,0,0.00
http://statistics.gov.scot/id/statistical-geography/S02001258,Torry East,"","","","","","","","","","","","",24.75,22.12,19.32,16.28,17.65,16.25
http://statistics.gov.scot/id/statistical-geography/S02001257,Torry West,"","","","","","","","","","","","",9.85,8.57,10.77,7.87,7.62,2.97
http://statistics.gov.scot/id/statistical-geography/S02001888,Toryglen and Oatlands,"","","","","","","","","","","","",13.27,11.24,8.91,7.27,4.92,5.65
http://statistics.gov.scot/id/statistical-geography/S02002174,Townhead,"","","","","","","","","","","","",17.74,16.95,20.34,21.82,24,18.6
http://statistics.gov.scot/id/statistical-geography/S02001651,Trinity,"","","","","","","","","","","","",0,3.23,7.32,2.7,3.03,0.00
http://statistics.gov.scot/id/statistical-geography/S02001650,Trinity East and The Dudleys,"","","","","","","","","","","","",4.35,0,0,0,0,0.00
http://statistics.gov.scot/id/statistical-geography/S02002353,Troon,"","","","","","","","","","","","",8.7,10.2,9.76,8.82,0,3.23
http://statistics.gov.scot/id/statistical-geography/S02001425,Troqueer,"","","","","","","","","","","","",14.58,17.07,13.89,14.81,3.7,3.85
http://statistics.gov.scot/id/statistical-geography/S02001394,Tullibody North and Glenochil,"","","","","","","","","","","","",19.1,20.29,8.57,10.67,10.71,13.51
http://statistics.gov.scot/id/statistical-geography/S02001393,Tullibody South,"","","","","","","","","","","","",13.89,11.86,13.11,10.29,9.46,7.58
http://statistics.gov.scot/id/statistical-geography/S02001323,Turriff,"","","","","","","","","","","","",11.11,6.98,2.13,3.57,3.51,2
http://statistics.gov.scot/id/statistical-geography/S02001530,Twechar and Harestanes East,"","","","","","","","","","","","",13.51,18.52,15,16.22,12.5,4.88
http://statistics.gov.scot/id/statistical-geography/S02002295,Tweeddale East Area,"","","","","","","","","","","","",11.32,12.5,9.09,9.26,7.84,3.7
http://statistics.gov.scot/id/statistical-geography/S02002292,Tweeddale West Area,"","","","","","","","","","","","",2.22,0,0,0,0,1.69
http://statistics.gov.scot/id/statistical-geography/S02002401,Uddingston and Gardenside,"","","","","","","","","","","","",7.89,6.33,3.41,1.15,1.9,1.94
http://statistics.gov.scot/id/statistical-geography/S02002512,"Uphall, Dechmont and Ecclesmachan","","","","","","","","","","","","",8.57,5.56,10.53,8.7,12.07,11.29
http://statistics.gov.scot/id/statistical-geography/S02001419,Upper Nithsdale,"","","","","","","","","","","","",19.23,19.61,18.37,16.36,13.21,14.89
http://statistics.gov.scot/id/statistical-geography/S02001741,Valleyfield Culross and Torryburn,"","","","","","","","","","","","",25.53,20,20,17.86,10.87,12
http://statistics.gov.scot/id/statistical-geography/S02002404,Vicarland and Cairns,"","","","","","","","","","","","",6.9,8.62,7.27,6.9,6.25,8.62
http://statistics.gov.scot/id/statistical-geography/S02001960,Victoria Park,"","","","","","","","","","","","",0,0,0,0,0,0.00
http://statistics.gov.scot/id/statistical-geography/S02002231,"Viewlands, Craigie and Wellshill","","","","","","","","","","","","",7.89,6.41,3.41,4.44,3.57,4.35
http://statistics.gov.scot/id/statistical-geography/S02002167,Viewpark,"","","","","","","","","","","","",19.48,17.11,13.16,5.88,4.48,4.29
http://statistics.gov.scot/id/statistical-geography/S02002206,Village and Castlecary,"","","","","","","","","","","","",10.14,11.76,10.61,9.09,6.25,6.38
http://statistics.gov.scot/id/statistical-geography/S02001797,Wemyss,"","","","","","","","","","","","",4.26,11.43,21.62,20.51,15.22,9.8
http://statistics.gov.scot/id/statistical-geography/S02002037,"West Braeside, East Inverkip and West Gourock","","","","","","","","","","","","",5.88,6.9,0,0,0,0.00
http://statistics.gov.scot/id/statistical-geography/S02002480,West Calder and Polbeth,"","","","","","","","","","","","",11.11,10.26,6.38,8.89,9.3,5.56
http://statistics.gov.scot/id/statistical-geography/S02001506,West Clober and Mains Estate,"","","","","","","","","","","","",3.23,0,0,0,0,0.00
http://statistics.gov.scot/id/statistical-geography/S02001247,West End North,"","","","","","","","","","","","",0,0,0,0,0,0.00
http://statistics.gov.scot/id/statistical-geography/S02001248,West End South,"","","","","","","","","","","","",0.72,0,0.78,0,0,0.00
http://statistics.gov.scot/id/statistical-geography/S02001456,West Ferry,"","","","","","","","","","","","",3.7,4.55,0,0,0,3.45
http://statistics.gov.scot/id/statistical-geography/S02002126,West Kilbride and Seamill,"","","","","","","","","","","","",6,3.64,2.38,7.89,5.88,5.88
http://statistics.gov.scot/id/statistical-geography/S02002216,West Kirkwall,"","","","","","","","","","","","",12.24,8.89,6.12,2.13,3.77,1.92
http://statistics.gov.scot/id/statistical-geography/S02002214,West Mainland,"","","","","","","","","","","","",3.12,3.57,3.33,5.56,2.44,2.22
http://statistics.gov.scot/id/statistical-geography/S02002423,West Mains,"","","","","","","","","","","","",18.92,11.43,7.89,4.55,4.44,5.26
http://statistics.gov.scot/id/statistical-geography/S02001666,West Pilton,"","","","","","","","","","","","",13.04,7.27,8.33,13.85,12.68,16.44
http://statistics.gov.scot/id/statistical-geography/S02001461,West Pitkerro,"","","","","","","","","","","","",2.78,1.96,4.4,4.88,5.88,3.23
http://statistics.gov.scot/id/statistical-geography/S02002403,Westburn and Newton,"","","","","","","","","","","","",10.06,7.1,7.69,7.81,6.61,6.8
http://statistics.gov.scot/id/statistical-geography/S02001445,Westend,"","","","","","","","","","","","",1.33,3.17,3.03,1.35,3.23,3.51
http://statistics.gov.scot/id/statistical-geography/S02001475,Western Edge,"","","","","","","","","","","","",4.76,5,2.99,4.23,5.41,6.78
http://statistics.gov.scot/id/statistical-geography/S02002233,Western Edge,"","","","","","","","","","","","",8.82,8.2,6.67,1.75,2.22,2.17
http://statistics.gov.scot/id/statistical-geography/S02001640,Western Harbour and Leith Docks,"","","","","","","","","","","","",2.5,0,0,0,0,1.41
http://statistics.gov.scot/id/statistical-geography/S02001515,Westerton East,"","","","","","","","","","","","",0,0,0,0,0,0.00
http://statistics.gov.scot/id/statistical-geography/S02001514,Westerton West,"","","","","","","","","","","","",3.12,0,0,0,0,0.00
http://statistics.gov.scot/id/statistical-geography/S02002198,Westfield,"","","","","","","","","","","","",5.71,6.9,5.81,6,5.32,6.41
http://statistics.gov.scot/id/statistical-geography/S02001309,Westhill Central,"","","","","","","","","","","","",0,4.26,4,5.26,5.36,5.08
http://statistics.gov.scot/id/statistical-geography/S02001308,Westhill North and South,"","","","","","","","","","","","",3.92,4.69,1.27,1.25,0,0.00
http://statistics.gov.scot/id/statistical-geography/S02002433,Westwood East,"","","","","","","","","","","","",8,8.16,7.5,9.09,6.25,5.26
http://statistics.gov.scot/id/statistical-geography/S02002432,Westwood South,"","","","","","","","","","","","",14.75,11.11,9.26,5.56,12.28,11.32
http://statistics.gov.scot/id/statistical-geography/S02001378,Whisky Isles,"","","","","","","","","","","","",8.82,5.56,2.5,2.78,2.78,0.00
http://statistics.gov.scot/id/statistical-geography/S02002498,Whitburn Central,"","","","","","","","","","","","",18.92,20.45,22.92,22,16,13.64
http://statistics.gov.scot/id/statistical-geography/S02002499,"Whitburn, Croftmalloch and Greenrigg","","","","","","","","","","","","",22.58,10.81,10.2,5,1.45,1.41
http://statistics.gov.scot/id/statistical-geography/S02001563,Whitecraigs and Broom,"","","","","","","","","","","","",0,0,0,0,0,0.00
http://statistics.gov.scot/id/statistical-geography/S02002398,Whitehill,"","","","","","","","","","","","",16.95,14.93,12,6.76,4.76,7.84
http://statistics.gov.scot/id/statistical-geography/S02002430,Whitehills West,"","","","","","","","","","","","",12.7,15.09,11.11,7.69,6.12,13.95
http://statistics.gov.scot/id/statistical-geography/S02001961,Whiteinch,"","","","","","","","","","","","",4.76,5.97,7.58,7.94,5.26,4.17
http://statistics.gov.scot/id/statistical-geography/S02001462,Whitfield,"","","","","","","","","","","","",23.08,28,24.29,26.03,25.35,25.61
http://statistics.gov.scot/id/statistical-geography/S02002405,Whitlawburn and Greenlees,"","","","","","","","","","","","",13.76,16.95,18.02,14.14,10.53,8.7
http://statistics.gov.scot/id/statistical-geography/S02002028,Wick North,"","","","","","","","","","","","",17.31,12.5,13.33,14.29,14.81,9.38
http://statistics.gov.scot/id/statistical-geography/S02002027,Wick South,"","","","","","","","","","","","",31.25,24.49,21.28,17.78,16.67,23.33
http://statistics.gov.scot/id/statistical-geography/S02001569,Williamwood,"","","","","","","","","","","","",2.7,0,0,0,0,0.00
http://statistics.gov.scot/id/statistical-geography/S02001626,Willowbrae and Duddingston Village,"","","","","","","","","","","","",0,0,3.51,6.06,7.14,8.22
http://statistics.gov.scot/id/statistical-geography/S02002510,"Winchburgh, Bridgend and Philpstoun","","","","","","","","","","","","",13.33,16.67,10.34,6.06,2.9,3.45
http://statistics.gov.scot/id/statistical-geography/S02001812,Windygates and Coaltown,"","","","","","","","","","","","",9.09,10.71,9.09,3.7,2.94,2.86
http://statistics.gov.scot/id/statistical-geography/S02002144,Wishaw East,"","","","","","","","","","","","",6.82,6.06,2.94,3.45,0,0.00
http://statistics.gov.scot/id/statistical-geography/S02002142,Wishaw North,"","","","","","","","","","","","",10.47,11.54,11.27,11.43,12.5,13.56
http://statistics.gov.scot/id/statistical-geography/S02002141,Wishaw South,"","","","","","","","","","","","",9.72,10.96,7.94,9.09,10.2,18.52
http://statistics.gov.scot/id/statistical-geography/S02002387,Woodhead and Meikle Earnock,"","","","","","","","","","","","",9.26,6.12,9.3,10.87,12.5,7.89
http://statistics.gov.scot/id/statistical-geography/S02001522,Woodhill East,"","","","","","","","","","","","",0,0,0,0,0,0.00
http://statistics.gov.scot/id/statistical-geography/S02001523,Woodhill West,"","","","","","","","","","","","",6.98,5.13,2.56,0,0,0.00
http://statistics.gov.scot/id/statistical-geography/S02001937,Woodlands,"","","","","","","","","","","","",0,1.83,2.8,3.85,1.94,1.08
http://statistics.gov.scot/id/statistical-geography/S02001267,Woodside,"","","","","","","","","","","","",10.42,9.68,6.9,10.34,14.29,19.23
http://statistics.gov.scot/id/statistical-geography/S02001938,Woodside,"","","","","","","","","","","","",8,4.55,0,2.13,2.56,5
http://statistics.gov.scot/id/statistical-geography/S02001949,Wyndford,"","","","","","","","","","","","",19.72,14.08,12.33,8.11,11.27,10.45
http://statistics.gov.scot/id/statistical-geography/S02001965,Yoker North,"","","","","","","","","","","","",3.33,3.03,0,0,6.45,8.57
http://statistics.gov.scot/id/statistical-geography/S02001964,Yoker South,"","","","","","","","","","","","",11.34,11.54,9.47,5.32,7.06,4.6
http://statistics.gov.scot/id/statistical-geography/S02001315,Ythanside,"","","","","","","","","","","","",4,4,1.85,1.59,3.17,5.88
http://statistics.gov.scot/id/statistical-geography/S02001316,Ythsie,"","","","","","","","","","","","",4.88,2.2,2.13,1.06,1.06,2.27
http://statistics.gov.scot/id/statistical-geography/S01009308,Abbey Parks North,"","","","","","","","","","","","",10,12.5,18.18,11.11,12.5,0.00
http://statistics.gov.scot/id/statistical-geography/S01009309,Abbey Parks South and Brucefield North West,"","","","","","","","","","","","",9.09,7.14,0,0,0,0.00
http://statistics.gov.scot/id/statistical-geography/S01008686,Abbeyhill - 01,"","","","","","","","","","","","",0,0,0,0,0,0.00
http://statistics.gov.scot/id/statistical-geography/S01008687,Abbeyhill - 02,"","","","","","","","","","","","",0,0,0,0,0,0.00
http://statistics.gov.scot/id/statistical-geography/S01008688,Abbeyhill - 03,"","","","","","","","","","","","",0,0,0,0,0,0.00
http://statistics.gov.scot/id/statistical-geography/S01009340,Abbeyview Central,"","","","","","","","","","","","",22.22,16.67,12.5,20,18.18,20
http://statistics.gov.scot/id/statistical-geography/S01009338,Abbeyview East,"","","","","","","","","","","","",4,11.54,9.68,13.04,4.17,5
http://statistics.gov.scot/id/statistical-geography/S01009345,Abbeyview Linburn,"","","","","","","","","","","","",10,7.14,8.33,10,0,0.00
http://statistics.gov.scot/id/statistical-geography/S01009339,Abbeyview North,"","","","","","","","","","","","",28.57,26.67,26.67,45.45,23.08,21.43
http://statistics.gov.scot/id/statistical-geography/S01009344,Abbeyview South East,"","","","","","","","","","","","",40,20,9.09,7.14,9.09,0.00
http://statistics.gov.scot/id/statistical-geography/S01009341,Abbeyview West,"","","","","","","","","","","","",25,18.18,18.18,15.38,9.09,8.33
http://statistics.gov.scot/id/statistical-geography/S01007027,Aberchirder and Whitehills - 01,"","","","","","","","","","","","",9.09,11.11,0,0,8.33,8.33
http://statistics.gov.scot/id/statistical-geography/S01007028,Aberchirder and Whitehills - 02,"","","","","","","","","","","","",25,50,20,0,0,0.00
http://statistics.gov.scot/id/statistical-geography/S01007029,Aberchirder and Whitehills - 03,"","","","","","","","","","","","",0,0,0,0,0,0.00
http://statistics.gov.scot/id/statistical-geography/S01007030,Aberchirder and Whitehills - 04,"","","","","","","","","","","","",0,0,0,0,9.09,14.29
http://statistics.gov.scot/id/statistical-geography/S01007031,Aberchirder and Whitehills - 05,"","","","","","","","","","","","",0,14.29,14.29,14.29,0,0.00
http://statistics.gov.scot/id/statistical-geography/S01009454,Aberdour,"","","","","","","","","","","","",0,0,11.11,12.5,12.5,0.00
http://statistics.gov.scot/id/statistical-geography/S01009636,Aberhill,"","","","","","","","","","","","",5.88,11.11,16.67,16.67,35.29,38.46
http://statistics.gov.scot/id/statistical-geography/S01011871,Aberuthven and Almondbank - 01,"","","","","","","","","","","","",11.76,13.33,10,0,0,0.00
http://statistics.gov.scot/id/statistical-geography/S01011872,Aberuthven and Almondbank - 02,"","","","","","","","","","","","",0,0,0,0,0,0.00
http://statistics.gov.scot/id/statistical-geography/S01011873,Aberuthven and Almondbank - 03,"","","","","","","","","","","","",11.11,11.11,0,0,0,0.00
http://statistics.gov.scot/id/statistical-geography/S01011874,Aberuthven and Almondbank - 04,"","","","","","","","","","","","",0,10,11.11,14.29,0,0.00
http://statistics.gov.scot/id/statistical-geography/S01011875,Aberuthven and Almondbank - 05,"","","","","","","","","","","","",0,0,0,0,0,0.00
http://statistics.gov.scot/id/statistical-geography/S01006794,Aboyne and South Deeside - 01,"","","","","","","","","","","","",0,0,0,0,0,0.00
http://statistics.gov.scot/id/statistical-geography/S01006795,Aboyne and South Deeside - 02,"","","","","","","","","","","","",0,0,0,0,0,0.00
http://statistics.gov.scot/id/statistical-geography/S01006796,Aboyne and South Deeside - 03,"","","","","","","","","","","","",0,0,0,0,0,0.00
http://statistics.gov.scot/id/statistical-geography/S01006797,Aboyne and South Deeside - 04,"","","","","","","","","","","","",0,0,0,0,0,0.00
http://statistics.gov.scot/id/statistical-geography/S01006798,Aboyne and South Deeside - 05,"","","","","","","","","","","","",0,0,0,0,0,0.00
http://statistics.gov.scot/id/statistical-geography/S01006799,Aboyne and South Deeside - 06,"","","","","","","","","","","","",16.67,11.11,0,0,0,0.00
http://statistics.gov.scot/id/statistical-geography/S01006800,Aboyne and South Deeside - 07,"","","","","","","","","","","","",0,0,0,0,0,0.00
http://statistics.gov.scot/id/statistical-geography/S01011760,Abronhill North - 01,"","","","","","","","","","","","",13.33,7.69,7.14,18.18,16.67,10
http://statistics.gov.scot/id/statistical-geography/S01011761,Abronhill North - 02,"","","","","","","","","","","","",17.65,12.5,0,0,0,9.09
http://statistics.gov.scot/id/statistical-geography/S01011762,Abronhill North - 03,"","","","","","","","","","","","",0,15.38,30,25,10,8.33
http://statistics.gov.scot/id/statistical-geography/S01011763,Abronhill North - 04,"","","","","","","","","","","","",0,0,0,0,0,0.00
http://statistics.gov.scot/id/statistical-geography/S01011764,Abronhill North - 05,"","","","","","","","","","","","",40,50,40,14.29,16.67,0.00
http://statistics.gov.scot/id/statistical-geography/S01011765,Abronhill North - 06,"","","","","","","","","","","","",0,0,0,0,11.11,22.22
http://statistics.gov.scot/id/statistical-geography/S01011755,Abronhill South - 01,"","","","","","","","","","","","",5.56,11.76,20,17.39,17.86,13.04
http://statistics.gov.scot/id/statistical-geography/S01011756,Abronhill South - 02,"","","","","","","","","","","","",19.23,17.65,20,11.11,5.88,0.00
http://statistics.gov.scot/id/statistical-geography/S01011757,Abronhill South - 03,"","","","","","","","","","","","",0,7.69,20,14.29,12.5,10
http://statistics.gov.scot/id/statistical-geography/S01011758,Abronhill South - 04,"","","","","","","","","","","","",7.14,10,12.5,0,33.33,14.29
http://statistics.gov.scot/id/statistical-geography/S01011759,Abronhill South - 05,"","","","","","","","","","","","",0,0,0,22.22,22.22,22.22
http://statistics.gov.scot/id/statistical-geography/S01009372,Admiralty Central,"","","","","","","","","","","","",0,0,0,0,0,0.00
http://statistics.gov.scot/id/statistical-geography/S01009367,Admiralty North,"","","","","","","","","","","","",14.29,16.67,0,0,0,0.00
http://statistics.gov.scot/id/statistical-geography/S01009371,Admiralty North East,"","","","","","","","","","","","",0,0,0,20,12.5,16.67
http://statistics.gov.scot/id/statistical-geography/S01009376,Admiralty South,"","","","","","","","","","","","",20,0,0,0,16.67,16.67
http://statistics.gov.scot/id/statistical-geography/S01009375,Admiralty South East,"","","","","","","","","","","","",30,28.57,23.08,28.57,22.22,30
http://statistics.gov.scot/id/statistical-geography/S01009374,Admiralty South West,"","","","","","","","","","","","",16.67,15.38,12.5,15.38,15.38,12.5
http://statistics.gov.scot/id/statistical-geography/S01011663,Airdrie North - 01,"","","","","","","","","","","","",6.67,5.88,15.38,27.27,18.18,5.88
http://statistics.gov.scot/id/statistical-geography/S01011664,Airdrie North - 02,"","","","","","","","","","","","",33.33,25,16.67,28.57,33.33,28.57
http://statistics.gov.scot/id/statistical-geography/S01011665,Airdrie North - 03,"","","","","","","","","","","","",0,0,21.43,25,25,0.00
http://statistics.gov.scot/id/statistical-geography/S01011666,Airdrie North - 04,"","","","","","","","","","","","",21.05,25,30,22.22,0,25
http://statistics.gov.scot/id/statistical-geography/S01011667,Airdrie North - 05,"","","","","","","","","","","","",0,0,27.27,20,22.22,0.00
http://statistics.gov.scot/id/statistical-geography/S01011668,Airdrie North - 06,"","","","","","","","","","","","",22.22,14.29,11.11,0,0,13.33
http://statistics.gov.scot/id/statistical-geography/S01010239,Alexandra Parade - 01,"","","","","","","","","","","","",15.38,6.67,0,0,0,0.00
http://statistics.gov.scot/id/statistical-geography/S01010240,Alexandra Parade - 02,"","","","","","","","","","","","",8.33,6.67,10.53,6.25,9.09,0.00
http://statistics.gov.scot/id/statistical-geography/S01010241,Alexandra Parade - 03,"","","","","","","","","","","","",0,3.7,8.33,10.53,6.25,0.00
http://statistics.gov.scot/id/statistical-geography/S01011426,Allanton - Newmains Rural - 01,"","","","","","","","","","","","",7.69,3.45,0,0,0,0.00
http://statistics.gov.scot/id/statistical-geography/S01011427,Allanton - Newmains Rural - 02,"","","","","","","","","","","","",0,11.11,10,18.18,12.5,20
http://statistics.gov.scot/id/statistical-geography/S01011428,Allanton - Newmains Rural - 03,"","","","","","","","","","","","",0,0,0,50,33.33,16.67
http://statistics.gov.scot/id/statistical-geography/S01011429,Allanton - Newmains Rural - 04,"","","","","","","","","","","","",12.5,7.69,9.09,0,0,0.00
http://statistics.gov.scot/id/statistical-geography/S01007467,Alloa North - 01,"","","","","","","","","","","","",8.7,5.26,7.14,0,13.33,10.53
http://statistics.gov.scot/id/statistical-geography/S01007468,Alloa North - 02,"","","","","","","","","","","","",10,12.5,20,0,10,7.69
http://statistics.gov.scot/id/statistical-geography/S01007469,Alloa North - 03,"","","","","","","","","","","","",16.67,10,9.09,0,11.11,14.29
http://statistics.gov.scot/id/statistical-geography/S01007470,Alloa North - 04,"","","","","","","","","","","","",15.38,16.67,11.11,10,9.09,9.09
http://statistics.gov.scot/id/statistical-geography/S01007471,Alloa North - 05,"","","","","","","","","","","","",28.57,14.29,0,0,0,0.00
http://statistics.gov.scot/id/statistical-geography/S01007472,Alloa North - 06,"","","","","","","","","","","","",0,0,0,0,0,0.00
http://statistics.gov.scot/id/statistical-geography/S01007473,Alloa North - 07,"","","","","","","","","","","","",11.11,14.29,0,0,14.29,11.11
http://statistics.gov.scot/id/statistical-geography/S01007474,Alloa North - 08,"","","","","","","","","","","","",0,0,0,0,0,0.00
http://statistics.gov.scot/id/statistical-geography/S01007475,Alloa North - 09,"","","","","","","","","","","","",8.33,12.5,10.53,5.26,0,6.67
http://statistics.gov.scot/id/statistical-geography/S01007461,Alloa South and East - 01,"","","","","","","","","","","","",25,22.73,25,21.43,16.67,20
http://statistics.gov.scot/id/statistical-geography/S01007462,Alloa South and East - 02,"","","","","","","","","","","","",8,4.76,5.26,7.69,8.33,13.33
http://statistics.gov.scot/id/statistical-geography/S01007463,Alloa South and East - 03,"","","","","","","","","","","","",30.77,58.33,41.67,53.33,33.33,33.33
http://statistics.gov.scot/id/statistical-geography/S01007464,Alloa South and East - 04,"","","","","","","","","","","","",33.33,42.86,25,0,0,0.00
http://statistics.gov.scot/id/statistical-geography/S01007465,Alloa South and East - 05,"","","","","","","","","","","","",35.29,33.33,33.33,13.33,20,14.29
http://statistics.gov.scot/id/statistical-geography/S01007466,Alloa South and East - 06,"","","","","","","","","","","","",11.11,22.22,18.75,23.53,18.75,13.33
http://statistics.gov.scot/id/statistical-geography/S01007476,Alloa West - 01,"","","","","","","","","","","","",10,14.29,22.22,25,16.67,10
http://statistics.gov.scot/id/statistical-geography/S01007477,Alloa West - 02,"","","","","","","","","","","","",12.5,12.5,12.5,0,0,0.00
http://statistics.gov.scot/id/statistical-geography/S01007478,Alloa West - 03,"","","","","","","","","","","","",11.11,9.09,0,0,0,0.00
http://statistics.gov.scot/id/statistical-geography/S01007479,Alloa West - 04,"","","","","","","","","","","","",0,16.67,18.18,15.38,0,0.00
http://statistics.gov.scot/id/statistical-geography/S01007480,Alloa West - 05,"","","","","","","","","","","","",11.76,6.25,0,0,0,0.00
http://statistics.gov.scot/id/statistical-geography/S01012451,Alloway and Doonfoot - 01,"","","","","","","","","","","","",0,0,0,0,0,0.00
http://statistics.gov.scot/id/statistical-geography/S01012452,Alloway and Doonfoot - 02,"","","","","","","","","","","","",0,0,0,0,0,0.00
http://statistics.gov.scot/id/statistical-geography/S01012453,Alloway and Doonfoot - 03,"","","","","","","","","","","","",0,0,0,0,0,0.00
http://statistics.gov.scot/id/statistical-geography/S01012454,Alloway and Doonfoot - 04,"","","","","","","","","","","","",0,0,0,0,0,0.00
http://statistics.gov.scot/id/statistical-geography/S01012455,Alloway and Doonfoot - 05,"","","","","","","","","","","","",0,0,0,0,0,0.00
http://statistics.gov.scot/id/statistical-geography/S01012456,Alloway and Doonfoot - 06,"","","","","","","","","","","","",0,0,0,0,0,0.00
http://statistics.gov.scot/id/statistical-geography/S01012457,Alloway and Doonfoot - 07,"","","","","","","","","","","","",0,0,0,0,0,0.00
http://statistics.gov.scot/id/statistical-geography/S01012458,Alloway and Doonfoot - 08,"","","","","","","","","","","","",0,0,0,0,0,0.00
http://statistics.gov.scot/id/statistical-geography/S01010732,Alness - 01,"","","","","","","","","","","","",8.33,22.22,30,30,25,0.00
http://statistics.gov.scot/id/statistical-geography/S01010733,Alness - 02,"","","","","","","","","","","","",37.5,16.67,0,0,16.67,11.11
http://statistics.gov.scot/id/statistical-geography/S01010734,Alness - 03,"","","","","","","","","","","","",36.84,15.38,28.57,36.36,40,14.29
http://statistics.gov.scot/id/statistical-geography/S01010735,Alness - 04,"","","","","","","","","","","","",25,25,28.57,33.33,22.22,11.11
http://statistics.gov.scot/id/statistical-geography/S01010736,Alness - 05,"","","","","","","","","","","","",14.29,0,0,0,0,0.00
http://statistics.gov.scot/id/statistical-geography/S01010737,Alness - 06,"","","","","","","","","","","","",20,6.25,6.25,0,0,0.00
http://statistics.gov.scot/id/statistical-geography/S01010738,Alness - 07,"","","","","","","","","","","","",40,33.33,0,0,0,0.00
http://statistics.gov.scot/id/statistical-geography/S01010739,Alness - 08,"","","","","","","","","","","","",15.38,15.38,15.38,15.38,6.67,5.56
http://statistics.gov.scot/id/statistical-geography/S01007999,Altonhill North and Onthank - 01,"","","","","","","","","","","","",0,0,0,0,0,0.00
http://statistics.gov.scot/id/statistical-geography/S01008000,Altonhill North and Onthank - 02,"","","","","","","","","","","","",6.67,11.11,12.5,7.14,6.25,6.25
http://statistics.gov.scot/id/statistical-geography/S01008001,Altonhill North and Onthank - 03,"","","","","","","","","","","","",23.08,20,11.11,0,8.33,10
http://statistics.gov.scot/id/statistical-geography/S01008002,Altonhill North and Onthank - 04,"","","","","","","","","","","","",23.53,28.57,33.33,50,30,11.11
http://statistics.gov.scot/id/statistical-geography/S01008003,Altonhill North and Onthank - 05,"","","","","","","","","","","","",8.33,18.18,8.33,18.18,18.18,22.22
http://statistics.gov.scot/id/statistical-geography/S01008004,Altonhill North and Onthank - 06,"","","","","","","","","","","","",0,0,9.09,0,0,6.25
http://statistics.gov.scot/id/statistical-geography/S01008005,"Altonhill South, Longpark and Hillhead - 01","","","","","","","","","","","","",0,0,0,0,0,0.00
http://statistics.gov.scot/id/statistical-geography/S01008006,"Altonhill South, Longpark and Hillhead - 02","","","","","","","","","","","","",28.57,0,18.18,25,35.71,42.86
http://statistics.gov.scot/id/statistical-geography/S01008007,"Altonhill South, Longpark and Hillhead - 03","","","","","","","","","","","","",0,0,18.18,15.38,33.33,16.67
http://statistics.gov.scot/id/statistical-geography/S01008008,"Altonhill South, Longpark and Hillhead - 04","","","","","","","","","","","","",11.11,0,9.09,21.43,33.33,28.57
http://statistics.gov.scot/id/statistical-geography/S01008009,"Altonhill South, Longpark and Hillhead - 05","","","","","","","","","","","","",20.69,9.52,15.38,0,8.33,12.5
http://statistics.gov.scot/id/statistical-geography/S01008010,"Altonhill South, Longpark and Hillhead - 06","","","","","","","","","","","","",35,28.57,30,11.11,8.33,0.00
http://statistics.gov.scot/id/statistical-geography/S01008011,"Altonhill South, Longpark and Hillhead - 07","","","","","","","","","","","","",21.05,20,27.78,21.43,11.11,0.00
http://statistics.gov.scot/id/statistical-geography/S01007425,Alva - 01,"","","","","","","","","","","","",37.5,28.57,12.5,0,0,14.29
http://statistics.gov.scot/id/statistical-geography/S01007426,Alva - 02,"","","","","","","","","","","","",0,0,18.18,18.18,23.08,7.69
http://statistics.gov.scot/id/statistical-geography/S01007427,Alva - 03,"","","","","","","","","","","","",22.22,22.22,9.09,10,0,0.00
http://statistics.gov.scot/id/statistical-geography/S01007428,Alva - 04,"","","","","","","","","","","","",13.33,10,0,8.33,7.69,12.5
http://statistics.gov.scot/id/statistical-geography/S01007429,Alva - 05,"","","","","","","","","","","","",37.5,23.08,13.33,14.29,18.75,27.27
http://statistics.gov.scot/id/statistical-geography/S01007430,Alva - 06,"","","","","","","","","","","","",30,25,0,0,0,0.00
http://statistics.gov.scot/id/statistical-geography/S01007431,Alva - 07,"","","","","","","","","","","","",0,0,0,0,0,0.00
http://statistics.gov.scot/id/statistical-geography/S01011975,Alyth - 01,"","","","","","","","","","","","",0,0,0,0,0,0.00
http://statistics.gov.scot/id/statistical-geography/S01011976,Alyth - 02,"","","","","","","","","","","","",0,0,14.29,10,12.5,0.00
http://statistics.gov.scot/id/statistical-geography/S01011977,Alyth - 03,"","","","","","","","","","","","",25,20,9.09,9.09,0,0.00
http://statistics.gov.scot/id/statistical-geography/S01011978,Alyth - 04,"","","","","","","","","","","","",0,0,0,16.67,14.29,25
http://statistics.gov.scot/id/statistical-geography/S01012342,Ancrum and Lanton Area,"","","","","","","","","","","","",0,0,0,0,0,0.00
http://statistics.gov.scot/id/statistical-geography/S01010276,Anderston - 01,"","","","","","","","","","","","",0,2.56,3.57,3.23,0,0.00
http://statistics.gov.scot/id/statistical-geography/S01010277,Anderston - 02,"","","","","","","","","","","","",12.5,9.09,8.33,0,0,0.00
http://statistics.gov.scot/id/statistical-geography/S01010278,Anderston - 03,"","","","","","","","","","","","",0,0,0,8.33,8.33,8.33
http://statistics.gov.scot/id/statistical-geography/S01010279,Anderston - 04,"","","","","","","","","","","","",12.5,0,0,0,0,0.00
http://statistics.gov.scot/id/statistical-geography/S01010280,Anderston - 05,"","","","","","","","","","","","",0,0,0,0,5.88,7.69
http://statistics.gov.scot/id/statistical-geography/S01010281,Anderston - 06,"","","","","","","","","","","","",3.33,4.55,5.56,0,0,0.00
http://statistics.gov.scot/id/statistical-geography/S01007279,Angus Glens - 01,"","","","","","","","","","","","",0,0,0,0,0,0.00
http://statistics.gov.scot/id/statistical-geography/S01007280,Angus Glens - 02,"","","","","","","","","","","","",0,0,0,0,0,0.00
http://statistics.gov.scot/id/statistical-geography/S01007281,Angus Glens - 03,"","","","","","","","","","","","",25,22.22,22.22,14.29,12.5,0.00
http://statistics.gov.scot/id/statistical-geography/S01007282,Angus Glens - 04,"","","","","","","","","","","","",0,0,0,0,0,0.00
http://statistics.gov.scot/id/statistical-geography/S01007283,Angus Glens - 05,"","","","","","","","","","","","",23.08,25,0,0,0,0.00
http://statistics.gov.scot/id/statistical-geography/S01007664,Annan East - 01,"","","","","","","","","","","","",0,27.27,30,33.33,0,0.00
http://statistics.gov.scot/id/statistical-geography/S01007665,Annan East - 02,"","","","","","","","","","","","",25,8.33,0,0,0,0.00
http://statistics.gov.scot/id/statistical-geography/S01007666,Annan East - 03,"","","","","","","","","","","","",0,0,0,0,0,0.00
http://statistics.gov.scot/id/statistical-geography/S01007667,Annan East - 04,"","","","","","","","","","","","",14.29,14.29,20,16.67,0,0.00
http://statistics.gov.scot/id/statistical-geography/S01007668,Annan East - 05,"","","","","","","","","","","","",11.11,12.5,30,20,10,0.00
http://statistics.gov.scot/id/statistical-geography/S01007669,Annan East - 06,"","","","","","","","","","","","",33.33,12.5,45.45,50,54.55,20
http://statistics.gov.scot/id/statistical-geography/S01007670,Annan East - 07,"","","","","","","","","","","","",42.86,42.86,14.29,11.11,0,0.00
http://statistics.gov.scot/id/statistical-geography/S01007671,Annan East - 08,"","","","","","","","","","","","",0,25,16.67,16.67,0,12.5
http://statistics.gov.scot/id/statistical-geography/S01007660,Annan West - 01,"","","","","","","","","","","","",7.14,15.38,8.33,8.33,0,0.00
http://statistics.gov.scot/id/statistical-geography/S01007661,Annan West - 02,"","","","","","","","","","","","",14.29,25,28.57,26.67,20,16.67
http://statistics.gov.scot/id/statistical-geography/S01007662,Annan West - 03,"","","","","","","","","","","","",22.22,21.05,12.5,0,7.69,9.09
http://statistics.gov.scot/id/statistical-geography/S01007663,Annan West - 04,"","","","","","","","","","","","",12.5,0,0,44.44,35.71,37.5
http://statistics.gov.scot/id/statistical-geography/S01007651,Annandale East - 01,"","","","","","","","","","","","",0,0,0,0,0,0.00
http://statistics.gov.scot/id/statistical-geography/S01007652,Annandale East - 02,"","","","","","","","","","","","",25,50,16.67,22.22,11.11,12.5
http://statistics.gov.scot/id/statistical-geography/S01007653,Annandale East - 03,"","","","","","","","","","","","",0,0,0,0,0,0.00
http://statistics.gov.scot/id/statistical-geography/S01007654,Annandale East - 04,"","","","","","","","","","","","",14.29,28.57,11.11,14.29,0,12.5
http://statistics.gov.scot/id/statistical-geography/S01007655,Annandale East - 05,"","","","","","","","","","","","",0,0,0,0,14.29,12.5
http://statistics.gov.scot/id/statistical-geography/S01007656,Annandale West - 01,"","","","","","","","","","","","",0,0,0,0,0,0.00
http://statistics.gov.scot/id/statistical-geography/S01007657,Annandale West - 02,"","","","","","","","","","","","",0,0,0,0,0,0.00
http://statistics.gov.scot/id/statistical-geography/S01007658,Annandale West - 03,"","","","","","","","","","","","",25,0,0,"",0,0.00
http://statistics.gov.scot/id/statistical-geography/S01007659,Annandale West - 04,"","","","","","","","","","","","",25,22.22,25,28.57,33.33,16.67
http://statistics.gov.scot/id/statistical-geography/S01012535,"Annbank, Mossblown and Tarbolton - the Coalfields - 01","","","","","","","","","","","","",5.56,5,0,8.33,12.5,12.5
http://statistics.gov.scot/id/statistical-geography/S01012536,"Annbank, Mossblown and Tarbolton - the Coalfields - 02","","","","","","","","","","","","",0,0,0,7.69,7.14,8.33
http://statistics.gov.scot/id/statistical-geography/S01012537,"Annbank, Mossblown and Tarbolton - the Coalfields - 03","","","","","","","","","","","","",20,25,33.33,22.22,12.5,12.5
http://statistics.gov.scot/id/statistical-geography/S01012538,"Annbank, Mossblown and Tarbolton - the Coalfields - 04","","","","","","","","","","","","",18.18,10.53,0,0,0,0.00
http://statistics.gov.scot/id/statistical-geography/S01012539,"Annbank, Mossblown and Tarbolton - the Coalfields - 05","","","","","","","","","","","","",16.67,12.5,14.29,25,10,12.5
http://statistics.gov.scot/id/statistical-geography/S01012540,"Annbank, Mossblown and Tarbolton - the Coalfields - 06","","","","","","","","","","","","",16.67,25,27.27,30,22.22,12.5
http://statistics.gov.scot/id/statistical-geography/S01012541,"Annbank, Mossblown and Tarbolton - the Coalfields - 07","","","","","","","","","","","","",6.67,0,0,0,0,7.69
http://statistics.gov.scot/id/statistical-geography/S01010465,Anniesland East - 01,"","","","","","","","","","","","",0,0,0,0,0,0.00
http://statistics.gov.scot/id/statistical-geography/S01010466,Anniesland East - 02,"","","","","","","","","","","","",0,0,0,0,0,0.00
http://statistics.gov.scot/id/statistical-geography/S01010467,Anniesland East - 03,"","","","","","","","","","","","",0,0,0,0,0,0.00
http://statistics.gov.scot/id/statistical-geography/S01010468,Anniesland East - 04,"","","","","","","","","","","","",4.76,4.55,0,0,0,0.00
http://statistics.gov.scot/id/statistical-geography/S01010469,Anniesland East - 05,"","","","","","","","","","","","",33.33,0,0,0,0,0.00
http://statistics.gov.scot/id/statistical-geography/S01010470,Anniesland West - 01,"","","","","","","","","","","","",7.14,6.67,6.67,7.69,0,0.00
http://statistics.gov.scot/id/statistical-geography/S01010471,Anniesland West - 02,"","","","","","","","","","","","",14.29,0,0,0,0,0.00
http://statistics.gov.scot/id/statistical-geography/S01010472,Anniesland West - 03,"","","","","","","","","","","","",0,0,0,0,0,0.00
http://statistics.gov.scot/id/statistical-geography/S01010473,Anniesland West - 04,"","","","","","","","","","","","",0,0,0,0,0,8.33
http://statistics.gov.scot/id/statistical-geography/S01010474,Anniesland West - 05,"","","","","","","","","","","","",0,0,0,0,0,0.00
http://statistics.gov.scot/id/statistical-geography/S01010475,Anniesland West - 06,"","","","","","","","","","","","",0,0,0,0,0,0.00
http://statistics.gov.scot/id/statistical-geography/S01010476,Anniesland West - 07,"","","","","","","","","","","","",0,0,0,0,0,0.00
http://statistics.gov.scot/id/statistical-geography/S01010477,Anniesland West - 08,"","","","","","","","","","","","",7.14,5.88,0,0,7.14,12.5
http://statistics.gov.scot/id/statistical-geography/S01009707,Anstruther,"","","","","","","","","","","","",10,12.5,9.09,0,0,0.00
http://statistics.gov.scot/id/statistical-geography/S01009708,Anstruther East and Cellardyke,"","","","","","","","","","","","",9.09,0,0,0,0,0.00
http://statistics.gov.scot/id/statistical-geography/S01009709,Anstruther South West,"","","","","","","","","","","","",0,0,0,0,0,0.00
http://statistics.gov.scot/id/statistical-geography/S01009710,Anstruther Waid,"","","","","","","","","","","","",25,25,0,0,25,16.67
http://statistics.gov.scot/id/statistical-geography/S01009711,Anstruther West,"","","","","","","","","","","","",37.5,42.86,50,0,20,16.67
http://statistics.gov.scot/id/statistical-geography/S01007190,Arbroath Cliffburn - 01,"","","","","","","","","","","","",9.09,10,10,0,0,0.00
http://statistics.gov.scot/id/statistical-geography/S01007191,Arbroath Cliffburn - 02,"","","","","","","","","","","","",14.29,9.09,11.11,0,0,0.00
http://statistics.gov.scot/id/statistical-geography/S01007192,Arbroath Cliffburn - 03,"","","","","","","","","","","","",37.5,25,10.53,5,10.53,14.29
http://statistics.gov.scot/id/statistical-geography/S01007193,Arbroath Cliffburn - 04,"","","","","","","","","","","","",0,0,0,0,33.33,33.33
http://statistics.gov.scot/id/statistical-geography/S01007194,Arbroath Cliffburn - 05,"","","","","","","","","","","","",27.27,30.77,30,36.36,28.57,16.67
http://statistics.gov.scot/id/statistical-geography/S01007195,Arbroath Cliffburn - 06,"","","","","","","","","","","","",33.33,0,0,0,25,40
http://statistics.gov.scot/id/statistical-geography/S01007196,Arbroath Cliffburn - 07,"","","","","","","","","","","","",26.67,23.53,12.5,18.18,9.09,0.00
http://statistics.gov.scot/id/statistical-geography/S01007184,Arbroath Harbour - 01,"","","","","","","","","","","","",3.57,7.69,4.17,5.88,0,0.00
http://statistics.gov.scot/id/statistical-geography/S01007185,Arbroath Harbour - 02,"","","","","","","","","","","","",50,41.67,9.09,25,23.08,40
http://statistics.gov.scot/id/statistical-geography/S01007186,Arbroath Harbour - 03,"","","","","","","","","","","","",26.67,29.41,15.38,18.18,22.22,30
http://statistics.gov.scot/id/statistical-geography/S01007187,Arbroath Harbour - 04,"","","","","","","","","","","","",0,5.26,10,11.11,7.14,25
http://statistics.gov.scot/id/statistical-geography/S01007188,Arbroath Harbour - 05,"","","","","","","","","","","","",16.67,11.76,6.25,9.09,15.38,7.69
http://statistics.gov.scot/id/statistical-geography/S01007189,Arbroath Harbour - 06,"","","","","","","","","","","","",20,16.67,20,25,25,0.00
http://statistics.gov.scot/id/statistical-geography/S01007180,Arbroath Keptie - 01,"","","","","","","","","","","","",0,0,0,0,0,0.00
http://statistics.gov.scot/id/statistical-geography/S01007181,Arbroath Keptie - 02,"","","","","","","","","","","","",0,0,0,0,0,0.00
http://statistics.gov.scot/id/statistical-geography/S01007182,Arbroath Keptie - 03,"","","","","","","","","","","","",16.67,7.14,7.14,0,0,0.00
http://statistics.gov.scot/id/statistical-geography/S01007183,Arbroath Keptie - 04,"","","","","","","","","","","","",5.26,5.56,6.25,5.56,0,13.33
http://statistics.gov.scot/id/statistical-geography/S01007173,Arbroath Kirkton - 01,"","","","","","","","","","","","",0,0,0,11.11,25,22.22
http://statistics.gov.scot/id/statistical-geography/S01007174,Arbroath Kirkton - 02,"","","","","","","","","","","","",16.67,0,0,14.29,16.67,11.11
http://statistics.gov.scot/id/statistical-geography/S01007175,Arbroath Kirkton - 03,"","","","","","","","","","","","",0,0,0,0,12.5,14.29
http://statistics.gov.scot/id/statistical-geography/S01007176,Arbroath Kirkton - 04,"","","","","","","","","","","","",0,0,0,0,0,0.00
http://statistics.gov.scot/id/statistical-geography/S01007177,Arbroath Kirkton - 05,"","","","","","","","","","","","",25,25,16.67,33.33,22.22,25
http://statistics.gov.scot/id/statistical-geography/S01007178,Arbroath Kirkton - 06,"","","","","","","","","","","","",33.33,23.53,8.33,18.18,13.33,11.11
http://statistics.gov.scot/id/statistical-geography/S01007179,Arbroath Kirkton - 07,"","","","","","","","","","","","",33.33,20,14.29,0,0,0.00
http://statistics.gov.scot/id/statistical-geography/S01007170,Arbroath Landward - 01,"","","","","","","","","","","","",0,0,0,0,0,0.00
http://statistics.gov.scot/id/statistical-geography/S01007171,Arbroath Landward - 02,"","","","","","","","","","","","",0,0,0,0,0,9.09
http://statistics.gov.scot/id/statistical-geography/S01007172,Arbroath Landward - 03,"","","","","","","","","","","","",0,0,0,0,0,0.00
http://statistics.gov.scot/id/statistical-geography/S01007197,Arbroath Warddykes - 01,"","","","","","","","","","","","",10,9.09,27.27,40,66.67,37.5
http://statistics.gov.scot/id/statistical-geography/S01007198,Arbroath Warddykes - 02,"","","","","","","","","","","","",20,27.27,40,25,20,0.00
http://statistics.gov.scot/id/statistical-geography/S01007199,Arbroath Warddykes - 03,"","","","","","","","","","","","",7.69,9.09,11.11,20,22.22,33.33
http://statistics.gov.scot/id/statistical-geography/S01007200,Arbroath Warddykes - 04,"","","","","","","","","","","","",0,0,0,0,0,0.00
http://statistics.gov.scot/id/statistical-geography/S01007201,Arbroath Warddykes - 05,"","","","","","","","","","","","",30,25,16.67,0,14.29,33.33
http://statistics.gov.scot/id/statistical-geography/S01007202,Arbroath Warddykes - 06,"","","","","","","","","","","","",8.33,14.29,15.38,16.67,12.5,25
http://statistics.gov.scot/id/statistical-geography/S01007203,Arbroath Warddykes - 07,"","","","","","","","","","","","",42.86,28.57,20,0,0,12.5
http://statistics.gov.scot/id/statistical-geography/S01007857,Ardler and St Marys - 01,"","","","","","","","","","","","",16.67,0,0,0,0,0.00
http://statistics.gov.scot/id/statistical-geography/S01007858,Ardler and St Marys - 02,"","","","","","","","","","","","",0,0,11.11,11.11,16.67,16.67
http://statistics.gov.scot/id/statistical-geography/S01007859,Ardler and St Marys - 03,"","","","","","","","","","","","",14.29,10,25,18.18,25,0.00
http://statistics.gov.scot/id/statistical-geography/S01007860,Ardler and St Marys - 04,"","","","","","","","","","","","",28.57,0,10,16.67,16.67,30
http://statistics.gov.scot/id/statistical-geography/S01007861,Ardler and St Marys - 05,"","","","","","","","","","","","",25,14.29,0,40,40,33.33
http://statistics.gov.scot/id/statistical-geography/S01007862,Ardler and St Marys - 06,"","","","","","","","","","","","",9.09,16.67,25,22.22,12.5,0.00
http://statistics.gov.scot/id/statistical-geography/S01007863,Ardler and St Marys - 07,"","","","","","","","","","","","",42.86,40.91,33.33,21.74,26.32,23.81
http://statistics.gov.scot/id/statistical-geography/S01007864,Ardler and St Marys - 08,"","","","","","","","","","","","",8.7,4.76,0,10,12.5,17.65
http://statistics.gov.scot/id/statistical-geography/S01011242,Ardrossan Central - 01,"","","","","","","","","","","","",11.11,16.67,16.67,28.57,30,33.33
http://statistics.gov.scot/id/statistical-geography/S01011243,Ardrossan Central - 02,"","","","","","","","","","","","",23.53,31.25,33.33,28.57,20,10.53
http://statistics.gov.scot/id/statistical-geography/S01011244,Ardrossan Central - 03,"","","","","","","","","","","","",20,5.88,11.11,11.76,23.08,22.22
http://statistics.gov.scot/id/statistical-geography/S01011245,Ardrossan Central - 04,"","","","","","","","","","","","",36.36,36.36,27.27,30,30,28.57
http://statistics.gov.scot/id/statistical-geography/S01011250,Ardrossan North East - 01,"","","","","","","","","","","","",20,28,22.73,18.75,20,22.22
http://statistics.gov.scot/id/statistical-geography/S01011251,Ardrossan North East - 02,"","","","","","","","","","","","",10,12.5,13.33,21.43,28.57,11.11
http://statistics.gov.scot/id/statistical-geography/S01011252,Ardrossan North East - 03,"","","","","","","","","","","","",14.29,27.27,25,10,0,0.00
http://statistics.gov.scot/id/statistical-geography/S01011253,Ardrossan North East - 04,"","","","","","","","","","","","",8.33,8.33,27.27,22.22,22.22,22.22
http://statistics.gov.scot/id/statistical-geography/S01011254,Ardrossan North East - 05,"","","","","","","","","","","","",0,0,0,0,0,8.33
http://statistics.gov.scot/id/statistical-geography/S01011246,Ardrossan North West - 01,"","","","","","","","","","","","",0,0,0,0,0,0.00
http://statistics.gov.scot/id/statistical-geography/S01011247,Ardrossan North West - 02,"","","","","","","","","","","","",40,50,25,0,0,0.00
http://statistics.gov.scot/id/statistical-geography/S01011248,Ardrossan North West - 03,"","","","","","","","","","","","",11.11,0,0,11.11,14.29,14.29
http://statistics.gov.scot/id/statistical-geography/S01011249,Ardrossan North West - 04,"","","","","","","","","","","","",25,25,33.33,"",0,0.00
http://statistics.gov.scot/id/statistical-geography/S01013383,Armadale - 01,"","","","","","","","","","","","",0,25,16.67,14.29,8.33,10
http://statistics.gov.scot/id/statistical-geography/S01013384,Armadale - 02,"","","","","","","","","","","","",33.33,30,25,16.67,14.29,0.00
http://statistics.gov.scot/id/statistical-geography/S01013385,Armadale - 03,"","","","","","","","","","","","",0,0,16.67,50,50,20
http://statistics.gov.scot/id/statistical-geography/S01013386,Armadale - 04,"","","","","","","","","","","","",0,0,0,0,0,0.00
http://statistics.gov.scot/id/statistical-geography/S01013387,Armadale - 05,"","","","","","","","","","","","",0,0,0,0,0,0.00
http://statistics.gov.scot/id/statistical-geography/S01013388,Armadale - 06,"","","","","","","","","","","","",16.67,16.67,0,20,14.29,12.5
http://statistics.gov.scot/id/statistical-geography/S01013389,Armadale - 07,"","","","","","","","","","","","",0,0,0,8.33,25,25
http://statistics.gov.scot/id/statistical-geography/S01013390,Armadale - 08,"","","","","","","","","","","","",0,0,0,0,25,33.33
http://statistics.gov.scot/id/statistical-geography/S01013391,Armadale - 09,"","","","","","","","","","","","",0,0,0,0,20,20
http://statistics.gov.scot/id/statistical-geography/S01013392,Armadale South - 01,"","","","","","","","","","","","",0,0,0,0,0,0.00
http://statistics.gov.scot/id/statistical-geography/S01013393,Armadale South - 02,"","","","","","","","","","","","",0,14.29,16.67,16.67,0,9.09
http://statistics.gov.scot/id/statistical-geography/S01013394,Armadale South - 03,"","","","","","","","","","","","",20,0,0,0,0,33.33
http://statistics.gov.scot/id/statistical-geography/S01013395,Armadale South - 04,"","","","","","","","","","","","",16.67,12.5,30,18.18,14.29,0.00
http://statistics.gov.scot/id/statistical-geography/S01013396,Armadale South - 05,"","","","","","","","","","","","",0,0,0,0,0,0.00
http://statistics.gov.scot/id/statistical-geography/S01013397,Armadale South - 06,"","","","","","","","","","","","",16.67,25,25,11.11,0,0.00
http://statistics.gov.scot/id/statistical-geography/S01013398,Armadale South - 07,"","","","","","","","","","","","",33.33,33.33,33.33,0,0,0.00
http://statistics.gov.scot/id/statistical-geography/S01013399,Armadale South - 08,"","","","","","","","","","","","",0,0,0,0,0,0.00
http://statistics.gov.scot/id/statistical-geography/S01011171,Arran - 01,"","","","","","","","","","","","",0,0,0,0,0,0.00
http://statistics.gov.scot/id/statistical-geography/S01011172,Arran - 02,"","","","","","","","","","","","",0,0,0,0,0,0.00
http://statistics.gov.scot/id/statistical-geography/S01011173,Arran - 03,"","","","","","","","","","","","",0,0,0,0,0,0.00
http://statistics.gov.scot/id/statistical-geography/S01011174,Arran - 04,"","","","","","","","","","","","",0,0,0,0,0,0.00
http://statistics.gov.scot/id/statistical-geography/S01011175,Arran - 05,"","","","","","","","","","","","",16.67,20,0,0,0,0.00
http://statistics.gov.scot/id/statistical-geography/S01011176,Arran - 06,"","","","","","","","","","","","",0,0,25,33.33,25,0.00
http://statistics.gov.scot/id/statistical-geography/S01011177,Arran - 07,"","","","","","","","","","","","",14.29,25,0,0,0,11.11
http://statistics.gov.scot/id/statistical-geography/S01008318,Arthurlie and Gateside - 01,"","","","","","","","","","","","",6.67,0,0,0,0,0.00
http://statistics.gov.scot/id/statistical-geography/S01008319,Arthurlie and Gateside - 02,"","","","","","","","","","","","",25,0,0,14.29,12.5,10
http://statistics.gov.scot/id/statistical-geography/S01008320,Arthurlie and Gateside - 03,"","","","","","","","","","","","",22.22,20,0,16.67,12.5,25
http://statistics.gov.scot/id/statistical-geography/S01008321,Arthurlie and Gateside - 04,"","","","","","","","","","","","",0,0,0,0,0,0.00
http://statistics.gov.scot/id/statistical-geography/S01008322,Arthurlie and Gateside - 05,"","","","","","","","","","","","",7.14,7.14,0,0,0,0.00
http://statistics.gov.scot/id/statistical-geography/S01012653,Ashgill and Netherburn - 01,"","","","","","","","","","","","",8.33,15.79,22.22,25,7.69,0.00
http://statistics.gov.scot/id/statistical-geography/S01012654,Ashgill and Netherburn - 02,"","","","","","","","","","","","",10,12.5,10,0,0,0.00
http://statistics.gov.scot/id/statistical-geography/S01012655,Ashgill and Netherburn - 03,"","","","","","","","","","","","",11.76,11.11,0,0,0,0.00
http://statistics.gov.scot/id/statistical-geography/S01006653,Ashgrove - 01,"","","","","","","","","","","","",0,0,0,0,0,0.00
http://statistics.gov.scot/id/statistical-geography/S01006654,Ashgrove - 02,"","","","","","","","","","","","",0,0,0,0,0,0.00
http://statistics.gov.scot/id/statistical-geography/S01006655,Ashgrove - 03,"","","","","","","","","","","","",0,0,0,0,0,0.00
http://statistics.gov.scot/id/statistical-geography/S01006656,Ashgrove - 04,"","","","","","","","","","","","",9.38,8.82,12.5,5.56,0,5
http://statistics.gov.scot/id/statistical-geography/S01006657,Ashgrove - 05,"","","","","","","","","","","","",14.29,13.33,10,0,0,0.00
http://statistics.gov.scot/id/statistical-geography/S01012376,Ashkirk Lilliesleaf and Midlem Area,"","","","","","","","","","","","",0,0,0,0,0,0.00
http://statistics.gov.scot/id/statistical-geography/S01008323,Auchenback - 01,"","","","","","","","","","","","",7.14,0,0,0,0,11.11
http://statistics.gov.scot/id/statistical-geography/S01008324,Auchenback - 02,"","","","","","","","","","","","",30,28.57,22.22,22.22,11.11,0.00
http://statistics.gov.scot/id/statistical-geography/S01008325,Auchenback - 03,"","","","","","","","","","","","",8.33,6.67,6.67,6.25,16.67,18.18
http://statistics.gov.scot/id/statistical-geography/S01008326,Auchenback - 04,"","","","","","","","","","","","",25,15.38,4.55,0,0,10
http://statistics.gov.scot/id/statistical-geography/S01008327,Auchenback - 05,"","","","","","","","","","","","",20,0,0,16.67,20,16.67
http://statistics.gov.scot/id/statistical-geography/S01008102,Auchinairn - 01,"","","","","","","","","","","","",0,0,0,0,0,0.00
http://statistics.gov.scot/id/statistical-geography/S01008103,Auchinairn - 02,"","","","","","","","","","","","",6.67,6.25,0,0,0,7.14
http://statistics.gov.scot/id/statistical-geography/S01008104,Auchinairn - 03,"","","","","","","","","","","","",7.69,18.75,12.5,17.65,8.33,11.11
http://statistics.gov.scot/id/statistical-geography/S01008105,Auchinairn - 04,"","","","","","","","","","","","",16.67,14.29,10.53,0,0,0.00
http://statistics.gov.scot/id/statistical-geography/S01008106,Auchinairn - 05,"","","","","","","","","","","","",0,0,0,0,14.29,14.29
http://statistics.gov.scot/id/statistical-geography/S01008107,Auchinairn - 06,"","","","","","","","","","","","",0,0,0,0,0,0.00
http://statistics.gov.scot/id/statistical-geography/S01007921,Auchinleck - 01,"","","","","","","","","","","","",13.33,18.18,9.09,8.33,9.09,20
http://statistics.gov.scot/id/statistical-geography/S01007922,Auchinleck - 02,"","","","","","","","","","","","",40,37.5,18.18,23.08,10,20
http://statistics.gov.scot/id/statistical-geography/S01007923,Auchinleck - 03,"","","","","","","","","","","","",6.67,7.14,9.09,0,0,8.33
http://statistics.gov.scot/id/statistical-geography/S01007924,Auchinleck - 04,"","","","","","","","","","","","",0,9.09,26.32,38.1,42.86,45.45
http://statistics.gov.scot/id/statistical-geography/S01009574,Auchmuty Dovecot and Town Centre,"","","","","","","","","","","","",7.14,0,6.67,5.26,5.56,0.00
http://statistics.gov.scot/id/statistical-geography/S01009573,Auchmuty East,"","","","","","","","","","","","",30.77,38.46,28.57,36.36,45.45,50
http://statistics.gov.scot/id/statistical-geography/S01009571,Auchmuty North West,"","","","","","","","","","","","",38.89,28.57,25,7.69,20,25
http://statistics.gov.scot/id/statistical-geography/S01009572,Auchmuty West,"","","","","","","","","","","","",15,11.54,10,14.29,9.09,6.67
http://statistics.gov.scot/id/statistical-geography/S01007061,Auchnagatt - 01,"","","","","","","","","","","","",0,0,0,0,0,0.00
http://statistics.gov.scot/id/statistical-geography/S01007062,Auchnagatt - 02,"","","","","","","","","","","","",0,20,12.5,9.09,0,0.00
http://statistics.gov.scot/id/statistical-geography/S01007063,Auchnagatt - 03,"","","","","","","","","","","","",12.5,11.11,9.09,11.11,14.29,0.00
http://statistics.gov.scot/id/statistical-geography/S01007064,Auchnagatt - 04,"","","","","","","","","","","","",0,0,0,0,0,0.00
http://statistics.gov.scot/id/statistical-geography/S01011852,Auchterarder - 01,"","","","","","","","","","","","",50,20,8.33,7.69,7.14,0.00
http://statistics.gov.scot/id/statistical-geography/S01011853,Auchterarder - 02,"","","","","","","","","","","","",18.18,18.18,22.22,0,0,9.09
http://statistics.gov.scot/id/statistical-geography/S01011854,Auchterarder - 03,"","","","","","","","","","","","",0,0,0,0,0,0.00
http://statistics.gov.scot/id/statistical-geography/S01011855,Auchterarder - 04,"","","","","","","","","","","","",10,12.5,6.25,8.33,0,0.00
http://statistics.gov.scot/id/statistical-geography/S01011856,Auchterarder - 05,"","","","","","","","","","","","",0,0,0,0,0,0.00
http://statistics.gov.scot/id/statistical-geography/S01009443,Auchterderran Landward and Cluny,"","","","","","","","","","","","",0,14.29,20,12.5,5.56,4.35
http://statistics.gov.scot/id/statistical-geography/S01007013,Auchterless and Monquhitter - 01,"","","","","","","","","","","","",40,16.67,10,0,0,0.00
http://statistics.gov.scot/id/statistical-geography/S01007014,Auchterless and Monquhitter - 02,"","","","","","","","","","","","",10,7.14,5.56,0,0,0.00
http://statistics.gov.scot/id/statistical-geography/S01007015,Auchterless and Monquhitter - 03,"","","","","","","","","","","","",12.5,14.29,0,0,11.11,8.33
http://statistics.gov.scot/id/statistical-geography/S01007016,Auchterless and Monquhitter - 04,"","","","","","","","","","","","",16.67,0,0,0,0,0.00
http://statistics.gov.scot/id/statistical-geography/S01009673,Auchtermuchty East,"","","","","","","","","","","","",0,0,14.29,14.29,16.67,0.00
http://statistics.gov.scot/id/statistical-geography/S01009672,Auchtermuchty West,"","","","","","","","","","","","",10,9.09,10,11.11,12.5,12.5
http://statistics.gov.scot/id/statistical-geography/S01009457,Auchtertool,"","","","","","","","","","","","",0,0,0,0,12.5,11.11
http://statistics.gov.scot/id/statistical-geography/S01012487,"Ayr North Harbour, Wallacetown and Newton South - 01","","","","","","","","","","","","",14.29,7.69,10,10,12.5,16.67
http://statistics.gov.scot/id/statistical-geography/S01012488,"Ayr North Harbour, Wallacetown and Newton South - 02","","","","","","","","","","","","",14.29,13.33,21.43,33.33,28.57,0.00
http://statistics.gov.scot/id/statistical-geography/S01012489,"Ayr North Harbour, Wallacetown and Newton South - 03","","","","","","","","","","","","",25,25,30.43,27.27,22.73,21.05
http://statistics.gov.scot/id/statistical-geography/S01012490,"Ayr North Harbour, Wallacetown and Newton South - 04","","","","","","","","","","","","",16,9.09,10,12.5,15.38,12.5
http://statistics.gov.scot/id/statistical-geography/S01012491,"Ayr North Harbour, Wallacetown and Newton South - 05","","","","","","","","","","","","",26.67,15.38,0,0,8.33,0.00
http://statistics.gov.scot/id/statistical-geography/S01012492,"Ayr North Harbour, Wallacetown and Newton South - 06","","","","","","","","","","","","",7.14,9.52,9.52,22.22,29.41,29.41
http://statistics.gov.scot/id/statistical-geography/S01012480,Ayr South Harbour and Town Centre - 01,"","","","","","","","","","","","",7.14,8.33,7.14,0,0,0.00
http://statistics.gov.scot/id/statistical-geography/S01012481,Ayr South Harbour and Town Centre - 02,"","","","","","","","","","","","",7.69,8.33,9.09,15.38,11.76,5.56
http://statistics.gov.scot/id/statistical-geography/S01012482,Ayr South Harbour and Town Centre - 03,"","","","","","","","","","","","",25,12.5,9.09,0,0,0.00
http://statistics.gov.scot/id/statistical-geography/S01012483,Ayr South Harbour and Town Centre - 04,"","","","","","","","","","","","",0,0,7.14,11.11,10,0.00
http://statistics.gov.scot/id/statistical-geography/S01012484,Ayr South Harbour and Town Centre - 05,"","","","","","","","","","","","",0,0,0,0,0,0.00
http://statistics.gov.scot/id/statistical-geography/S01012485,Ayr South Harbour and Town Centre - 06,"","","","","","","","","","","","",0,0,0,0,0,0.00
http://statistics.gov.scot/id/statistical-geography/S01012486,Ayr South Harbour and Town Centre - 07,"","","","","","","","","","","","",0,0,0,0,0,0.00
http://statistics.gov.scot/id/statistical-geography/S01012309,Ayton,"","","","","","","","","","","","",0,0,0,0,0,0.00
http://statistics.gov.scot/id/statistical-geography/S01008433,Baberton and Juniper Green - 01,"","","","","","","","","","","","",14.29,0,0,0,0,0.00
http://statistics.gov.scot/id/statistical-geography/S01008434,Baberton and Juniper Green - 02,"","","","","","","","","","","","",0,0,0,0,0,7.69
http://statistics.gov.scot/id/statistical-geography/S01008435,Baberton and Juniper Green - 03,"","","","","","","","","","","","",0,0,0,0,0,0.00
http://statistics.gov.scot/id/statistical-geography/S01008436,Baberton and Juniper Green - 04,"","","","","","","","","","","","",0,0,0,0,0,0.00
http://statistics.gov.scot/id/statistical-geography/S01008437,Baberton and Juniper Green - 05,"","","","","","","","","","","","",0,0,0,0,0,0.00
http://statistics.gov.scot/id/statistical-geography/S01010536,Badenoch and Strathspey Central - 01,"","","","","","","","","","","","",0,0,0,0,0,0.00
http://statistics.gov.scot/id/statistical-geography/S01010537,Badenoch and Strathspey Central - 02,"","","","","","","","","","","","",7.14,10,11.11,0,0,0.00
http://statistics.gov.scot/id/statistical-geography/S01010538,Badenoch and Strathspey Central - 03,"","","","","","","","","","","","",11.11,4.76,4.35,4.76,0,9.09
http://statistics.gov.scot/id/statistical-geography/S01010539,Badenoch and Strathspey Central - 04,"","","","","","","","","","","","",0,0,0,0,0,0.00
http://statistics.gov.scot/id/statistical-geography/S01010540,Badenoch and Strathspey Central - 05,"","","","","","","","","","","","",0,0,0,0,0,12.5
http://statistics.gov.scot/id/statistical-geography/S01010541,Badenoch and Strathspey Central - 06,"","","","","","","","","","","","",12.5,16.67,0,0,0,0.00
http://statistics.gov.scot/id/statistical-geography/S01010542,Badenoch and Strathspey North - 01,"","","","","","","","","","","","",0,0,0,14.29,14.29,12.5
http://statistics.gov.scot/id/statistical-geography/S01010543,Badenoch and Strathspey North - 02,"","","","","","","","","","","","",0,0,16.67,33.33,33.33,0.00
http://statistics.gov.scot/id/statistical-geography/S01010544,Badenoch and Strathspey North - 03,"","","","","","","","","","","","",28.57,33.33,22.22,10,0,0.00
http://statistics.gov.scot/id/statistical-geography/S01010545,Badenoch and Strathspey North - 04,"","","","","","","","","","","","",7.69,20,11.11,10,0,0.00
http://statistics.gov.scot/id/statistical-geography/S01010546,Badenoch and Strathspey North - 05,"","","","","","","","","","","","",15.38,20,20,0,0,0.00
http://statistics.gov.scot/id/statistical-geography/S01010547,Badenoch and Strathspey North - 06,"","","","","","","","","","","","",0,0,0,0,0,14.29
http://statistics.gov.scot/id/statistical-geography/S01010531,Badenoch and Strathspey South - 01,"","","","","","","","","","","","",28.57,0,0,0,0,0.00
http://statistics.gov.scot/id/statistical-geography/S01010532,Badenoch and Strathspey South - 02,"","","","","","","","","","","","",40,40,25,0,0,0.00
http://statistics.gov.scot/id/statistical-geography/S01010533,Badenoch and Strathspey South - 03,"","","","","","","","","","","","",0,0,0,0,0,0.00
http://statistics.gov.scot/id/statistical-geography/S01010534,Badenoch and Strathspey South - 04,"","","","","","","","","","","","",0,0,0,11.11,7.14,9.09
http://statistics.gov.scot/id/statistical-geography/S01010535,Badenoch and Strathspey South - 05,"","","","","","","","","","","","",0,0,0,0,0,0.00
http://statistics.gov.scot/id/statistical-geography/S01010088,Baillieston East - 01,"","","","","","","","","","","","",3.57,3.03,3.03,3.85,4.76,3.23
http://statistics.gov.scot/id/statistical-geography/S01010089,Baillieston East - 02,"","","","","","","","","","","","",9.09,0,0,0,0,0.00
http://statistics.gov.scot/id/statistical-geography/S01010090,Baillieston East - 03,"","","","","","","","","","","","",22.22,16.67,11.11,10.53,18.18,18.18
http://statistics.gov.scot/id/statistical-geography/S01010091,Baillieston East - 04,"","","","","","","","","","","","",10.53,5.88,9.52,6.25,7.69,0.00
http://statistics.gov.scot/id/statistical-geography/S01010092,Baillieston East - 05,"","","","","","","","","","","","",17.65,12.5,0,0,0,0.00
http://statistics.gov.scot/id/statistical-geography/S01010093,Baillieston East - 06,"","","","","","","","","","","","",0,0,10,10,11.11,0.00
http://statistics.gov.scot/id/statistical-geography/S01010083,Baillieston West - 01,"","","","","","","","","","","","",0,7.14,18.18,18.18,14.29,0.00
http://statistics.gov.scot/id/statistical-geography/S01010084,Baillieston West - 02,"","","","","","","","","","","","",0,0,0,0,0,0.00
http://statistics.gov.scot/id/statistical-geography/S01010085,Baillieston West - 03,"","","","","","","","","","","","",9.09,9.09,10,0,0,0.00
http://statistics.gov.scot/id/statistical-geography/S01010086,Baillieston West - 04,"","","","","","","","","","","","",18.18,9.09,9.09,0,7.69,9.09
http://statistics.gov.scot/id/statistical-geography/S01010087,Baillieston West - 05,"","","","","","","","","","","","",0,0,"",0,0,0.00
http://statistics.gov.scot/id/statistical-geography/S01009298,Balbridgeburn North,"","","","","","","","","","","","",0,0,11.11,9.09,10,0.00
http://statistics.gov.scot/id/statistical-geography/S01009300,Balbridgeburn South,"","","","","","","","","","","","",0,0,0,10,16.67,11.11
http://statistics.gov.scot/id/statistical-geography/S01008417,Balerno and Bonnington Village - 01,"","","","","","","","","","","","",0,0,0,0,0,0.00
http://statistics.gov.scot/id/statistical-geography/S01008418,Balerno and Bonnington Village - 02,"","","","","","","","","","","","",0,0,0,0,0,0.00
http://statistics.gov.scot/id/statistical-geography/S01008419,Balerno and Bonnington Village - 03,"","","","","","","","","","","","",0,0,0,0,"",0.00
http://statistics.gov.scot/id/statistical-geography/S01008420,Balerno and Bonnington Village - 04,"","","","","","","","","","","","",0,0,0,"",0,0.00
http://statistics.gov.scot/id/statistical-geography/S01008421,Balerno and Bonnington Village - 05,"","","","","","","","","","","","",0,0,0,0,0,0.00
http://statistics.gov.scot/id/statistical-geography/S01008422,Balerno and Bonnington Village - 06,"","","","","","","","","","","","",0,0,0,0,"",0.00
http://statistics.gov.scot/id/statistical-geography/S01008423,Balerno and Bonnington Village - 07,"","","","","","","","","","","","","",0,33.33,25,20,0.00
http://statistics.gov.scot/id/statistical-geography/S01008424,Balerno and Bonnington Village - 08,"","","","","","","","","","","","",0,0,0,0,0,25
http://statistics.gov.scot/id/statistical-geography/S01009605,Balfarg,"","","","","","","","","","","","",0,0,0,0,0,0.00
http://statistics.gov.scot/id/statistical-geography/S01009604,Balfarg South,"","","","","","","","","","","","",28.57,40,27.27,25,11.11,8.33
http://statistics.gov.scot/id/statistical-geography/S01013009,Balfron and Drymen - 01,"","","","","","","","","","","","",12.5,12.5,14.29,20,25,33.33
http://statistics.gov.scot/id/statistical-geography/S01013010,Balfron and Drymen - 02,"","","","","","","","","","","","",0,0,0,0,0,0.00
http://statistics.gov.scot/id/statistical-geography/S01013011,Balfron and Drymen - 03,"","","","","","","","","","","","",0,0,0,0,0,0.00
http://statistics.gov.scot/id/statistical-geography/S01013012,Balfron and Drymen - 04,"","","","","","","","","","","","",25,16.67,0,0,0,0.00
http://statistics.gov.scot/id/statistical-geography/S01013013,Balfron and Drymen - 05,"","","","","","","","","","","","",0,0,0,0,0,0.00
http://statistics.gov.scot/id/statistical-geography/S01013014,Balfron and Drymen - 06,"","","","","","","","","","","","",33.33,100,25,0,0,0.00
http://statistics.gov.scot/id/statistical-geography/S01007834,Balgay - 01,"","","","","","","","","","","","",9.52,10.53,11.11,14.29,28.57,23.08
http://statistics.gov.scot/id/statistical-geography/S01007835,Balgay - 02,"","","","","","","","","","","","",0,0,0,0,0,0.00
http://statistics.gov.scot/id/statistical-geography/S01007836,Balgay - 03,"","","","","","","","","","","","",0,0,0,0,0,0.00
http://statistics.gov.scot/id/statistical-geography/S01007837,Balgay - 04,"","","","","","","","","","","","",0,0,14.29,16.67,28.57,20
http://statistics.gov.scot/id/statistical-geography/S01007838,Balgay - 05,"","","","","","","","","","","","",0,0,0,0,0,0.00
http://statistics.gov.scot/id/statistical-geography/S01009593,Balgeddie North,"","","","","","","","","","","","",0,0,0,0,0,0.00
http://statistics.gov.scot/id/statistical-geography/S01009591,Balgeddie South,"","","","","","","","","","","","",6.25,0,0,0,0,0.00
http://statistics.gov.scot/id/statistical-geography/S01006781,Balgownie and Donmouth East - 01,"","","","","","","","","","","","",0,20,16.67,12.5,0,0.00
http://statistics.gov.scot/id/statistical-geography/S01006782,Balgownie and Donmouth East - 02,"","","","","","","","","","","","",0,0,0,0,0,0.00
http://statistics.gov.scot/id/statistical-geography/S01006783,Balgownie and Donmouth East - 03,"","","","","","","","","","","","",11.11,14.29,9.09,8.33,7.69,18.18
http://statistics.gov.scot/id/statistical-geography/S01006784,Balgownie and Donmouth East - 04,"","","","","","","","","","","","",0,0,0,0,0,0.00
http://statistics.gov.scot/id/statistical-geography/S01006775,Balgownie and Donmouth West - 01,"","","","","","","","","","","","",5.26,5.56,5.88,10,0,0.00
http://statistics.gov.scot/id/statistical-geography/S01006776,Balgownie and Donmouth West - 02,"","","","","","","","","","","","",0,0,0,0,0,0.00
http://statistics.gov.scot/id/statistical-geography/S01006777,Balgownie and Donmouth West - 03,"","","","","","","","","","","","",9.09,10,0,0,0,0.00
http://statistics.gov.scot/id/statistical-geography/S01006778,Balgownie and Donmouth West - 04,"","","","","","","","","","","","",0,0,0,6.25,6.25,7.69
http://statistics.gov.scot/id/statistical-geography/S01006779,Balgownie and Donmouth West - 05,"","","","","","","","","","","","",18.18,7.69,0,0,0,0.00
http://statistics.gov.scot/id/statistical-geography/S01006780,Balgownie and Donmouth West - 06,"","","","","","","","","","","","",0,0,0,0,10,12.5
http://statistics.gov.scot/id/statistical-geography/S01008875,Balgreen and Roseburn - 01,"","","","","","","","","","","","",0,0,0,0,0,0.00
http://statistics.gov.scot/id/statistical-geography/S01008876,Balgreen and Roseburn - 02,"","","","","","","","","","","","",0,0,0,0,0,0.00
http://statistics.gov.scot/id/statistical-geography/S01008877,Balgreen and Roseburn - 03,"","","","","","","","","","","","",0,0,0,0,0,0.00
http://statistics.gov.scot/id/statistical-geography/S01008878,Balgreen and Roseburn - 04,"","","","","","","","","","","","",0,0,0,0,0,0.00
http://statistics.gov.scot/id/statistical-geography/S01008879,Balgreen and Roseburn - 05,"","","","","","","","","","","","",25,0,0,0,0,0.00
http://statistics.gov.scot/id/statistical-geography/S01008880,Balgreen and Roseburn - 06,"","","","","","","","","","","","",0,0,0,0,0,0.00
http://statistics.gov.scot/id/statistical-geography/S01009433,Ballingry Central,"","","","","","","","","","","","",20,11.11,16.67,23.08,36.36,33.33
http://statistics.gov.scot/id/statistical-geography/S01009432,Ballingry East,"","","","","","","","","","","","",17.65,7.14,20,15.38,30,30
http://statistics.gov.scot/id/statistical-geography/S01009434,Ballingry South,"","","","","","","","","","","","",27.27,23.08,20,11.11,0,0.00
http://statistics.gov.scot/id/statistical-geography/S01009435,Ballingry West,"","","","","","","","","","","","",50,30.77,31.25,28.57,42.86,38.46
http://statistics.gov.scot/id/statistical-geography/S01011782,Balloch East - 01,"","","","","","","","","","","","",0,0,0,0,0,20
http://statistics.gov.scot/id/statistical-geography/S01011783,Balloch East - 02,"","","","","","","","","","","","",0,0,0,0,0,0.00
http://statistics.gov.scot/id/statistical-geography/S01011784,Balloch East - 03,"","","","","","","","","","","","",16.67,0,0,8.33,15.38,15.38
http://statistics.gov.scot/id/statistical-geography/S01011785,Balloch East - 04,"","","","","","","","","","","","",6.67,0,0,0,10,11.11
http://statistics.gov.scot/id/statistical-geography/S01011777,Balloch West - 01,"","","","","","","","","","","","",0,0,0,0,0,20
http://statistics.gov.scot/id/statistical-geography/S01011778,Balloch West - 02,"","","","","","","","","","","","",5.56,0,0,7.69,9.09,9.09
http://statistics.gov.scot/id/statistical-geography/S01011779,Balloch West - 03,"","","","","","","","","","","","",0,0,0,0,0,0.00
http://statistics.gov.scot/id/statistical-geography/S01011780,Balloch West - 04,"","","","","","","","","","","","",0,0,0,0,0,14.29
http://statistics.gov.scot/id/statistical-geography/S01011781,Balloch West - 05,"","","","","","","","","","","","",0,0,33.33,20,16.67,0.00
http://statistics.gov.scot/id/statistical-geography/S01011798,Balmalloch - 01,"","","","","","","","","","","","",11.11,0,14.29,11.11,12.5,0.00
http://statistics.gov.scot/id/statistical-geography/S01011799,Balmalloch - 02,"","","","","","","","","","","","",0,0,0,0,0,0.00
http://statistics.gov.scot/id/statistical-geography/S01011800,Balmalloch - 03,"","","","","","","","","","","","",20,33.33,0,0,0,0.00
http://statistics.gov.scot/id/statistical-geography/S01011801,Balmalloch - 04,"","","","","","","","","","","","",14.29,10,11.11,0,9.09,10
http://statistics.gov.scot/id/statistical-geography/S01011802,Balmalloch - 05,"","","","","","","","","","","","",15.79,8.33,0,0,15,15.79
http://statistics.gov.scot/id/statistical-geography/S01011803,Balmalloch - 06,"","","","","","","","","","","","",33.33,16.67,14.29,12.5,25,10
http://statistics.gov.scot/id/statistical-geography/S01006952,Balmedie and Potterton - 01,"","","","","","","","","","","","",9.09,0,0,0,0,0.00
http://statistics.gov.scot/id/statistical-geography/S01006953,Balmedie and Potterton - 02,"","","","","","","","","","","","",0,0,0,0,0,0.00
http://statistics.gov.scot/id/statistical-geography/S01006954,Balmedie and Potterton - 03,"","","","","","","","","","","","",0,0,0,0,5.26,10
http://statistics.gov.scot/id/statistical-geography/S01006955,Balmedie and Potterton - 04,"","","","","","","","","","","","",7.14,7.14,9.52,12.5,14.29,12.5
http://statistics.gov.scot/id/statistical-geography/S01006956,Balmedie and Potterton - 05,"","","","","","","","","","","","",5,0,0,0,0,6.67
http://statistics.gov.scot/id/statistical-geography/S01006957,Balmedie and Potterton - 06,"","","","","","","","","","","","",25,15.38,7.69,0,0,0.00
http://statistics.gov.scot/id/statistical-geography/S01009744,Balmullo North,"","","","","","","","","","","","",0,0,0,0,0,0.00
http://statistics.gov.scot/id/statistical-geography/S01009745,Balmullo South,"","","","","","","","","","","","",9.09,0,0,0,0,0.00
http://statistics.gov.scot/id/statistical-geography/S01010194,Balornock - 01,"","","","","","","","","","","","",9.09,0,0,0,25,50
http://statistics.gov.scot/id/statistical-geography/S01010195,Balornock - 02,"","","","","","","","","","","","",9.09,15.38,20,33.33,0,0.00
http://statistics.gov.scot/id/statistical-geography/S01010196,Balornock - 03,"","","","","","","","","","","","",28.57,20,33.33,33.33,33.33,0.00
http://statistics.gov.scot/id/statistical-geography/S01010197,Balornock - 04,"","","","","","","","","","","","",27.27,12.5,14.29,16.67,14.29,0.00
http://statistics.gov.scot/id/statistical-geography/S01010198,Balornock - 05,"","","","","","","","","","","","",8.33,14.29,12.5,8.33,8.33,25
http://statistics.gov.scot/id/statistical-geography/S01006859,Banchory East - 01,"","","","","","","","","","","","",0,0,0,0,0,0.00
http://statistics.gov.scot/id/statistical-geography/S01006860,Banchory East - 02,"","","","","","","","","","","","",0,0,0,0,12.5,9.09
http://statistics.gov.scot/id/statistical-geography/S01006861,Banchory East - 03,"","","","","","","","","","","","",0,0,0,0,16.67,20
http://statistics.gov.scot/id/statistical-geography/S01006862,Banchory East - 04,"","","","","","","","","","","","",0,0,0,0,8.33,7.69
http://statistics.gov.scot/id/statistical-geography/S01006863,Banchory East - 05,"","","","","","","","","","","","",20,20,0,0,0,0.00
http://statistics.gov.scot/id/statistical-geography/S01006864,Banchory East - 06,"","","","","","","","","","","","",0,0,0,0,0,0.00
http://statistics.gov.scot/id/statistical-geography/S01006865,Banchory West - 01,"","","","","","","","","","","","",0,0,0,0,0,0.00
http://statistics.gov.scot/id/statistical-geography/S01006866,Banchory West - 02,"","","","","","","","","","","","",0,0,0,0,0,0.00
http://statistics.gov.scot/id/statistical-geography/S01006867,Banchory West - 03,"","","","","","","","","","","","",0,0,0,0,0,0.00
http://statistics.gov.scot/id/statistical-geography/S01006868,Banchory West - 04,"","","","","","","","","","","","",10,0,0,0,0,0.00
http://statistics.gov.scot/id/statistical-geography/S01006848,Banchory-Devenick and Findon - 01,"","","","","","","","","","","","",0,0,0,0,0,0.00
http://statistics.gov.scot/id/statistical-geography/S01006849,Banchory-Devenick and Findon - 02,"","","","","","","","","","","","",2.63,0,0,0,0,0.00
http://statistics.gov.scot/id/statistical-geography/S01006850,Banchory-Devenick and Findon - 03,"","","","","","","","","","","","",15.38,11.76,6.25,0,5.26,6.67
http://statistics.gov.scot/id/statistical-geography/S01006851,Banchory-Devenick and Findon - 04,"","","","","","","","","","","","",0,0,0,0,0,0.00
http://statistics.gov.scot/id/statistical-geography/S01006852,Banchory-Devenick and Findon - 05,"","","","","","","","","","","","",0,0,0,0,0,0.00
http://statistics.gov.scot/id/statistical-geography/S01007032,Banff - 01,"","","","","","","","","","","","",8.33,12.5,14.29,10,7.69,0.00
http://statistics.gov.scot/id/statistical-geography/S01007033,Banff - 02,"","","","","","","","","","","","",22.22,0,0,0,16.67,15.38
http://statistics.gov.scot/id/statistical-geography/S01007034,Banff - 03,"","","","","","","","","","","","",12.5,16.67,0,0,9.09,20
http://statistics.gov.scot/id/statistical-geography/S01007035,Banff - 04,"","","","","","","","","","","","",40,30.77,18.75,4.76,9.09,5.26
http://statistics.gov.scot/id/statistical-geography/S01007036,Banff - 05,"","","","","","","","","","","","",14.29,14.29,22.22,11.11,11.11,0.00
http://statistics.gov.scot/id/statistical-geography/S01012870,Bankhead South - 01,"","","","","","","","","","","","",10,9.09,0,0,0,0.00
http://statistics.gov.scot/id/statistical-geography/S01012871,Bankhead South - 02,"","","","","","","","","","","","",7.14,8.33,8.33,0,0,0.00
http://statistics.gov.scot/id/statistical-geography/S01012872,Bankhead South - 03,"","","","","","","","","","","","",10,11.11,18.18,18.18,20,16.67
http://statistics.gov.scot/id/statistical-geography/S01012873,Bankhead South - 04,"","","","","","","","","","","","",0,0,6.67,11.11,21.43,37.5
http://statistics.gov.scot/id/statistical-geography/S01009071,"Banknock, Haggs and Longcroft - 01","","","","","","","","","","","","",0,0,14.29,16.67,25,0.00
http://statistics.gov.scot/id/statistical-geography/S01009072,"Banknock, Haggs and Longcroft - 02","","","","","","","","","","","","",16.67,0,0,0,0,0.00
http://statistics.gov.scot/id/statistical-geography/S01009073,"Banknock, Haggs and Longcroft - 03","","","","","","","","","","","","",8.33,9.09,0,0,0,7.69
http://statistics.gov.scot/id/statistical-geography/S01009074,"Banknock, Haggs and Longcroft - 04","","","","","","","","","","","","",50,33.33,21.43,7.69,7.14,0.00
http://statistics.gov.scot/id/statistical-geography/S01009075,"Banknock, Haggs and Longcroft - 05","","","","","","","","","","","","",11.11,14.29,0,0,0,0.00
http://statistics.gov.scot/id/statistical-geography/S01009076,"Banknock, Haggs and Longcroft - 06","","","","","","","","","","","","",11.76,13.33,14.29,6.25,7.14,8.33
http://statistics.gov.scot/id/statistical-geography/S01013270,Bankton and Murieston - 01,"","","","","","","","","","","","",0,0,0,0,0,0.00
http://statistics.gov.scot/id/statistical-geography/S01013271,Bankton and Murieston - 02,"","","","","","","","","","","","",0,0,0,0,0,0.00
http://statistics.gov.scot/id/statistical-geography/S01013272,Bankton and Murieston - 03,"","","","","","","","","","","","","",0,0,0,0,0.00
http://statistics.gov.scot/id/statistical-geography/S01013273,Bankton and Murieston - 04,"","","","","","","","","","","","",0,0,0,0,0,0.00
http://statistics.gov.scot/id/statistical-geography/S01013274,Bankton and Murieston - 05,"","","","","","","","","","","","",0,0,0,0,0,0.00
http://statistics.gov.scot/id/statistical-geography/S01013275,Bankton and Murieston - 06,"","","","","","","","","","","","",0,0,0,0,0,0.00
http://statistics.gov.scot/id/statistical-geography/S01013276,Bankton and Murieston - 07,"","","","","","","","","","","","",0,0,0,0,0,0.00
http://statistics.gov.scot/id/statistical-geography/S01013037,Bannockburn - 01,"","","","","","","","","","","","",18.18,18.18,0,0,0,0.00
http://statistics.gov.scot/id/statistical-geography/S01013038,Bannockburn - 02,"","","","","","","","","","","","",15.38,6.25,12.5,9.09,9.52,0.00
http://statistics.gov.scot/id/statistical-geography/S01013039,Bannockburn - 03,"","","","","","","","","","","","",0,0,20,40,28.57,20
http://statistics.gov.scot/id/statistical-geography/S01013040,Bannockburn - 04,"","","","","","","","","","","","",12.5,0,0,0,0,9.09
http://statistics.gov.scot/id/statistical-geography/S01013041,Bannockburn - 05,"","","","","","","","","","","","",6.67,0,0,0,16.67,14.29
http://statistics.gov.scot/id/statistical-geography/S01012557,Barassie - 01,"","","","","","","","","","","","",0,0,0,0,0,0.00
http://statistics.gov.scot/id/statistical-geography/S01012558,Barassie - 02,"","","","","","","","","","","","",0,0,25,28.57,33.33,0.00
http://statistics.gov.scot/id/statistical-geography/S01012559,Barassie - 03,"","","","","","","","","","","","",0,6.25,8.33,9.09,0,25
http://statistics.gov.scot/id/statistical-geography/S01012560,Barassie - 04,"","","","","","","","","","","","",0,0,0,0,0,0.00
http://statistics.gov.scot/id/statistical-geography/S01012561,Barassie - 05,"","","","","","","","","","","","",0,8.33,10,14.29,0,0.00
http://statistics.gov.scot/id/statistical-geography/S01012562,Barassie - 06,"","","","","","","","","","","","",25,11.11,16.67,0,0,0.00
http://statistics.gov.scot/id/statistical-geography/S01010123,Barlanark - 01,"","","","","","","","","","","","",14.29,21.05,33.33,41.67,33.33,9.09
http://statistics.gov.scot/id/statistical-geography/S01010124,Barlanark - 02,"","","","","","","","","","","","",16.67,6.25,0,10,16.67,14.29
http://statistics.gov.scot/id/statistical-geography/S01010125,Barlanark - 03,"","","","","","","","","","","","",0,0,0,0,0,0.00
http://statistics.gov.scot/id/statistical-geography/S01010126,Barlanark - 04,"","","","","","","","","","","","",18.18,0,0,0,10,10
http://statistics.gov.scot/id/statistical-geography/S01010127,Barlanark - 05,"","","","","","","","","","","","",11.11,0,0,0,0,0.00
http://statistics.gov.scot/id/statistical-geography/S01010128,Barlanark - 06,"","","","","","","","","","","","",33.33,40,28.57,33.33,60,75
http://statistics.gov.scot/id/statistical-geography/S01010129,Barlanark - 07,"","","","","","","","","","","","",23.53,14.29,8.7,9.52,15.79,11.76
http://statistics.gov.scot/id/statistical-geography/S01010130,Barlanark - 08,"","","","","","","","","","","","",16.67,0,0,33.33,25,22.22
http://statistics.gov.scot/id/statistical-geography/S01008041,Barloch - 01,"","","","","","","","","","","","",0,0,0,0,0,0.00
http://statistics.gov.scot/id/statistical-geography/S01008042,Barloch - 02,"","","","","","","","","","","","",0,0,0,0,0,0.00
http://statistics.gov.scot/id/statistical-geography/S01008043,Barloch - 03,"","","","","","","","","","","","",0,0,0,0,0,0.00
http://statistics.gov.scot/id/statistical-geography/S01008044,Barloch - 04,"","","","","","","","","","","","",0,0,0,0,0,0.00
http://statistics.gov.scot/id/statistical-geography/S01010199,Barmulloch - 01,"","","","","","","","","","","","",28.57,28.57,16.67,16.67,11.11,14.29
http://statistics.gov.scot/id/statistical-geography/S01010200,Barmulloch - 02,"","","","","","","","","","","","",27.27,27.27,0,0,0,0.00
http://statistics.gov.scot/id/statistical-geography/S01010201,Barmulloch - 03,"","","","","","","","","","","","",0,0,0,0,0,28.57
http://statistics.gov.scot/id/statistical-geography/S01010202,Barmulloch - 04,"","","","","","","","","","","","",23.08,16.67,0,0,0,0.00
http://statistics.gov.scot/id/statistical-geography/S01007768,Barnhill - 01,"","","","","","","","","","","","",0,14.29,8.33,9.09,0,0.00
http://statistics.gov.scot/id/statistical-geography/S01007769,Barnhill - 02,"","","","","","","","","","","","",16.67,0,0,0,16.67,16.67
http://statistics.gov.scot/id/statistical-geography/S01007770,Barnhill - 03,"","","","","","","","","","","","",0,0,0,0,0,0.00
http://statistics.gov.scot/id/statistical-geography/S01007771,Barnhill - 04,"","","","","","","","","","","","",0,0,0,0,0,0.00
http://statistics.gov.scot/id/statistical-geography/S01007772,Barnhill - 05,"","","","","","","","","","","","",5.56,5.56,7.14,7.14,0,0.00
http://statistics.gov.scot/id/statistical-geography/S01007773,Barnhill - 06,"","","","","","","","","","","","",0,0,0,0,0,0.00
http://statistics.gov.scot/id/statistical-geography/S01008944,"Barnton, Cammo and Cramond South - 01","","","","","","","","","","","","",0,0,0,0,0,0.00
http://statistics.gov.scot/id/statistical-geography/S01008945,"Barnton, Cammo and Cramond South - 02","","","","","","","","","","","","",0,0,0,0,0,0.00
http://statistics.gov.scot/id/statistical-geography/S01008946,"Barnton, Cammo and Cramond South - 03","","","","","","","","","","","","",33.33,33.33,25,0,0,0.00
http://statistics.gov.scot/id/statistical-geography/S01008947,"Barnton, Cammo and Cramond South - 04","","","","","","","","","","","","",33.33,25,14.29,0,0,0.00
http://statistics.gov.scot/id/statistical-geography/S01009014,Barra and South Uist - 01,"","","","","","","","","","","","",15.38,25,14.29,0,0,0.00
http://statistics.gov.scot/id/statistical-geography/S01009015,Barra and South Uist - 02,"","","","","","","","","","","","",50,50,20,0,0,0.00
http://statistics.gov.scot/id/statistical-geography/S01009016,Barra and South Uist - 03,"","","","","","","","","","","","",50,50,0,33.33,25,33.33
http://statistics.gov.scot/id/statistical-geography/S01009017,Barra and South Uist - 04,"","","","","","","","","","","","",20,14.29,0,0,0,0.00
http://statistics.gov.scot/id/statistical-geography/S01009018,Barra and South Uist - 05,"","","","","","","","","","","","",0,0,0,0,0,0.00
http://statistics.gov.scot/id/statistical-geography/S01006985,Barrahill - 01,"","","","","","","","","","","","",0,0,0,15.38,22.22,37.5
http://statistics.gov.scot/id/statistical-geography/S01006986,Barrahill - 02,"","","","","","","","","","","","",0,0,0,0,0,0.00
http://statistics.gov.scot/id/statistical-geography/S01006987,Barrahill - 03,"","","","","","","","","","","","",0,0,8.33,0,0,0.00
http://statistics.gov.scot/id/statistical-geography/S01006988,Barrahill - 04,"","","","","","","","","","","","",0,0,7.69,10,16.67,0.00
http://statistics.gov.scot/id/statistical-geography/S01006989,Barrahill - 05,"","","","","","","","","","","","",0,0,0,0,0,0.00
http://statistics.gov.scot/id/statistical-geography/S01006990,Barrahill - 06,"","","","","","","","","","","","",0,0,0,0,0,0.00
http://statistics.gov.scot/id/statistical-geography/S01013411,Bathgate East - 01,"","","","","","","","","","","","",20,16.67,0,0,9.09,7.14
http://statistics.gov.scot/id/statistical-geography/S01013412,Bathgate East - 02,"","","","","","","","","","","","",20,25,20,25,20,0.00
http://statistics.gov.scot/id/statistical-geography/S01013413,Bathgate East - 03,"","","","","","","","","","","","",0,0,0,0,0,0.00
http://statistics.gov.scot/id/statistical-geography/S01013414,Bathgate East - 04,"","","","","","","","","","","","",0,0,0,0,6.67,11.11
http://statistics.gov.scot/id/statistical-geography/S01013415,Bathgate East - 05,"","","","","","","","","","","","",0,14.29,22.22,10,22.22,6.67
http://statistics.gov.scot/id/statistical-geography/S01013416,Bathgate East - 06,"","","","","","","","","","","","",0,0,9.09,25,25,28.57
http://statistics.gov.scot/id/statistical-geography/S01013417,Bathgate East - 07,"","","","","","","","","","","","",0,0,0,0,18.18,33.33
http://statistics.gov.scot/id/statistical-geography/S01013418,Bathgate East - 08,"","","","","","","","","","","","",0,0,33.33,25,20,25
http://statistics.gov.scot/id/statistical-geography/S01013419,Bathgate East - 09,"","","","","","","","","","","","",0,0,0,0,0,0.00
http://statistics.gov.scot/id/statistical-geography/S01013420,Bathgate West - 01,"","","","","","","","","","","","",0,0,0,0,25,33.33
http://statistics.gov.scot/id/statistical-geography/S01013421,Bathgate West - 02,"","","","","","","","","","","","",0,0,0,0,0,0.00
http://statistics.gov.scot/id/statistical-geography/S01013422,Bathgate West - 03,"","","","","","","","","","","","",12.5,0,0,14.29,20,14.29
http://statistics.gov.scot/id/statistical-geography/S01013423,Bathgate West - 04,"","","","","","","","","","","","",0,16.67,28.57,12.5,22.22,14.29
http://statistics.gov.scot/id/statistical-geography/S01013424,Bathgate West - 05,"","","","","","","","","","","","",0,0,0,0,0,0.00
http://statistics.gov.scot/id/statistical-geography/S01013425,Bathgate West - 06,"","","","","","","","","","","","",0,0,0,0,"",""
http://statistics.gov.scot/id/statistical-geography/S01013426,Bathgate West - 07,"","","","","","","","","","","","",0,0,0,0,0,0.00
http://statistics.gov.scot/id/statistical-geography/S01013427,Bathgate West - 08,"","","","","","","","","","","","",0,0,0,0,0,0.00
http://statistics.gov.scot/id/statistical-geography/S01013428,Bathgate West - 09,"","","","","","","","","","","","",33.33,33.33,27.27,18.18,14.29,11.11
http://statistics.gov.scot/id/statistical-geography/S01013405,Bathgate and Boghall - 01,"","","","","","","","","","","","",0,0,0,0,0,0.00
http://statistics.gov.scot/id/statistical-geography/S01013406,Bathgate and Boghall - 02,"","","","","","","","","","","","",20,20,33.33,66.67,40,16.67
http://statistics.gov.scot/id/statistical-geography/S01013407,Bathgate and Boghall - 03,"","","","","","","","","","","","",28.57,25,28.57,14.29,16.67,0.00
http://statistics.gov.scot/id/statistical-geography/S01013408,Bathgate and Boghall - 04,"","","","","","","","","","","","",42.86,25,0,16.67,16.67,0.00
http://statistics.gov.scot/id/statistical-geography/S01013409,Bathgate and Boghall - 05,"","","","","","","","","","","","",16.67,18.18,23.08,18.18,11.11,0.00
http://statistics.gov.scot/id/statistical-geography/S01013410,Bathgate and Boghall - 06,"","","","","","","","","","","","",33.33,0,12.5,0,0,0.00
http://statistics.gov.scot/id/statistical-geography/S01013400,"Bathgate, Wester Inch and Inchcross - 01","","","","","","","","","","","","",57.14,50,30,20,7.69,21.43
http://statistics.gov.scot/id/statistical-geography/S01013401,"Bathgate, Wester Inch and Inchcross - 02","","","","","","","","","","","","",0,0,0,1.33,1.12,1.25
http://statistics.gov.scot/id/statistical-geography/S01013402,"Bathgate, Wester Inch and Inchcross - 03","","","","","","","","","","","","",0,0,0,0,0,0.00
http://statistics.gov.scot/id/statistical-geography/S01013403,"Bathgate, Wester Inch and Inchcross - 04","","","","","","","","","","","","",0,0,0,0,5.88,5.26
http://statistics.gov.scot/id/statistical-geography/S01013404,"Bathgate, Wester Inch and Inchcross - 05","","","","","","","","","","","","",16.67,11.11,12.5,0,0,0.00
http://statistics.gov.scot/id/statistical-geography/S01009899,Battlefield - 01,"","","","","","","","","","","","",6.25,5.56,0,0,0,0.00
http://statistics.gov.scot/id/statistical-geography/S01009900,Battlefield - 02,"","","","","","","","","","","","",3.57,3.85,0,0,0,0.00
http://statistics.gov.scot/id/statistical-geography/S01009901,Battlefield - 03,"","","","","","","","","","","","",7.14,3.45,3.45,0,0,0.00
http://statistics.gov.scot/id/statistical-geography/S01009902,Battlefield - 04,"","","","","","","","","","","","",0,0,0,0,0,0.00
http://statistics.gov.scot/id/statistical-geography/S01009903,Battlefield - 05,"","","","","","","","","","","","",3.85,4.35,13.64,14.29,15.79,5.88
http://statistics.gov.scot/id/statistical-geography/S01009904,Battlefield - 06,"","","","","","","","","","","","",6.25,5.88,0,0,0,0.00
http://statistics.gov.scot/id/statistical-geography/S01007733,Baxter Park - 01,"","","","","","","","","","","","",0,0,0,0,0,0.00
http://statistics.gov.scot/id/statistical-geography/S01007734,Baxter Park - 02,"","","","","","","","","","","","",0,0,0,0,0,0.00
http://statistics.gov.scot/id/statistical-geography/S01007735,Baxter Park - 03,"","","","","","","","","","","","",0,12.5,14.29,8.33,0,0.00
http://statistics.gov.scot/id/statistical-geography/S01007736,Baxter Park - 04,"","","","","","","","","","","","",0,0,0,0,7.69,8.33
http://statistics.gov.scot/id/statistical-geography/S01009412,Beath South West,"","","","","","","","","","","","",33.33,18.18,30,13.33,12.5,7.14
http://statistics.gov.scot/id/statistical-geography/S01009410,Beath Woodend,"","","","","","","","","","","","",26.32,31.58,33.33,23.08,22.22,12.5
http://statistics.gov.scot/id/statistical-geography/S01009595,Beechwood,"","","","","","","","","","","","",0,0,0,0,0,25
http://statistics.gov.scot/id/statistical-geography/S01011352,Beith East and Rural - 01,"","","","","","","","","","","","",0,0,0,0,0,0.00
http://statistics.gov.scot/id/statistical-geography/S01011353,Beith East and Rural - 02,"","","","","","","","","","","","",25,11.11,18.18,14.29,20,0.00
http://statistics.gov.scot/id/statistical-geography/S01011354,Beith East and Rural - 03,"","","","","","","","","","","","",0,0,0,0,0,0.00
http://statistics.gov.scot/id/statistical-geography/S01011355,Beith East and Rural - 04,"","","","","","","","","","","","",12.5,27.27,22.22,25,0,0.00
http://statistics.gov.scot/id/statistical-geography/S01011356,Beith East and Rural - 05,"","","","","","","","","","","","",16.67,9.09,8.33,0,0,0.00
http://statistics.gov.scot/id/statistical-geography/S01011348,Beith West - 01,"","","","","","","","","","","","",0,0,0,0,0,12.5
http://statistics.gov.scot/id/statistical-geography/S01011349,Beith West - 02,"","","","","","","","","","","","",0,0,0,0,0,0.00
http://statistics.gov.scot/id/statistical-geography/S01011350,Beith West - 03,"","","","","","","","","","","","",12.5,12.5,12.5,0,0,0.00
http://statistics.gov.scot/id/statistical-geography/S01011351,Beith West - 04,"","","","","","","","","","","","",38.46,35.29,31.25,18.75,14.29,8.33
http://statistics.gov.scot/id/statistical-geography/S01007968,Bellfield and Kirkstyle - 01,"","","","","","","","","","","","",8.33,0,0,0,0,0.00
http://statistics.gov.scot/id/statistical-geography/S01007969,Bellfield and Kirkstyle - 02,"","","","","","","","","","","","",21.43,16.67,9.09,7.14,8.33,16.67
http://statistics.gov.scot/id/statistical-geography/S01007970,Bellfield and Kirkstyle - 03,"","","","","","","","","","","","",16.67,12.5,9.52,0,0,0.00
http://statistics.gov.scot/id/statistical-geography/S01007971,Bellfield and Kirkstyle - 04,"","","","","","","","","","","","",12.5,16.67,6.67,5.56,0,5.88
http://statistics.gov.scot/id/statistical-geography/S01007972,Bellfield and Kirkstyle - 05,"","","","","","","","","","","","",16.67,9.09,20,10,10,0.00
http://statistics.gov.scot/id/statistical-geography/S01011528,Bellshill Central - 01,"","","","","","","","","","","","",16.67,10,23.53,31.25,33.33,16.67
http://statistics.gov.scot/id/statistical-geography/S01011529,Bellshill Central - 02,"","","","","","","","","","","","",14.29,0,20,20,12.5,0.00
http://statistics.gov.scot/id/statistical-geography/S01011530,Bellshill Central - 03,"","","","","","","","","","","","",11.76,0,6.25,14.29,22.22,14.29
http://statistics.gov.scot/id/statistical-geography/S01011531,Bellshill Central - 04,"","","","","","","","","","","","",0,0,0,8.33,7.69,9.09
http://statistics.gov.scot/id/statistical-geography/S01011519,Bellshill South - 01,"","","","","","","","","","","","",16.67,0,0,0,0,0.00
http://statistics.gov.scot/id/statistical-geography/S01011520,Bellshill South - 02,"","","","","","","","","","","","",30,33.33,14.29,40,36.36,40
http://statistics.gov.scot/id/statistical-geography/S01011521,Bellshill South - 03,"","","","","","","","","","","","",7.69,9.09,12.5,0,0,11.76
http://statistics.gov.scot/id/statistical-geography/S01011522,Bellshill South - 04,"","","","","","","","","","","","",33.33,36.36,28.57,12.5,20,18.18
http://statistics.gov.scot/id/statistical-geography/S01011523,Bellshill South - 05,"","","","","","","","","","","","",33.33,14.29,6.67,6.67,8.33,6.67
http://statistics.gov.scot/id/statistical-geography/S01011524,Bellshill South - 06,"","","","","","","","","","","","",0,0,0,0,0,0.00
http://statistics.gov.scot/id/statistical-geography/S01013263,"Bellsquarry, Adambrae and Kirkton - 01","","","","","","","","","","","","",0,0,0,0,"",""
http://statistics.gov.scot/id/statistical-geography/S01013264,"Bellsquarry, Adambrae and Kirkton - 02","","","","","","","","","","","","","",100,50,25,0,0.00
http://statistics.gov.scot/id/statistical-geography/S01013265,"Bellsquarry, Adambrae and Kirkton - 03","","","","","","","","","","","","",0,0,0,0,0,0.00
http://statistics.gov.scot/id/statistical-geography/S01013266,"Bellsquarry, Adambrae and Kirkton - 04","","","","","","","","","","","","","",0,0,0,0,0.00
http://statistics.gov.scot/id/statistical-geography/S01013267,"Bellsquarry, Adambrae and Kirkton - 05","","","","","","","","","","","","",16.67,16.67,20,33.33,0,0.00
http://statistics.gov.scot/id/statistical-geography/S01013268,"Bellsquarry, Adambrae and Kirkton - 06","","","","","","","","","","","","",0,20,16.67,12.5,0,16.67
http://statistics.gov.scot/id/statistical-geography/S01013269,"Bellsquarry, Adambrae and Kirkton - 07","","","","","","","","","","","","",33.33,11.11,10,0,0,0.00
http://statistics.gov.scot/id/statistical-geography/S01009325,Bellyeoman North and Townhill Landward,"","","","","","","","","","","","",0,0,8.33,9.09,7.69,0.00
http://statistics.gov.scot/id/statistical-geography/S01009320,Bellyeoman South,"","","","","","","","","","","","",14.29,25,20,0,0,0.00
http://statistics.gov.scot/id/statistical-geography/S01009303,Bellyeoman South West,"","","","","","","","","","","","",7.14,0,0,0,0,0.00
http://statistics.gov.scot/id/statistical-geography/S01012466,Belmont - 01,"","","","","","","","","","","","",0,0,0,0,0,0.00
http://statistics.gov.scot/id/statistical-geography/S01012467,Belmont - 02,"","","","","","","","","","","","",0,0,0,0,0,0.00
http://statistics.gov.scot/id/statistical-geography/S01012468,Belmont - 03,"","","","","","","","","","","","",0,10,9.09,9.09,0,0.00
http://statistics.gov.scot/id/statistical-geography/S01012469,Belmont - 04,"","","","","","","","","","","","",0,0,0,0,0,0.00
http://statistics.gov.scot/id/statistical-geography/S01012470,Belmont - 05,"","","","","","","","","","","","",6.67,6.67,10,16.67,16.67,9.09
http://statistics.gov.scot/id/statistical-geography/S01012471,Belmont - 06,"","","","","","","","","","","","",0,0,0,0,0,0.00
http://statistics.gov.scot/id/statistical-geography/S01012472,Belmont - 07,"","","","","","","","","","","","",0,0,0,0,0,0.00
http://statistics.gov.scot/id/statistical-geography/S01009019,Benbecula and North Uist - 01,"","","","","","","","","","","","",12.5,12.5,0,0,0,0.00
http://statistics.gov.scot/id/statistical-geography/S01009020,Benbecula and North Uist - 02,"","","","","","","","","","","","",11.11,11.11,20,9.09,8.33,0.00
http://statistics.gov.scot/id/statistical-geography/S01009021,Benbecula and North Uist - 03,"","","","","","","","","","","","",0,0,0,0,0,0.00
http://statistics.gov.scot/id/statistical-geography/S01009022,Benbecula and North Uist - 04,"","","","","","","","","","","","",0,0,0,0,0,0.00
http://statistics.gov.scot/id/statistical-geography/S01007301,Benderloch Trail - 01,"","","","","","","","","","","","",0,0,0,0,0,0.00
http://statistics.gov.scot/id/statistical-geography/S01007302,Benderloch Trail - 02,"","","","","","","","","","","","",20,21.43,11.11,0,14.29,14.29
http://statistics.gov.scot/id/statistical-geography/S01007303,Benderloch Trail - 03,"","","","","","","","","","","","",0,0,0,0,0,0.00
http://statistics.gov.scot/id/statistical-geography/S01007304,Benderloch Trail - 04,"","","","","","","","","","","","",25,25,16.67,0,0,0.00
http://statistics.gov.scot/id/statistical-geography/S01007305,Benderloch Trail - 05,"","","","","","","","","","","","",0,0,20,20,20,0.00
http://statistics.gov.scot/id/statistical-geography/S01007306,Benderloch Trail - 06,"","","","","","","","","","","","",8.33,9.09,11.11,0,0,0.00
http://statistics.gov.scot/id/statistical-geography/S01007307,Benderloch Trail - 07,"","","","","","","","","","","","",11.11,12.5,0,22.22,28.57,25
http://statistics.gov.scot/id/statistical-geography/S01009482,Bennochy Balfour,"","","","","","","","","","","","",4.76,10.53,20,25,22.22,44.44
http://statistics.gov.scot/id/statistical-geography/S01009483,Bennochy East,"","","","","","","","","","","","",14.29,9.09,0,0,0,0.00
http://statistics.gov.scot/id/statistical-geography/S01009481,Bennochy North,"","","","","","","","","","","","",11.54,9.52,5,5,5.56,4.76
http://statistics.gov.scot/id/statistical-geography/S01009485,Bennochy South West,"","","","","","","","","","","","",18.18,13.33,14.29,0,0,0.00
http://statistics.gov.scot/id/statistical-geography/S01009488,Bennochy West,"","","","","","","","","","","","",10,14.29,16.67,15.38,9.09,8.33
http://statistics.gov.scot/id/statistical-geography/S01009297,Beveridgewell East,"","","","","","","","","","","","",11.11,0,0,0,0,0.00
http://statistics.gov.scot/id/statistical-geography/S01009295,Beveridgewell West,"","","","","","","","","","","","",0,0,0,0,0,0.00
http://statistics.gov.scot/id/statistical-geography/S01009296,Beveridgewell Western and Parkneuk,"","","","","","","","","","","","",14.29,28.57,33.33,20,0,0.00
http://statistics.gov.scot/id/statistical-geography/S01012574,"Biggar, Symington, Thankerton and Dolphinton - 01","","","","","","","","","","","","",0,0,0,0,0,10
http://statistics.gov.scot/id/statistical-geography/S01012575,"Biggar, Symington, Thankerton and Dolphinton - 02","","","","","","","","","","","","",0,0,0,0,0,0.00
http://statistics.gov.scot/id/statistical-geography/S01012576,"Biggar, Symington, Thankerton and Dolphinton - 03","","","","","","","","","","","","",25,28.57,25,20,12.5,16.67
http://statistics.gov.scot/id/statistical-geography/S01012577,"Biggar, Symington, Thankerton and Dolphinton - 04","","","","","","","","","","","","",0,0,0,11.11,11.11,8.33
http://statistics.gov.scot/id/statistical-geography/S01012578,"Biggar, Symington, Thankerton and Dolphinton - 05","","","","","","","","","","","","",0,0,0,0,0,0.00
http://statistics.gov.scot/id/statistical-geography/S01012579,"Biggar, Symington, Thankerton and Dolphinton - 06","","","","","","","","","","","","",0,0,0,0,0,0.00
http://statistics.gov.scot/id/statistical-geography/S01012580,"Biggar, Symington, Thankerton and Dolphinton - 07","","","","","","","","","","","","",0,0,0,0,0,0.00
http://statistics.gov.scot/id/statistical-geography/S01008712,"Bingham, Magdalene and The Christians - 01","","","","","","","","","","","","",14.29,44.44,25,25,18.18,28.57
http://statistics.gov.scot/id/statistical-geography/S01008713,"Bingham, Magdalene and The Christians - 02","","","","","","","","","","","","",14.29,37.5,35.71,23.08,18.18,0.00
http://statistics.gov.scot/id/statistical-geography/S01008714,"Bingham, Magdalene and The Christians - 03","","","","","","","","","","","","",0,0,12.5,12.5,12.5,0.00
http://statistics.gov.scot/id/statistical-geography/S01008715,"Bingham, Magdalene and The Christians - 04","","","","","","","","","","","","",0,0,0,0,0,0.00
http://statistics.gov.scot/id/statistical-geography/S01008716,"Bingham, Magdalene and The Christians - 05","","","","","","","","","","","","",0,20,40,33.33,33.33,40
http://statistics.gov.scot/id/statistical-geography/S01012324,Birgham and Ladykirk Area,"","","","","","","","","","","","",33.33,60,33.33,33.33,0,0.00
http://statistics.gov.scot/id/statistical-geography/S01011546,Birkenshaw - 01,"","","","","","","","","","","","",5,0,0,12.5,0,0.00
http://statistics.gov.scot/id/statistical-geography/S01011547,Birkenshaw - 02,"","","","","","","","","","","","",0,0,0,0,0,0.00
http://statistics.gov.scot/id/statistical-geography/S01011548,Birkenshaw - 03,"","","","","","","","","","","","",18.18,0,0,0,14.29,9.09
http://statistics.gov.scot/id/statistical-geography/S01011549,Birkenshaw - 04,"","","","","","","","","","","","",0,0,0,0,0,0.00
http://statistics.gov.scot/id/statistical-geography/S01011550,Birkenshaw - 05,"","","","","","","","","","","","",10,14.29,0,0,0,0.00
http://statistics.gov.scot/id/statistical-geography/S01011551,Birkenshaw - 06,"","","","","","","","","","","","",0,0,0,0,0,0.00
http://statistics.gov.scot/id/statistical-geography/S01011552,Birkenshaw - 07,"","","","","","","","","","","","",0,0,0,0,12.5,14.29
http://statistics.gov.scot/id/statistical-geography/S01012995,"Birniehill, Kelvin and Whitehills East - 01","","","","","","","","","","","","",0,0,9.09,10,9.09,0.00
http://statistics.gov.scot/id/statistical-geography/S01012996,"Birniehill, Kelvin and Whitehills East - 02","","","","","","","","","","","","",8.33,9.09,8.33,11.11,9.09,8.33
http://statistics.gov.scot/id/statistical-geography/S01012997,"Birniehill, Kelvin and Whitehills East - 03","","","","","","","","","","","","",0,0,0,0,0,0.00
http://statistics.gov.scot/id/statistical-geography/S01012998,"Birniehill, Kelvin and Whitehills East - 04","","","","","","","","","","","","",16.67,13.33,0,10,8.33,13.33
http://statistics.gov.scot/id/statistical-geography/S01012999,"Birniehill, Kelvin and Whitehills East - 05","","","","","","","","","","","","",20,0,0,0,0,0.00
http://statistics.gov.scot/id/statistical-geography/S01013000,"Birniehill, Kelvin and Whitehills East - 06","","","","","","","","","","","","",0,0,12.5,9.09,12.5,0.00
http://statistics.gov.scot/id/statistical-geography/S01008087,Bishopbriggs North and Kenmure - 01,"","","","","","","","","","","","",0,0,0,0,0,0.00
http://statistics.gov.scot/id/statistical-geography/S01008088,Bishopbriggs North and Kenmure - 02,"","","","","","","","","","","","",0,0,0,0,0,0.00
http://statistics.gov.scot/id/statistical-geography/S01008089,Bishopbriggs North and Kenmure - 03,"","","","","","","","","","","","",0,0,0,0,0,0.00
http://statistics.gov.scot/id/statistical-geography/S01008090,Bishopbriggs North and Kenmure - 04,"","","","","","","","","","","","",0,9.09,7.14,8.33,0,0.00
http://statistics.gov.scot/id/statistical-geography/S01008091,Bishopbriggs North and Kenmure - 05,"","","","","","","","","","","","",0,0,0,0,0,0.00
http://statistics.gov.scot/id/statistical-geography/S01008092,Bishopbriggs North and Kenmure - 06,"","","","","","","","","","","","",0,0,0,0,0,0.00
http://statistics.gov.scot/id/statistical-geography/S01008093,Bishopbriggs North and Kenmure - 07,"","","","","","","","","","","","",0,0,0,0,0,0.00
http://statistics.gov.scot/id/statistical-geography/S01008094,Bishopbriggs West and Cadder - 01,"","","","","","","","","","","","",0,0,0,0,0,0.00
http://statistics.gov.scot/id/statistical-geography/S01008095,Bishopbriggs West and Cadder - 02,"","","","","","","","","","","","",0,0,0,0,0,0.00
http://statistics.gov.scot/id/statistical-geography/S01008096,Bishopbriggs West and Cadder - 03,"","","","","","","","","","","","",0,0,0,0,0,0.00
http://statistics.gov.scot/id/statistical-geography/S01008097,Bishopbriggs West and Cadder - 04,"","","","","","","","","","","","",66.67,50,0,0,0,0.00
http://statistics.gov.scot/id/statistical-geography/S01008098,Bishopbriggs West and Cadder - 05,"","","","","","","","","","","","",0,0,0,0,7.69,9.09
http://statistics.gov.scot/id/statistical-geography/S01008099,Bishopbriggs West and Cadder - 06,"","","","","","","","","","","","",14.29,0,14.29,11.11,14.29,0.00
http://statistics.gov.scot/id/statistical-geography/S01008100,Bishopbriggs West and Cadder - 07,"","","","","","","","","","","","",0,0,0,0,0,0.00
http://statistics.gov.scot/id/statistical-geography/S01008101,Bishopbriggs West and Cadder - 08,"","","","","","","","","","","","",11.76,7.14,0,0,0,0.00
http://statistics.gov.scot/id/statistical-geography/S01012211,Bishopton - 01,"","","","","","","","","","","","",0,0,0,0,0,0.00
http://statistics.gov.scot/id/statistical-geography/S01012212,Bishopton - 02,"","","","","","","","","","","","",0,0,0,0,0,0.00
http://statistics.gov.scot/id/statistical-geography/S01012213,Bishopton - 03,"","","","","","","","","","","","",0,0,0,0,0,0.00
http://statistics.gov.scot/id/statistical-geography/S01012214,Bishopton - 04,"","","","","","","","","","","","",0,0,0,0,0,0.00
http://statistics.gov.scot/id/statistical-geography/S01012215,Bishopton - 05,"","","","","","","","","","","","",0,0,14.29,20,11.11,0.00
http://statistics.gov.scot/id/statistical-geography/S01012216,Bishopton - 06,"","","","","","","","","","","","",12.5,12.5,0,0,0,0.00
http://statistics.gov.scot/id/statistical-geography/S01010727,Black Isle North - 01,"","","","","","","","","","","","",0,0,0,0,0,0.00
http://statistics.gov.scot/id/statistical-geography/S01010728,Black Isle North - 02,"","","","","","","","","","","","",0,0,0,0,0,0.00
http://statistics.gov.scot/id/statistical-geography/S01010729,Black Isle North - 03,"","","","","","","","","","","","",0,0,10,11.11,12.5,0.00
http://statistics.gov.scot/id/statistical-geography/S01010730,Black Isle North - 04,"","","","","","","","","","","","",0,0,0,8.33,28.57,40
http://statistics.gov.scot/id/statistical-geography/S01010731,Black Isle North - 05,"","","","","","","","","","","","",25,40,0,0,0,0.00
http://statistics.gov.scot/id/statistical-geography/S01010719,Black Isle South - 01,"","","","","","","","","","","","",0,0,0,11.11,16.67,25
http://statistics.gov.scot/id/statistical-geography/S01010720,Black Isle South - 02,"","","","","","","","","","","","",16.67,10,0,0,0,0.00
http://statistics.gov.scot/id/statistical-geography/S01010721,Black Isle South - 03,"","","","","","","","","","","","",14.29,14.29,0,0,0,14.29
http://statistics.gov.scot/id/statistical-geography/S01010722,Black Isle South - 04,"","","","","","","","","","","","",20,25,16.67,0,0,0.00
http://statistics.gov.scot/id/statistical-geography/S01010723,Black Isle South - 05,"","","","","","","","","","","","",0,0,0,0,0,0.00
http://statistics.gov.scot/id/statistical-geography/S01010724,Black Isle South - 06,"","","","","","","","","","","","",7.69,6.67,0,0,16.67,14.29
http://statistics.gov.scot/id/statistical-geography/S01010725,Black Isle South - 07,"","","","","","","","","","","","",0,0,0,0,0,0.00
http://statistics.gov.scot/id/statistical-geography/S01010726,Black Isle South - 08,"","","","","","","","","","","","",0,0,0,0,0,0.00
http://statistics.gov.scot/id/statistical-geography/S01006925,Blackburn - 01,"","","","","","","","","","","","",0,0,0,0,0,0.00
http://statistics.gov.scot/id/statistical-geography/S01013357,Blackburn - 01,"","","","","","","","","","","","",0,0,0,25,14.29,12.5
http://statistics.gov.scot/id/statistical-geography/S01006926,Blackburn - 02,"","","","","","","","","","","","",0,0,0,8.33,7.14,7.69
http://statistics.gov.scot/id/statistical-geography/S01013358,Blackburn - 02,"","","","","","","","","","","","",0,0,0,11.11,12.5,22.22
http://statistics.gov.scot/id/statistical-geography/S01006927,Blackburn - 03,"","","","","","","","","","","","",2.78,0,0,0,0,0.00
http://statistics.gov.scot/id/statistical-geography/S01013359,Blackburn - 03,"","","","","","","","","","","","",50,50,40,20,20,14.29
http://statistics.gov.scot/id/statistical-geography/S01006928,Blackburn - 04,"","","","","","","","","","","","",0,6.67,6.67,15.38,10,0.00
http://statistics.gov.scot/id/statistical-geography/S01013360,Blackburn - 04,"","","","","","","","","","","","",16.67,14.29,0,12.5,0,0.00
http://statistics.gov.scot/id/statistical-geography/S01013361,Blackburn - 05,"","","","","","","","","","","","",33.33,20,25,20,0,0.00
http://statistics.gov.scot/id/statistical-geography/S01013362,Blackburn - 06,"","","","","","","","","","","","",37.5,33.33,20,0,0,0.00
http://statistics.gov.scot/id/statistical-geography/S01013363,Blackburn - 07,"","","","","","","","","","","","",0,0,0,0,0,0.00
http://statistics.gov.scot/id/statistical-geography/S01009496,Blackcraigs and West Torbain,"","","","","","","","","","","","",16.67,12.5,8.33,10,12.5,0.00
http://statistics.gov.scot/id/statistical-geography/S01008587,"Blackford, West Mains and Mayfield Road - 01","","","","","","","","","","","","",12.5,0,0,0,0,0.00
http://statistics.gov.scot/id/statistical-geography/S01008588,"Blackford, West Mains and Mayfield Road - 02","","","","","","","","","","","","",0,0,14.29,12.5,12.5,0.00
http://statistics.gov.scot/id/statistical-geography/S01008589,"Blackford, West Mains and Mayfield Road - 03","","","","","","","","","","","","",0,0,0,0,"",0.00
http://statistics.gov.scot/id/statistical-geography/S01008590,"Blackford, West Mains and Mayfield Road - 04","","","","","","","","","","","","",0,0,0,0,0,0.00
http://statistics.gov.scot/id/statistical-geography/S01008591,"Blackford, West Mains and Mayfield Road - 05","","","","","","","","","","","","",0,0,0,0,0,0.00
http://statistics.gov.scot/id/statistical-geography/S01008592,"Blackford, West Mains and Mayfield Road - 06","","","","","","","","","","","","",11.11,0,0,0,0,0.00
http://statistics.gov.scot/id/statistical-geography/S01008593,"Blackford, West Mains and Mayfield Road - 07","","","","","","","","","","","","",0,0,0,0,0,0.00
http://statistics.gov.scot/id/statistical-geography/S01008594,"Blackford, West Mains and Mayfield Road - 08","","","","","","","","","","","","",0,0,0,0,0,0.00
http://statistics.gov.scot/id/statistical-geography/S01008892,Blackhall - 01,"","","","","","","","","","","","",12.5,0,0,0,16.67,14.29
http://statistics.gov.scot/id/statistical-geography/S01008893,Blackhall - 02,"","","","","","","","","","","","",0,0,0,0,0,0.00
http://statistics.gov.scot/id/statistical-geography/S01008894,Blackhall - 03,"","","","","","","","","","","","",0,0,0,0,0,0.00
http://statistics.gov.scot/id/statistical-geography/S01008895,Blackhall - 04,"","","","","","","","","","","","",0,0,0,0,0,0.00
http://statistics.gov.scot/id/statistical-geography/S01008896,Blackhall - 05,"","","","","","","","","","","","",0,0,0,0,"",""
http://statistics.gov.scot/id/statistical-geography/S01008897,Blackhall - 06,"","","","","","","","","","","","",0,0,0,0,0,0.00
http://statistics.gov.scot/id/statistical-geography/S01008898,Blackhall - 07,"","","","","","","","","","","","",0,0,0,0,0,0.00
http://statistics.gov.scot/id/statistical-geography/S01010179,Blackhill and Barmulloch East - 01,"","","","","","","","","","","","",20,0,0,0,0,10
http://statistics.gov.scot/id/statistical-geography/S01010180,Blackhill and Barmulloch East - 02,"","","","","","","","","","","","",0,0,0,0,0,7.14
http://statistics.gov.scot/id/statistical-geography/S01010181,Blackhill and Barmulloch East - 03,"","","","","","","","","","","","",13.33,12.5,33.33,0,0,0.00
http://statistics.gov.scot/id/statistical-geography/S01010182,Blackhill and Barmulloch East - 04,"","","","","","","","","","","","",7.69,11.11,0,0,0,0.00
http://statistics.gov.scot/id/statistical-geography/S01010183,Blackhill and Barmulloch East - 05,"","","","","","","","","","","","",0,0,0,0,0,0.00
http://statistics.gov.scot/id/statistical-geography/S01010184,Blackhill and Barmulloch East - 06,"","","","","","","","","","","","",6.25,8.33,0,0,11.11,10
http://statistics.gov.scot/id/statistical-geography/S01010185,Blackhill and Barmulloch East - 07,"","","","","","","","","","","","",9.09,16.67,16.67,10,0,0.00
http://statistics.gov.scot/id/statistical-geography/S01009258,"Blackness, Bo'ness - Carriden and Grahamsdyke - 01","","","","","","","","","","","","",0,16.67,10,10,0,0.00
http://statistics.gov.scot/id/statistical-geography/S01009259,"Blackness, Bo'ness - Carriden and Grahamsdyke - 02","","","","","","","","","","","","",9.09,0,0,0,0,0.00
http://statistics.gov.scot/id/statistical-geography/S01009260,"Blackness, Bo'ness - Carriden and Grahamsdyke - 03","","","","","","","","","","","","",8,4,0,0,0,0.00
http://statistics.gov.scot/id/statistical-geography/S01009261,"Blackness, Bo'ness - Carriden and Grahamsdyke - 04","","","","","","","","","","","","",23.81,7.69,6.67,0,0,0.00
http://statistics.gov.scot/id/statistical-geography/S01009262,"Blackness, Bo'ness - Carriden and Grahamsdyke - 05","","","","","","","","","","","","",21.43,23.08,15.79,13.33,20,33.33
http://statistics.gov.scot/id/statistical-geography/S01009263,"Blackness, Bo'ness - Carriden and Grahamsdyke - 06","","","","","","","","","","","","",9.52,3.7,0,0,0,0.00
http://statistics.gov.scot/id/statistical-geography/S01013429,"Blackridge, Westfield and Torphichen - 01","","","","","","","","","","","","",33.33,0,0,0,11.11,7.14
http://statistics.gov.scot/id/statistical-geography/S01013430,"Blackridge, Westfield and Torphichen - 02","","","","","","","","","","","","",0,0,0,0,0,0.00
http://statistics.gov.scot/id/statistical-geography/S01013431,"Blackridge, Westfield and Torphichen - 03","","","","","","","","","","","","",16.67,27.27,30,20,0,0.00
http://statistics.gov.scot/id/statistical-geography/S01013432,"Blackridge, Westfield and Torphichen - 04","","","","","","","","","","","","",0,0,0,0,0,0.00
http://statistics.gov.scot/id/statistical-geography/S01013433,"Blackridge, Westfield and Torphichen - 05","","","","","","","","","","","","",0,0,0,0,0,0.00
http://statistics.gov.scot/id/statistical-geography/S01013364,Blaeberry Hill and East Whitburn - 01,"","","","","","","","","","","","",20,14.29,11.11,0,0,12.5
http://statistics.gov.scot/id/statistical-geography/S01013365,Blaeberry Hill and East Whitburn - 02,"","","","","","","","","","","","",8.33,0,0,0,0,0.00
http://statistics.gov.scot/id/statistical-geography/S01013366,Blaeberry Hill and East Whitburn - 03,"","","","","","","","","","","","",0,0,0,0,0,0.00
http://statistics.gov.scot/id/statistical-geography/S01013367,Blaeberry Hill and East Whitburn - 04,"","","","","","","","","","","","",16.67,0,0,0,25,25
http://statistics.gov.scot/id/statistical-geography/S01013368,Blaeberry Hill and East Whitburn - 05,"","","","","","","","","","","","",33.33,25,25,0,0,0.00
http://statistics.gov.scot/id/statistical-geography/S01013369,Blaeberry Hill and East Whitburn - 06,"","","","","","","","","","","","",0,14.29,12.5,11.11,0,0.00
http://statistics.gov.scot/id/statistical-geography/S01013370,Blaeberry Hill and East Whitburn - 07,"","","","","","","","","","","","",11.11,0,0,0,0,0.00
http://statistics.gov.scot/id/statistical-geography/S01013371,Blaeberry Hill and East Whitburn - 08,"","","","","","","","","","","","",0,0,0,33.33,0,0.00
http://statistics.gov.scot/id/statistical-geography/S01012297,Blainslie and Legerwood,"","","","","","","","","","","","",0,0,0,0,0,0.00
http://statistics.gov.scot/id/statistical-geography/S01011979,"Blair Atholl, Strathardle and Glenshee - 01","","","","","","","","","","","","",10,20,25,33.33,25,0.00
http://statistics.gov.scot/id/statistical-geography/S01011980,"Blair Atholl, Strathardle and Glenshee - 02","","","","","","","","","","","","",0,0,0,0,0,0.00
http://statistics.gov.scot/id/statistical-geography/S01011981,"Blair Atholl, Strathardle and Glenshee - 03","","","","","","","","","","","","",14.29,14.29,0,0,0,0.00
http://statistics.gov.scot/id/statistical-geography/S01011982,"Blair Atholl, Strathardle and Glenshee - 04","","","","","","","","","","","","",11.11,7.69,0,0,0,0.00
http://statistics.gov.scot/id/statistical-geography/S01011983,"Blair Atholl, Strathardle and Glenshee - 05","","","","","","","","","","","","",0,0,0,0,0,0.00
http://statistics.gov.scot/id/statistical-geography/S01010478,Blairdardie East - 01,"","","","","","","","","","","","",8.7,8.7,4,0,0,0.00
http://statistics.gov.scot/id/statistical-geography/S01010479,Blairdardie East - 02,"","","","","","","","","","","","",11.11,9.09,10,8.33,15.38,14.29
http://statistics.gov.scot/id/statistical-geography/S01010480,Blairdardie East - 03,"","","","","","","","","","","","",28.57,16.67,16.67,0,12.5,16.67
http://statistics.gov.scot/id/statistical-geography/S01010481,Blairdardie East - 04,"","","","","","","","","","","","",0,0,33.33,33.33,50,16.67
http://statistics.gov.scot/id/statistical-geography/S01010482,Blairdardie East - 05,"","","","","","","","","","","","",0,0,0,0,0,9.09
http://statistics.gov.scot/id/statistical-geography/S01010483,Blairdardie East - 06,"","","","","","","","","","","","",0,5,10,9.52,4.76,5
http://statistics.gov.scot/id/statistical-geography/S01010484,Blairdardie East - 07,"","","","","","","","","","","","",14.29,0,0,0,0,9.09
http://statistics.gov.scot/id/statistical-geography/S01010485,Blairdardie West - 01,"","","","","","","","","","","","",18.18,8.33,15.38,7.69,13.33,16.67
http://statistics.gov.scot/id/statistical-geography/S01010486,Blairdardie West - 02,"","","","","","","","","","","","",12.5,14.29,0,0,0,0.00
http://statistics.gov.scot/id/statistical-geography/S01010487,Blairdardie West - 03,"","","","","","","","","","","","",11.11,0,0,0,0,0.00
http://statistics.gov.scot/id/statistical-geography/S01011984,Blairgowrie East (Rattray) - 01,"","","","","","","","","","","","",20,20,14.29,25,28.57,25
http://statistics.gov.scot/id/statistical-geography/S01011985,Blairgowrie East (Rattray) - 02,"","","","","","","","","","","","",50,50,25,0,0,0.00
http://statistics.gov.scot/id/statistical-geography/S01011986,Blairgowrie East (Rattray) - 03,"","","","","","","","","","","","",0,0,9.09,20,22.22,14.29
http://statistics.gov.scot/id/statistical-geography/S01011987,Blairgowrie East (Rattray) - 04,"","","","","","","","","","","","",8.33,6.67,15.38,7.14,8.33,0.00
http://statistics.gov.scot/id/statistical-geography/S01011988,Blairgowrie West - 01,"","","","","","","","","","","","",0,0,0,0,0,0.00
http://statistics.gov.scot/id/statistical-geography/S01011989,Blairgowrie West - 02,"","","","","","","","","","","","",11.11,10,0,0,0,16.67
http://statistics.gov.scot/id/statistical-geography/S01011990,Blairgowrie West - 03,"","","","","","","","","","","","",0,0,0,0,0,0.00
http://statistics.gov.scot/id/statistical-geography/S01011991,Blairgowrie West - 04,"","","","","","","","","","","","",0,0,0,0,0,0.00
http://statistics.gov.scot/id/statistical-geography/S01011992,Blairgowrie West - 05,"","","","","","","","","","","","",18.18,0,0,0,0,0.00
http://statistics.gov.scot/id/statistical-geography/S01011993,Blairgowrie West - 06,"","","","","","","","","","","","",5.56,4.35,4.76,0,0,0.00
http://statistics.gov.scot/id/statistical-geography/S01011994,Blairgowrie West - 07,"","","","","","","","","","","","",0,0,0,0,0,0.00
http://statistics.gov.scot/id/statistical-geography/S01009268,Blairhall and Landward,"","","","","","","","","","","","",12.5,18.18,12.5,7.69,6.67,0.00
http://statistics.gov.scot/id/statistical-geography/S01013001,Blane Valley - 01,"","","","","","","","","","","","",0,0,0,0,0,0.00
http://statistics.gov.scot/id/statistical-geography/S01013002,Blane Valley - 02,"","","","","","","","","","","","",0,0,0,0,0,0.00
http://statistics.gov.scot/id/statistical-geography/S01013003,Blane Valley - 03,"","","","","","","","","","","","",0,0,0,0,0,0.00
http://statistics.gov.scot/id/statistical-geography/S01013004,Blane Valley - 04,"","","","","","","","","","","","",0,0,0,0,0,0.00
http://statistics.gov.scot/id/statistical-geography/S01013005,Blane Valley - 05,"","","","","","","","","","","","",0,0,0,0,0,0.00
http://statistics.gov.scot/id/statistical-geography/S01013006,Blane Valley - 06,"","","","","","","","","","","","",0,10,11.11,10,0,0.00
http://statistics.gov.scot/id/statistical-geography/S01013007,Blane Valley - 07,"","","","","","","","","","","","",0,0,0,0,0,0.00
http://statistics.gov.scot/id/statistical-geography/S01013008,Blane Valley - 08,"","","","","","","","","","","","",10,0,0,0,0,0.00
http://statistics.gov.scot/id/statistical-geography/S01012759,Blantyre South and Wheatlands - 01,"","","","","","","","","","","","",6.67,7.14,9.09,18.18,16.67,14.29
http://statistics.gov.scot/id/statistical-geography/S01012760,Blantyre South and Wheatlands - 02,"","","","","","","","","","","","",0,0,0,0,0,9.09
http://statistics.gov.scot/id/statistical-geography/S01012761,Blantyre South and Wheatlands - 03,"","","","","","","","","","","","",13.33,10.53,7.69,12.5,9.09,11.76
http://statistics.gov.scot/id/statistical-geography/S01012762,Blantyre South and Wheatlands - 04,"","","","","","","","","","","","",0,0,8.33,14.29,16.67,0.00
http://statistics.gov.scot/id/statistical-geography/S01012763,Blantyre South and Wheatlands - 05,"","","","","","","","","","","","",0,0,0,0,0,0.00
http://statistics.gov.scot/id/statistical-geography/S01012764,Blantyre South and Wheatlands - 06,"","","","","","","","","","","","",12.5,13.33,20,16.67,40,28.57
http://statistics.gov.scot/id/statistical-geography/S01012770,Blantytre North and Coatshill - 01,"","","","","","","","","","","","",7.14,8.33,7.14,6.67,6.67,9.09
http://statistics.gov.scot/id/statistical-geography/S01012771,Blantytre North and Coatshill - 02,"","","","","","","","","","","","",0,11.11,9.09,11.11,0,14.29
http://statistics.gov.scot/id/statistical-geography/S01012772,Blantytre North and Coatshill - 03,"","","","","","","","","","","","",27.27,16.67,8.33,10,16.67,0.00
http://statistics.gov.scot/id/statistical-geography/S01012773,Blantytre North and Coatshill - 04,"","","","","","","","","","","","",18.18,10,0,9.09,7.69,11.11
http://statistics.gov.scot/id/statistical-geography/S01009243,Bo'ness - Douglas - 01,"","","","","","","","","","","","",0,0,14.29,13.33,13.33,0.00
http://statistics.gov.scot/id/statistical-geography/S01009244,Bo'ness - Douglas - 02,"","","","","","","","","","","","",0,0,0,0,0,0.00
http://statistics.gov.scot/id/statistical-geography/S01009245,Bo'ness - Douglas - 03,"","","","","","","","","","","","",0,7.69,9.09,12.5,0,0.00
http://statistics.gov.scot/id/statistical-geography/S01009246,Bo'ness - Douglas - 04,"","","","","","","","","","","","",7.14,12.5,13.33,8.33,0,0.00
http://statistics.gov.scot/id/statistical-geography/S01009247,Bo'ness - Douglas - 05,"","","","","","","","","","","","",5.26,10.53,11.11,11.76,6.67,6.25
http://statistics.gov.scot/id/statistical-geography/S01009253,Bo'ness - Kinneil - 01,"","","","","","","","","","","","",50,0,0,0,0,0.00
http://statistics.gov.scot/id/statistical-geography/S01009254,Bo'ness - Kinneil - 02,"","","","","","","","","","","","",15.79,16.67,23.53,8.33,7.14,0.00
http://statistics.gov.scot/id/statistical-geography/S01009255,Bo'ness - Kinneil - 03,"","","","","","","","","","","","",12.5,8.33,16.67,23.08,25,12.5
http://statistics.gov.scot/id/statistical-geography/S01009256,Bo'ness - Kinneil - 04,"","","","","","","","","","","","",0,0,0,0,0,0.00
http://statistics.gov.scot/id/statistical-geography/S01009257,Bo'ness - Kinneil - 05,"","","","","","","","","","","","",20,10,0,0,0,0.00
http://statistics.gov.scot/id/statistical-geography/S01009248,Bo'ness - Newtown - 01,"","","","","","","","","","","","",0,0,0,0,0,0.00
http://statistics.gov.scot/id/statistical-geography/S01009249,Bo'ness - Newtown - 02,"","","","","","","","","","","","",0,0,9.09,8.33,14.29,8.33
http://statistics.gov.scot/id/statistical-geography/S01009250,Bo'ness - Newtown - 03,"","","","","","","","","","","","",0,0,0,0,0,0.00
http://statistics.gov.scot/id/statistical-geography/S01009251,Bo'ness - Newtown - 04,"","","","","","","","","","","","",33.33,50,0,0,0,0.00
http://statistics.gov.scot/id/statistical-geography/S01009252,Bo'ness - Newtown - 05,"","","","","","","","","","","","",0,0,0,0,0,0.00
http://statistics.gov.scot/id/statistical-geography/S01009715,Boarhills and Kingsbarns,"","","","","","","","","","","","",0,0,0,0,0,0.00
http://statistics.gov.scot/id/statistical-geography/S01008438,Bonaly and The Pentlands - 01,"","","","","","","","","","","","",0,0,0,0,0,0.00
http://statistics.gov.scot/id/statistical-geography/S01008439,Bonaly and The Pentlands - 02,"","","","","","","","","","","","",0,0,0,0,0,0.00
http://statistics.gov.scot/id/statistical-geography/S01008440,Bonaly and The Pentlands - 03,"","","","","","","","","","","","",0,0,0,0,0,0.00
http://statistics.gov.scot/id/statistical-geography/S01008441,Bonaly and The Pentlands - 04,"","","","","","","","","","","","","",0,0,0,0,0.00
http://statistics.gov.scot/id/statistical-geography/S01008442,Bonaly and The Pentlands - 05,"","","","","","","","","","","","",0,0,0,0,0,0.00
http://statistics.gov.scot/id/statistical-geography/S01008443,Bonaly and The Pentlands - 06,"","","","","","","","","","","","",0,0,"",0,0,0.00
http://statistics.gov.scot/id/statistical-geography/S01012358,Bonchester Bridge and Chesters Area,"","","","","","","","","","","","",20,0,0,0,0,0.00
http://statistics.gov.scot/id/statistical-geography/S01008817,Bonnington - 01,"","","","","","","","","","","","",0,0,0,0,0,0.00
http://statistics.gov.scot/id/statistical-geography/S01008818,Bonnington - 02,"","","","","","","","","","","","",0,0,0,0,0,0.00
http://statistics.gov.scot/id/statistical-geography/S01008819,Bonnington - 03,"","","","","","","","","","","","",7.14,8.33,8.33,0,0,0.00
http://statistics.gov.scot/id/statistical-geography/S01008820,Bonnington - 04,"","","","","","","","","","","","",0,0,0,0,0,0.00
http://statistics.gov.scot/id/statistical-geography/S01009661,Bonnybank and Montrave,"","","","","","","","","","","","",14.29,16.67,12.5,0,0,0.00
http://statistics.gov.scot/id/statistical-geography/S01009077,Bonnybridge - 01,"","","","","","","","","","","","",16.67,11.11,0,0,10,11.11
http://statistics.gov.scot/id/statistical-geography/S01009078,Bonnybridge - 02,"","","","","","","","","","","","",0,0,14.29,9.09,10,0.00
http://statistics.gov.scot/id/statistical-geography/S01009079,Bonnybridge - 03,"","","","","","","","","","","","",14.29,0,0,0,0,0.00
http://statistics.gov.scot/id/statistical-geography/S01009080,Bonnybridge - 04,"","","","","","","","","","","","",33.33,20,8.33,0,0,12.5
http://statistics.gov.scot/id/statistical-geography/S01009081,Bonnybridge - 05,"","","","","","","","","","","","",10,0,0,0,0,0.00
http://statistics.gov.scot/id/statistical-geography/S01009082,Bonnybridge - 06,"","","","","","","","","","","","",22.22,14.29,7.69,13.33,14.29,6.25
http://statistics.gov.scot/id/statistical-geography/S01010978,Bonnyrigg North - 01,"","","","","","","","","","","","",0,0,16.67,20,20,0.00
http://statistics.gov.scot/id/statistical-geography/S01010979,Bonnyrigg North - 02,"","","","","","","","","","","","",16.67,20,25,25,25,33.33
http://statistics.gov.scot/id/statistical-geography/S01010980,Bonnyrigg North - 03,"","","","","","","","","","","","",0,0,16.67,0,25,14.29
http://statistics.gov.scot/id/statistical-geography/S01010981,Bonnyrigg North - 04,"","","","","","","","","","","","",0,0,0,0,0,0.00
http://statistics.gov.scot/id/statistical-geography/S01010982,Bonnyrigg North - 05,"","","","","","","","","","","","",0,0,0,0,0,0.00
http://statistics.gov.scot/id/statistical-geography/S01010983,Bonnyrigg North - 06,"","","","","","","","","","","","",0,0,16.67,14.29,14.29,0.00
http://statistics.gov.scot/id/statistical-geography/S01010984,Bonnyrigg North - 07,"","","","","","","","","","","","",25,33.33,33.33,0,0,0.00
http://statistics.gov.scot/id/statistical-geography/S01010971,Bonnyrigg South - 01,"","","","","","","","","","","","",0,0,20,25,12.5,0.00
http://statistics.gov.scot/id/statistical-geography/S01010972,Bonnyrigg South - 02,"","","","","","","","","","","","",50,42.86,42.86,11.11,0,0.00
http://statistics.gov.scot/id/statistical-geography/S01010973,Bonnyrigg South - 03,"","","","","","","","","","","","",0,0,0,0,0,0.00
http://statistics.gov.scot/id/statistical-geography/S01010974,Bonnyrigg South - 04,"","","","","","","","","","","","",37.5,50,0,0,0,14.29
http://statistics.gov.scot/id/statistical-geography/S01010975,Bonnyrigg South - 05,"","","","","","","","","","","","",0,0,0,33.33,33.33,22.22
http://statistics.gov.scot/id/statistical-geography/S01010976,Bonnyrigg South - 06,"","","","","","","","","","","","",0,0,0,0,0,0.00
http://statistics.gov.scot/id/statistical-geography/S01010977,Bonnyrigg South - 07,"","","","","","","","","","","","",40,0,0,0,0,0.00
http://statistics.gov.scot/id/statistical-geography/S01008012,Bonnyton and Town Centre - 01,"","","","","","","","","","","","",5.26,4.76,0,0,7.14,7.69
http://statistics.gov.scot/id/statistical-geography/S01008013,Bonnyton and Town Centre - 02,"","","","","","","","","","","","",0,0,0,0,0,0.00
http://statistics.gov.scot/id/statistical-geography/S01008014,Bonnyton and Town Centre - 03,"","","","","","","","","","","","",0,0,0,0,0,0.00
http://statistics.gov.scot/id/statistical-geography/S01008015,Bonnyton and Town Centre - 04,"","","","","","","","","","","","",9.52,18.52,15.38,18.18,0,6.25
http://statistics.gov.scot/id/statistical-geography/S01008016,Bonnyton and Town Centre - 05,"","","","","","","","","","","","",13.64,15,11.76,6.25,12.5,9.09
http://statistics.gov.scot/id/statistical-geography/S01013054,Borestone - 01,"","","","","","","","","","","","",0,0,0,0,0,0.00
http://statistics.gov.scot/id/statistical-geography/S01013055,Borestone - 02,"","","","","","","","","","","","",21.43,14.29,7.69,5.88,5.56,5.56
http://statistics.gov.scot/id/statistical-geography/S01013056,Borestone - 03,"","","","","","","","","","","","",0,0,4.35,5,4.76,0.00
http://statistics.gov.scot/id/statistical-geography/S01013057,Borestone - 04,"","","","","","","","","","","","",27.27,37.5,45.45,57.14,20,0.00
http://statistics.gov.scot/id/statistical-geography/S01013058,Borestone - 05,"","","","","","","","","","","","",0,9.09,7.69,7.14,12.5,14.29
http://statistics.gov.scot/id/statistical-geography/S01008909,Boswall and Pilton - 01,"","","","","","","","","","","","",0,0,0,0,25,23.08
http://statistics.gov.scot/id/statistical-geography/S01008910,Boswall and Pilton - 02,"","","","","","","","","","","","",0,0,0,0,0,0.00
http://statistics.gov.scot/id/statistical-geography/S01008911,Boswall and Pilton - 03,"","","","","","","","","","","","",9.09,7.69,5,0,0,0.00
http://statistics.gov.scot/id/statistical-geography/S01008912,Boswall and Pilton - 04,"","","","","","","","","","","","",14.29,0,0,0,0,0.00
http://statistics.gov.scot/id/statistical-geography/S01008913,Boswall and Pilton - 05,"","","","","","","","","","","","",14.29,12.5,20,0,0,8.33
http://statistics.gov.scot/id/statistical-geography/S01008914,Boswall and Pilton - 06,"","","","","","","","","","","","",0,0,0,0,0,0.00
http://statistics.gov.scot/id/statistical-geography/S01008915,Boswall and Pilton - 07,"","","","","","","","","","","","",33.33,0,0,0,0,0.00
http://statistics.gov.scot/id/statistical-geography/S01012803,Bothwell North - 01,"","","","","","","","","","","","",0,0,0,0,0,0.00
http://statistics.gov.scot/id/statistical-geography/S01012804,Bothwell North - 02,"","","","","","","","","","","","",7.14,8.33,8.33,11.11,12.5,11.11
http://statistics.gov.scot/id/statistical-geography/S01012805,Bothwell North - 03,"","","","","","","","","","","","",33.33,21.05,11.11,0,0,0.00
http://statistics.gov.scot/id/statistical-geography/S01012806,Bothwell North - 04,"","","","","","","","","","","","",0,0,0,25,16.67,10
http://statistics.gov.scot/id/statistical-geography/S01012798,Bothwell South - 01,"","","","","","","","","","","","",33.33,0,0,0,0,0.00
http://statistics.gov.scot/id/statistical-geography/S01012799,Bothwell South - 02,"","","","","","","","","","","","",0,0,0,0,0,0.00
http://statistics.gov.scot/id/statistical-geography/S01012800,Bothwell South - 03,"","","","","","","","","","","","",0,0,0,0,0,0.00
http://statistics.gov.scot/id/statistical-geography/S01012801,Bothwell South - 04,"","","","","","","","","","","","",0,0,0,0,0,0.00
http://statistics.gov.scot/id/statistical-geography/S01012802,Bothwell South - 05,"","","","","","","","","","","","",0,0,0,0,0,0.00
http://statistics.gov.scot/id/statistical-geography/S01010878,"Bow Farm, Barrs Cottage, Cowdenknowes and Overton - 01","","","","","","","","","","","","",18.18,23.08,16.67,9.09,0,9.09
http://statistics.gov.scot/id/statistical-geography/S01010879,"Bow Farm, Barrs Cottage, Cowdenknowes and Overton - 02","","","","","","","","","","","","",14.29,0,0,0,0,0.00
http://statistics.gov.scot/id/statistical-geography/S01010880,"Bow Farm, Barrs Cottage, Cowdenknowes and Overton - 03","","","","","","","","","","","","",11.11,9.09,7.14,7.14,7.14,8.33
http://statistics.gov.scot/id/statistical-geography/S01010881,"Bow Farm, Barrs Cottage, Cowdenknowes and Overton - 04","","","","","","","","","","","","",0,0,0,0,0,0.00
http://statistics.gov.scot/id/statistical-geography/S01010882,"Bow Farm, Barrs Cottage, Cowdenknowes and Overton - 05","","","","","","","","","","","","",14.29,16.67,33.33,0,0,0.00
http://statistics.gov.scot/id/statistical-geography/S01010883,"Bow Farm, Barrs Cottage, Cowdenknowes and Overton - 06","","","","","","","","","","","","",0,0,0,0,0,0.00
http://statistics.gov.scot/id/statistical-geography/S01009684,Bow of Fife Tarvit and Balgarvie,"","","","","","","","","","","","",10,14.29,11.11,11.11,10,0.00
http://statistics.gov.scot/id/statistical-geography/S01012377,Bowden and Lindean Area,"","","","","","","","","","","","",0,0,0,0,0,0.00
http://statistics.gov.scot/id/statistical-geography/S01009441,Bowhill East,"","","","","","","","","","","","",15.38,10,18.18,18.18,9.09,0.00
http://statistics.gov.scot/id/statistical-geography/S01009440,Bowhill West,"","","","","","","","","","","","",33.33,33.33,22.22,12.5,33.33,37.5
http://statistics.gov.scot/id/statistical-geography/S01009437,Bowhill and Dundonald,"","","","","","","","","","","","",38.46,27.27,25,0,25,11.11
http://statistics.gov.scot/id/statistical-geography/S01013064,Braehead - 01,"","","","","","","","","","","","",5.26,0,0,0,0,7.14
http://statistics.gov.scot/id/statistical-geography/S01013065,Braehead - 02,"","","","","","","","","","","","",20,17.86,14.29,5.56,0,0.00
http://statistics.gov.scot/id/statistical-geography/S01013066,Braehead - 03,"","","","","","","","","","","","",11.11,25,28.57,30,16.67,13.33
http://statistics.gov.scot/id/statistical-geography/S01009526,Braehead and the Path,"","","","","","","","","","","","",0,5.56,6.25,7.14,0,0.00
http://statistics.gov.scot/id/statistical-geography/S01009184,Braes Villages - 01,"","","","","","","","","","","","",28.57,14.29,11.11,0,0,0.00
http://statistics.gov.scot/id/statistical-geography/S01009185,Braes Villages - 02,"","","","","","","","","","","","",16.67,0,0,0,0,0.00
http://statistics.gov.scot/id/statistical-geography/S01009186,Braes Villages - 03,"","","","","","","","","","","","",14.29,16.67,11.11,33.33,23.08,15.38
http://statistics.gov.scot/id/statistical-geography/S01009187,Braes Villages - 04,"","","","","","","","","","","","",20,12.5,0,0,0,0.00
http://statistics.gov.scot/id/statistical-geography/S01009188,Braes Villages - 05,"","","","","","","","","","","","",12.5,16.67,11.11,0,15.38,12.5
http://statistics.gov.scot/id/statistical-geography/S01009189,Braes Villages - 06,"","","","","","","","","","","","",18.18,14.29,9.09,0,0,12.5
http://statistics.gov.scot/id/statistical-geography/S01010848,"Braeside, Branchton, Lower Larkfield and Ravenscraig - 01","","","","","","","","","","","","",36.36,16.67,8.33,10,10,9.09
http://statistics.gov.scot/id/statistical-geography/S01010849,"Braeside, Branchton, Lower Larkfield and Ravenscraig - 02","","","","","","","","","","","","",17.65,17.65,21.43,23.08,22.22,12.5
http://statistics.gov.scot/id/statistical-geography/S01010850,"Braeside, Branchton, Lower Larkfield and Ravenscraig - 03","","","","","","","","","","","","",22.22,16.67,25,37.5,37.5,14.29
http://statistics.gov.scot/id/statistical-geography/S01010851,"Braeside, Branchton, Lower Larkfield and Ravenscraig - 04","","","","","","","","","","","","",25,8.33,12.5,0,0,0.00
http://statistics.gov.scot/id/statistical-geography/S01010852,"Braeside, Branchton, Lower Larkfield and Ravenscraig - 05","","","","","","","","","","","","",33.33,50,50,25,0,0.00
http://statistics.gov.scot/id/statistical-geography/S01010853,"Braeside, Branchton, Lower Larkfield and Ravenscraig - 06","","","","","","","","","","","","",16.67,0,0,0,8.33,11.11
http://statistics.gov.scot/id/statistical-geography/S01010854,"Braeside, Branchton, Lower Larkfield and Ravenscraig - 07","","","","","","","","","","","","",9.09,8.33,0,11.11,11.11,22.22
http://statistics.gov.scot/id/statistical-geography/S01010855,"Braeside, Branchton, Lower Larkfield and Ravenscraig - 08","","","","","","","","","","","","",16.67,14.29,0,0,0,9.09
http://statistics.gov.scot/id/statistical-geography/S01006532,"Braeside, Mannofield, Broomhill and Seafield East - 01","","","","","","","","","","","","",0,0,0,0,0,0.00
http://statistics.gov.scot/id/statistical-geography/S01006533,"Braeside, Mannofield, Broomhill and Seafield East - 02","","","","","","","","","","","","",0,0,0,0,0,0.00
http://statistics.gov.scot/id/statistical-geography/S01006534,"Braeside, Mannofield, Broomhill and Seafield East - 03","","","","","","","","","","","","",0,0,0,4.35,5,8.33
http://statistics.gov.scot/id/statistical-geography/S01006535,"Braeside, Mannofield, Broomhill and Seafield East - 04","","","","","","","","","","","","",4.17,4.55,0,0,0,0.00
http://statistics.gov.scot/id/statistical-geography/S01006536,"Braeside, Mannofield, Broomhill and Seafield East - 05","","","","","","","","","","","","",0,0,0,0,10,6.67
http://statistics.gov.scot/id/statistical-geography/S01006542,"Braeside, Mannofield, Broomhill and Seafield North - 01","","","","","","","","","","","","",0,0,0,0,0,0.00
http://statistics.gov.scot/id/statistical-geography/S01006543,"Braeside, Mannofield, Broomhill and Seafield North - 02","","","","","","","","","","","","",0,0,0,0,0,0.00
http://statistics.gov.scot/id/statistical-geography/S01006544,"Braeside, Mannofield, Broomhill and Seafield North - 03","","","","","","","","","","","","",0,0,0,0,0,0.00
http://statistics.gov.scot/id/statistical-geography/S01006545,"Braeside, Mannofield, Broomhill and Seafield North - 04","","","","","","","","","","","","",0,0,0,0,0,0.00
http://statistics.gov.scot/id/statistical-geography/S01006546,"Braeside, Mannofield, Broomhill and Seafield North - 05","","","","","","","","","","","","",0,0,0,0,0,0.00
http://statistics.gov.scot/id/statistical-geography/S01006537,"Braeside, Mannofield, Broomhill and Seafield South - 01","","","","","","","","","","","","",16.67,11.11,0,0,0,0.00
http://statistics.gov.scot/id/statistical-geography/S01006538,"Braeside, Mannofield, Broomhill and Seafield South - 02","","","","","","","","","","","","",0,0,0,0,0,0.00
http://statistics.gov.scot/id/statistical-geography/S01006539,"Braeside, Mannofield, Broomhill and Seafield South - 03","","","","","","","","","","","","",0,0,0,0,0,0.00
http://statistics.gov.scot/id/statistical-geography/S01006540,"Braeside, Mannofield, Broomhill and Seafield South - 04","","","","","","","","","","","","",0,0,0,0,0,0.00
http://statistics.gov.scot/id/statistical-geography/S01006541,"Braeside, Mannofield, Broomhill and Seafield South - 05","","","","","","","","","","","","",9.09,9.09,7.69,0,0,0.00
http://statistics.gov.scot/id/statistical-geography/S01010061,Braidfauld - 01,"","","","","","","","","","","","",0,0,6.67,8.33,8.33,0.00
http://statistics.gov.scot/id/statistical-geography/S01010062,Braidfauld - 02,"","","","","","","","","","","","",10,5.56,11.11,13.33,11.11,6.67
http://statistics.gov.scot/id/statistical-geography/S01010063,Braidfauld - 03,"","","","","","","","","","","","",18.18,13.33,14.29,0,0,0.00
http://statistics.gov.scot/id/statistical-geography/S01010064,Braidfauld - 04,"","","","","","","","","","","","",25,0,0,0,0,0.00
http://statistics.gov.scot/id/statistical-geography/S01010065,Braidfauld - 05,"","","","","","","","","","","","",26.67,28.57,16.67,14.29,10.53,16.67
http://statistics.gov.scot/id/statistical-geography/S01010066,Braidfauld - 06,"","","","","","","","","","","","",15.79,11.11,7.69,15.38,12.5,18.75
http://statistics.gov.scot/id/statistical-geography/S01010067,Braidfauld - 07,"","","","","","","","","","","","",23.08,18.75,6.25,6.25,8.33,20
http://statistics.gov.scot/id/statistical-geography/S01010068,Braidfauld - 08,"","","","","","","","","","","","",3.85,2.7,5.26,2.13,2.17,0.00
http://statistics.gov.scot/id/statistical-geography/S01007230,Brechin East - 01,"","","","","","","","","","","","",27.27,23.53,25,26.32,11.76,18.75
http://statistics.gov.scot/id/statistical-geography/S01007231,Brechin East - 02,"","","","","","","","","","","","",22.22,16.67,10,9.09,8.33,18.18
http://statistics.gov.scot/id/statistical-geography/S01007232,Brechin East - 03,"","","","","","","","","","","","",38.89,41.67,33.33,22.22,18.18,18.18
http://statistics.gov.scot/id/statistical-geography/S01007233,Brechin East - 04,"","","","","","","","","","","","",10,0,0,0,16.67,20
http://statistics.gov.scot/id/statistical-geography/S01007234,Brechin East - 05,"","","","","","","","","","","","",0,0,0,20,25,20
http://statistics.gov.scot/id/statistical-geography/S01007235,Brechin West - 01,"","","","","","","","","","","","",10,23.53,27.78,25,10,7.69
http://statistics.gov.scot/id/statistical-geography/S01007236,Brechin West - 02,"","","","","","","","","","","","",8.33,7.14,5.88,15.38,21.43,22.22
http://statistics.gov.scot/id/statistical-geography/S01007237,Brechin West - 03,"","","","","","","","","","","","",0,0,0,0,0,0.00
http://statistics.gov.scot/id/statistical-geography/S01007238,Brechin West - 04,"","","","","","","","","","","","",42.86,25,33.33,16.67,10,0.00
http://statistics.gov.scot/id/statistical-geography/S01007239,Brechin West - 05,"","","","","","","","","","","","",9.09,15.38,18.18,22.22,14.29,0.00
http://statistics.gov.scot/id/statistical-geography/S01013250,Breich Valley - 01,"","","","","","","","","","","","",14.29,20,20,0,0,11.11
http://statistics.gov.scot/id/statistical-geography/S01013251,Breich Valley - 02,"","","","","","","","","","","","",66.67,20,40,28.57,14.29,16.67
http://statistics.gov.scot/id/statistical-geography/S01013252,Breich Valley - 03,"","","","","","","","","","","","",0,0,0,0,0,0.00
http://statistics.gov.scot/id/statistical-geography/S01013253,Breich Valley - 04,"","","","","","","","","","","","",0,0,25,28.57,25,12.5
http://statistics.gov.scot/id/statistical-geography/S01013254,Breich Valley - 05,"","","","","","","","","","","","",28.57,20,0,0,0,0.00
http://statistics.gov.scot/id/statistical-geography/S01013255,Breich Valley - 06,"","","","","","","","","","","","",25,33.33,0,0,0,0.00
http://statistics.gov.scot/id/statistical-geography/S01013083,Bridge of Allan and University - 01,"","","","","","","","","","","","",0,0,0,0,0,0.00
http://statistics.gov.scot/id/statistical-geography/S01013084,Bridge of Allan and University - 02,"","","","","","","","","","","","",0,0,0,0,0,0.00
http://statistics.gov.scot/id/statistical-geography/S01013085,Bridge of Allan and University - 03,"","","","","","","","","","","","",0,0,0,0,0,""
http://statistics.gov.scot/id/statistical-geography/S01013086,Bridge of Allan and University - 04,"","","","","","","","","","","","",5.56,0,0,0,0,0.00
http://statistics.gov.scot/id/statistical-geography/S01013087,Bridge of Allan and University - 05,"","","","","","","","","","","","",0,0,0,0,0,0.00
http://statistics.gov.scot/id/statistical-geography/S01013088,Bridge of Allan and University - 06,"","","","","","","","","","","","",0,0,0,0,0,0.00
http://statistics.gov.scot/id/statistical-geography/S01013089,Bridge of Allan and University - 07,"","","","","","","","","","","","",12.5,12.5,10,0,0,0.00
http://statistics.gov.scot/id/statistical-geography/S01011881,Bridge of Earn and Abernethy - 01,"","","","","","","","","","","","",27.78,29.41,23.53,11.76,7.69,0.00
http://statistics.gov.scot/id/statistical-geography/S01011882,Bridge of Earn and Abernethy - 02,"","","","","","","","","","","","",0,0,0,14.29,11.11,14.29
http://statistics.gov.scot/id/statistical-geography/S01011883,Bridge of Earn and Abernethy - 03,"","","","","","","","","","","","",0,5,7.14,7.69,0,0.00
http://statistics.gov.scot/id/statistical-geography/S01011884,Bridge of Earn and Abernethy - 04,"","","","","","","","","","","","",0,0,25,33.33,25,0.00
http://statistics.gov.scot/id/statistical-geography/S01011885,Bridge of Earn and Abernethy - 05,"","","","","","","","","","","","",0,0,0,0,0,0.00
http://statistics.gov.scot/id/statistical-geography/S01011886,Bridge of Earn and Abernethy - 06,"","","","","","","","","","","","",12.5,0,0,25,12.5,9.09
http://statistics.gov.scot/id/statistical-geography/S01012237,Bridge of Weir - 01,"","","","","","","","","","","","",0,0,0,0,0,0.00
http://statistics.gov.scot/id/statistical-geography/S01012238,Bridge of Weir - 02,"","","","","","","","","","","","",0,0,0,0,0,0.00
http://statistics.gov.scot/id/statistical-geography/S01012239,Bridge of Weir - 03,"","","","","","","","","","","","",0,33.33,50,66.67,33.33,0.00
http://statistics.gov.scot/id/statistical-geography/S01012240,Bridge of Weir - 04,"","","","","","","","","","","","",0,0,0,0,0,0.00
http://statistics.gov.scot/id/statistical-geography/S01012241,Bridge of Weir - 05,"","","","","","","","","","","","",0,0,0,0,0,0.00
http://statistics.gov.scot/id/statistical-geography/S01012242,Bridge of Weir - 06,"","","","","","","","","","","","",0,0,0,0,0,0.00
http://statistics.gov.scot/id/statistical-geography/S01012243,Bridge of Weir - 07,"","","","","","","","","","","","",0,0,0,0,0,0.00
http://statistics.gov.scot/id/statistical-geography/S01010042,Bridgeton - 01,"","","","","","","","","","","","",0,3.33,6.25,8,4.55,0.00
http://statistics.gov.scot/id/statistical-geography/S01010043,Bridgeton - 02,"","","","","","","","","","","","",11.11,22.22,23.53,28.57,11.11,0.00
http://statistics.gov.scot/id/statistical-geography/S01010044,Bridgeton - 03,"","","","","","","","","","","","",9.09,8.7,4.55,0,4.76,5.26
http://statistics.gov.scot/id/statistical-geography/S01010045,Bridgeton - 04,"","","","","","","","","","","","",0,12.5,20,13.33,7.69,7.69
http://statistics.gov.scot/id/statistical-geography/S01009194,Brightons and Wallacestone - 01,"","","","","","","","","","","","",0,0,0,0,0,0.00
http://statistics.gov.scot/id/statistical-geography/S01009195,Brightons and Wallacestone - 02,"","","","","","","","","","","","",0,0,0,0,0,0.00
http://statistics.gov.scot/id/statistical-geography/S01009196,Brightons and Wallacestone - 03,"","","","","","","","","","","","",0,0,0,0,11.11,18.18
http://statistics.gov.scot/id/statistical-geography/S01009197,Brightons and Wallacestone - 04,"","","","","","","","","","","","",0,0,0,0,5.88,6.67
http://statistics.gov.scot/id/statistical-geography/S01009198,Brightons and Wallacestone - 05,"","","","","","","","","","","","",0,0,0,0,0,0.00
http://statistics.gov.scot/id/statistical-geography/S01009034,Broadbay - 01,"","","","","","","","","","","","",57.14,66.67,50,33.33,33.33,16.67
http://statistics.gov.scot/id/statistical-geography/S01009035,Broadbay - 02,"","","","","","","","","","","","",6.67,0,7.14,10,8.33,0.00
http://statistics.gov.scot/id/statistical-geography/S01009036,Broadbay - 03,"","","","","","","","","","","","",0,0,7.69,7.14,11.11,9.09
http://statistics.gov.scot/id/statistical-geography/S01009037,Broadbay - 04,"","","","","","","","","","","","",18.75,7.14,7.14,0,0,0.00
http://statistics.gov.scot/id/statistical-geography/S01009649,Broom North,"","","","","","","","","","","","",40,27.27,19.05,25,10,18.18
http://statistics.gov.scot/id/statistical-geography/S01009648,Broom South,"","","","","","","","","","","","",14.29,11.76,10.53,7.69,7.69,0.00
http://statistics.gov.scot/id/statistical-geography/S01009301,Broomhead,"","","","","","","","","","","","",11.11,15.38,14.29,22.22,17.39,12.5
http://statistics.gov.scot/id/statistical-geography/S01010415,Broomhill - 01,"","","","","","","","","","","","",5.56,5.88,0,11.11,14.29,8.33
http://statistics.gov.scot/id/statistical-geography/S01010416,Broomhill - 02,"","","","","","","","","","","","",5.56,0,0,0,0,0.00
http://statistics.gov.scot/id/statistical-geography/S01010417,Broomhill - 03,"","","","","","","","","","","","",0,0,0,0,0,0.00
http://statistics.gov.scot/id/statistical-geography/S01010418,Broomhill - 04,"","","","","","","","","","","","",0,0,0,0,0,3.33
http://statistics.gov.scot/id/statistical-geography/S01010419,Broomhill - 05,"","","","","","","","","","","","",0,0,0,0,0,0.00
http://statistics.gov.scot/id/statistical-geography/S01008468,Broomhouse and Bankhead - 01,"","","","","","","","","","","","",16.67,50,0,0,33.33,50
http://statistics.gov.scot/id/statistical-geography/S01008469,Broomhouse and Bankhead - 02,"","","","","","","","","","","","",0,0,0,0,0,0.00
http://statistics.gov.scot/id/statistical-geography/S01008470,Broomhouse and Bankhead - 03,"","","","","","","","","","","","",14.29,28.57,28.57,9.09,0,15.38
http://statistics.gov.scot/id/statistical-geography/S01008471,Broomhouse and Bankhead - 04,"","","","","","","","","","","","",11.11,30,25,11.11,9.09,15.38
http://statistics.gov.scot/id/statistical-geography/S01008472,Broomhouse and Bankhead - 05,"","","","","","","","","","","","",16.67,0,0,0,0,0.00
http://statistics.gov.scot/id/statistical-geography/S01013047,Broomridge - 01,"","","","","","","","","","","","",0,0,0,0,0,0.00
http://statistics.gov.scot/id/statistical-geography/S01013048,Broomridge - 02,"","","","","","","","","","","","",5.88,5.88,0,0,4.55,5.88
http://statistics.gov.scot/id/statistical-geography/S01013049,Broomridge - 03,"","","","","","","","","","","","",0,0,0,0,0,0.00
http://statistics.gov.scot/id/statistical-geography/S01013050,Broomridge - 04,"","","","","","","","","","","","",0,0,0,12.5,11.11,12.5
http://statistics.gov.scot/id/statistical-geography/S01013051,Broomridge - 05,"","","","","","","","","","","","",15.79,23.53,19.05,5.26,5.26,5.88
http://statistics.gov.scot/id/statistical-geography/S01013052,Broomridge - 06,"","","","","","","","","","","","",0,0,0,0,0,0.00
http://statistics.gov.scot/id/statistical-geography/S01013053,Broomridge - 07,"","","","","","","","","","","","",18.18,30,27.27,22.22,11.11,0.00
http://statistics.gov.scot/id/statistical-geography/S01008836,Broughton North and Powderhall - 01,"","","","","","","","","","","","",0,0,0,0,0,0.00
http://statistics.gov.scot/id/statistical-geography/S01008837,Broughton North and Powderhall - 02,"","","","","","","","","","","","",0,0,0,0,4.17,3.45
http://statistics.gov.scot/id/statistical-geography/S01008838,Broughton North and Powderhall - 03,"","","","","","","","","","","","",0,0,0,0,0,0.00
http://statistics.gov.scot/id/statistical-geography/S01008839,Broughton North and Powderhall - 04,"","","","","","","","","","","","",0,0,4.76,6.25,8.33,0.00
http://statistics.gov.scot/id/statistical-geography/S01008840,Broughton South - 01,"","","","","","","","","","","","",0,0,0,0,0,0.00
http://statistics.gov.scot/id/statistical-geography/S01008841,Broughton South - 02,"","","","","","","","","","","","",0,25,20,8.33,0,0.00
http://statistics.gov.scot/id/statistical-geography/S01008842,Broughton South - 03,"","","","","","","","","","","","",0,0,0,0,0,0.00
http://statistics.gov.scot/id/statistical-geography/S01008843,Broughton South - 04,"","","","","","","","","","","","",0,0,0,0,0,0.00
http://statistics.gov.scot/id/statistical-geography/S01008844,Broughton South - 05,"","","","","","","","","","","","",0,0,0,0,0,0.00
http://statistics.gov.scot/id/statistical-geography/S01012249,Broughton and Upper Tweed,"","","","","","","","","","","","",0,0,0,0,0,0.00
http://statistics.gov.scot/id/statistical-geography/S01007763,Broughty Ferry East - 01,"","","","","","","","","","","","",0,0,20,50,25,0.00
http://statistics.gov.scot/id/statistical-geography/S01007764,Broughty Ferry East - 02,"","","","","","","","","","","","",12.5,16.67,20,0,0,0.00
http://statistics.gov.scot/id/statistical-geography/S01007765,Broughty Ferry East - 03,"","","","","","","","","","","","",0,0,0,0,0,0.00
http://statistics.gov.scot/id/statistical-geography/S01007766,Broughty Ferry East - 04,"","","","","","","","","","","","",0,0,0,0,0,0.00
http://statistics.gov.scot/id/statistical-geography/S01007767,Broughty Ferry East - 05,"","","","","","","","","","","","",0,0,0,0,0,0.00
http://statistics.gov.scot/id/statistical-geography/S01007757,Broughty Ferry West - 01,"","","","","","","","","","","","",0,0,0,0,0,0.00
http://statistics.gov.scot/id/statistical-geography/S01007758,Broughty Ferry West - 02,"","","","","","","","","","","","",0,0,0,0,0,0.00
http://statistics.gov.scot/id/statistical-geography/S01007759,Broughty Ferry West - 03,"","","","","","","","","","","","",6.67,7.69,0,0,0,0.00
http://statistics.gov.scot/id/statistical-geography/S01007760,Broughty Ferry West - 04,"","","","","","","","","","","","",0,0,0,0,"",0.00
http://statistics.gov.scot/id/statistical-geography/S01007761,Broughty Ferry West - 05,"","","","","","","","","","","","",12.5,12.5,10,0,0,0.00
http://statistics.gov.scot/id/statistical-geography/S01007762,Broughty Ferry West - 06,"","","","","","","","","","","","",0,0,0,0,7.69,9.09
http://statistics.gov.scot/id/statistical-geography/S01013478,Broxburn East - 01,"","","","","","","","","","","","",25,20,33.33,28.57,11.11,16.67
http://statistics.gov.scot/id/statistical-geography/S01013479,Broxburn East - 02,"","","","","","","","","","","","",11.76,14.29,18.18,25,28.57,12.5
http://statistics.gov.scot/id/statistical-geography/S01013480,Broxburn East - 03,"","","","","","","","","","","","",20,33.33,25,0,0,0.00
http://statistics.gov.scot/id/statistical-geography/S01013481,Broxburn East - 04,"","","","","","","","","","","","",0,0,"",33.33,14.29,10
http://statistics.gov.scot/id/statistical-geography/S01013459,Broxburn Kirkhill - 01,"","","","","","","","","","","","",20,30,33.33,36.36,40,18.18
http://statistics.gov.scot/id/statistical-geography/S01013460,Broxburn Kirkhill - 02,"","","","","","","","","","","","",0,14.29,20,16.67,10,12.5
http://statistics.gov.scot/id/statistical-geography/S01013461,Broxburn Kirkhill - 03,"","","","","","","","","","","","",11.11,10,12.5,0,0,0.00
http://statistics.gov.scot/id/statistical-geography/S01013462,Broxburn Kirkhill - 04,"","","","","","","","","","","","",0,9.09,8.33,11.11,0,11.11
http://statistics.gov.scot/id/statistical-geography/S01013463,Broxburn Kirkhill - 05,"","","","","","","","","","","","",0,0,0,0,0,0.00
http://statistics.gov.scot/id/statistical-geography/S01013472,Broxburn South - 01,"","","","","","","","","","","","",0,0,0,0,0,9.09
http://statistics.gov.scot/id/statistical-geography/S01013473,Broxburn South - 02,"","","","","","","","","","","","",0,0,0,0,0,0.00
http://statistics.gov.scot/id/statistical-geography/S01013474,Broxburn South - 03,"","","","","","","","","","","","",0,0,0,0,0,0.00
http://statistics.gov.scot/id/statistical-geography/S01013475,Broxburn South - 04,"","","","","","","","","","","","",40,50,66.67,33.33,50,0.00
http://statistics.gov.scot/id/statistical-geography/S01013476,Broxburn South - 05,"","","","","","","","","","","","",42.86,50,66.67,0,0,0.00
http://statistics.gov.scot/id/statistical-geography/S01013477,Broxburn South - 06,"","","","","","","","","","","","",0,0,0,0,0,0.00
http://statistics.gov.scot/id/statistical-geography/S01009314,Brucefield North,"","","","","","","","","","","","",16.67,0,0,0,0,0.00
http://statistics.gov.scot/id/statistical-geography/S01009315,Brucefield South,"","","","","","","","","","","","",0,0,0,0,14.29,25
http://statistics.gov.scot/id/statistical-geography/S01009313,Brucefield South West,"","","","","","","","","","","","",27.27,18.18,13.33,7.69,7.69,0.00
http://statistics.gov.scot/id/statistical-geography/S01009312,Brucefield West,"","","","","","","","","","","","",4.17,0,0,16.67,21.43,25
http://statistics.gov.scot/id/statistical-geography/S01008638,Bruntsfield - 01,"","","","","","","","","","","","",0,0,0,0,0,0.00
http://statistics.gov.scot/id/statistical-geography/S01008639,Bruntsfield - 02,"","","","","","","","","","","","",11.11,10,0,0,0,0.00
http://statistics.gov.scot/id/statistical-geography/S01008640,Bruntsfield - 03,"","","","","","","","","","","","",0,0,0,0,0,0.00
http://statistics.gov.scot/id/statistical-geography/S01008641,Bruntsfield - 04,"","","","","","","","","","","","",0,0,0,0,0,0.00
http://statistics.gov.scot/id/statistical-geography/S01008642,Bruntsfield - 05,"","","","","","","","","","","","",0,0,0,0,0,0.00
http://statistics.gov.scot/id/statistical-geography/S01008643,Bruntsfield - 06,"","","","","","","","","","","","",0,0,0,0,0,0.00
http://statistics.gov.scot/id/statistical-geography/S01008644,Bruntsfield - 07,"","","","","","","","","","","","",0,0,0,0,0,0.00
http://statistics.gov.scot/id/statistical-geography/S01009624,Buckhaven Birds,"","","","","","","","","","","","",38.46,35.71,20,0,0,0.00
http://statistics.gov.scot/id/statistical-geography/S01009621,Buckhaven Central,"","","","","","","","","","","","",8.33,20,21.43,26.67,21.43,10
http://statistics.gov.scot/id/statistical-geography/S01009620,Buckhaven North,"","","","","","","","","","","","",7.69,18.75,23.53,36.36,25,25
http://statistics.gov.scot/id/statistical-geography/S01009623,Buckhaven North West and Muiredge,"","","","","","","","","","","","",0,25,20,16.67,0,33.33
http://statistics.gov.scot/id/statistical-geography/S01009622,Buckhaven South,"","","","","","","","","","","","",31.82,21.05,31.25,25,30.77,15.38
http://statistics.gov.scot/id/statistical-geography/S01011073,Buckie Central East - 01,"","","","","","","","","","","","",11.11,8.33,15.38,10,10,0.00
http://statistics.gov.scot/id/statistical-geography/S01011074,Buckie Central East - 02,"","","","","","","","","","","","",25,25,12.5,0,0,0.00
http://statistics.gov.scot/id/statistical-geography/S01011075,Buckie Central East - 03,"","","","","","","","","","","","",40,33.33,23.08,27.27,15.38,16.67
http://statistics.gov.scot/id/statistical-geography/S01011076,Buckie Central East - 04,"","","","","","","","","","","","",6.67,6.67,0,0,0,0.00
http://statistics.gov.scot/id/statistical-geography/S01011077,Buckie Central East - 05,"","","","","","","","","","","","",44.44,14.29,28.57,30,30.77,33.33
http://statistics.gov.scot/id/statistical-geography/S01011078,Buckie West and Mains of Buckie - 01,"","","","","","","","","","","","",8.33,0,6.25,3.85,4.17,0.00
http://statistics.gov.scot/id/statistical-geography/S01011079,Buckie West and Mains of Buckie - 02,"","","","","","","","","","","","",26.32,17.65,7.69,6.67,10.53,9.09
http://statistics.gov.scot/id/statistical-geography/S01011080,Buckie West and Mains of Buckie - 03,"","","","","","","","","","","","",20,20,12.5,0,0,0.00
http://statistics.gov.scot/id/statistical-geography/S01011081,Buckie West and Mains of Buckie - 04,"","","","","","","","","","","","",25,27.78,9.52,0,0,12.5
http://statistics.gov.scot/id/statistical-geography/S01011082,Buckie West and Mains of Buckie - 05,"","","","","","","","","","","","",25,33.33,0,0,0,0.00
http://statistics.gov.scot/id/statistical-geography/S01006743,Bucksburn North - 01,"","","","","","","","","","","","",0,0,0,0,0,0.00
http://statistics.gov.scot/id/statistical-geography/S01006744,Bucksburn North - 02,"","","","","","","","","","","","",0,12.5,14.29,12.5,0,0.00
http://statistics.gov.scot/id/statistical-geography/S01006745,Bucksburn North - 03,"","","","","","","","","","","","",9.09,8.33,7.14,0,0,0.00
http://statistics.gov.scot/id/statistical-geography/S01006746,Bucksburn North - 04,"","","","","","","","","","","","",15.38,11.76,0,7.14,16.67,18.18
http://statistics.gov.scot/id/statistical-geography/S01006747,Bucksburn North - 05,"","","","","","","","","","","","",7.14,6.25,6.25,5.56,5.88,0.00
http://statistics.gov.scot/id/statistical-geography/S01006748,Bucksburn North - 06,"","","","","","","","","","","","",0,0,0,0,0,0.00
http://statistics.gov.scot/id/statistical-geography/S01006738,Bucksburn South - 01,"","","","","","","","","","","","",3.57,4.55,0,0,4.76,4.17
http://statistics.gov.scot/id/statistical-geography/S01006739,Bucksburn South - 02,"","","","","","","","","","","","",4.76,0,0,0,0,0.00
http://statistics.gov.scot/id/statistical-geography/S01006740,Bucksburn South - 03,"","","","","","","","","","","","",7.69,14.29,6.25,6.67,0,0.00
http://statistics.gov.scot/id/statistical-geography/S01006741,Bucksburn South - 04,"","","","","","","","","","","","",9.09,20,16.67,16.67,0,0.00
http://statistics.gov.scot/id/statistical-geography/S01006742,Bucksburn South - 05,"","","","","","","","","","","","",0,0,0,0,0,11.11
http://statistics.gov.scot/id/statistical-geography/S01012848,"Burgh, Eastfield and Silverbank - 01","","","","","","","","","","","","",0,0,9.09,12.5,12.5,0.00
http://statistics.gov.scot/id/statistical-geography/S01012849,"Burgh, Eastfield and Silverbank - 02","","","","","","","","","","","","",0,0,0,0,0,0.00
http://statistics.gov.scot/id/statistical-geography/S01012850,"Burgh, Eastfield and Silverbank - 03","","","","","","","","","","","","",7.69,0,0,0,0,0.00
http://statistics.gov.scot/id/statistical-geography/S01012851,"Burgh, Eastfield and Silverbank - 04","","","","","","","","","","","","",0,0,0,6.25,9.09,9.09
http://statistics.gov.scot/id/statistical-geography/S01012852,"Burgh, Eastfield and Silverbank - 05","","","","","","","","","","","","",0,0,0,0,0,0.00
http://statistics.gov.scot/id/statistical-geography/S01012853,"Burgh, Eastfield and Silverbank - 06","","","","","","","","","","","","",0,0,0,0,0,0.00
http://statistics.gov.scot/id/statistical-geography/S01012854,"Burgh, Eastfield and Silverbank - 07","","","","","","","","","","","","",0,0,0,0,0,8.33
http://statistics.gov.scot/id/statistical-geography/S01012855,"Burgh, Eastfield and Silverbank - 08","","","","","","","","","","","","",0,0,0,0,0,0.00
http://statistics.gov.scot/id/statistical-geography/S01011142,"Burghead, Roseisle and Laich - 01","","","","","","","","","","","","",8.33,0,0,0,0,0.00
http://statistics.gov.scot/id/statistical-geography/S01011143,"Burghead, Roseisle and Laich - 02","","","","","","","","","","","","",15.38,9.09,12.5,0,0,0.00
http://statistics.gov.scot/id/statistical-geography/S01011144,"Burghead, Roseisle and Laich - 03","","","","","","","","","","","","",0,0,0,25,25,20
http://statistics.gov.scot/id/statistical-geography/S01011145,"Burghead, Roseisle and Laich - 04","","","","","","","","","","","","",0,0,0,0,0,0.00
http://statistics.gov.scot/id/statistical-geography/S01011146,"Burghead, Roseisle and Laich - 05","","","","","","","","","","","","",0,16.67,20,14.29,0,0.00
http://statistics.gov.scot/id/statistical-geography/S01011147,"Burghead, Roseisle and Laich - 06","","","","","","","","","","","","",0,0,16.67,14.29,14.29,0.00
http://statistics.gov.scot/id/statistical-geography/S01011899,Burghmuir and Oakbank - 01,"","","","","","","","","","","","",0,0,0,0,0,0.00
http://statistics.gov.scot/id/statistical-geography/S01011900,Burghmuir and Oakbank - 02,"","","","","","","","","","","","",0,0,0,0,0,0.00
http://statistics.gov.scot/id/statistical-geography/S01011901,Burghmuir and Oakbank - 03,"","","","","","","","","","","","",7.69,11.11,10,0,0,0.00
http://statistics.gov.scot/id/statistical-geography/S01011902,Burghmuir and Oakbank - 04,"","","","","","","","","","","","",16.67,0,0,0,0,0.00
http://statistics.gov.scot/id/statistical-geography/S01011903,Burghmuir and Oakbank - 05,"","","","","","","","","","","","",0,0,0,0,0,0.00
http://statistics.gov.scot/id/statistical-geography/S01012781,Burnbank Central and Udston - 01,"","","","","","","","","","","","",0,0,0,0,0,0.00
http://statistics.gov.scot/id/statistical-geography/S01012782,Burnbank Central and Udston - 02,"","","","","","","","","","","","",30,30,20,9.09,0,0.00
http://statistics.gov.scot/id/statistical-geography/S01012783,Burnbank Central and Udston - 03,"","","","","","","","","","","","",25,25,44.44,40,33.33,0.00
http://statistics.gov.scot/id/statistical-geography/S01012784,Burnbank Central and Udston - 04,"","","","","","","","","","","","",12.5,10,25,14.29,7.69,5.56
http://statistics.gov.scot/id/statistical-geography/S01012785,Burnbank Central and Udston - 05,"","","","","","","","","","","","",10.53,11.11,8.33,10,11.11,10
http://statistics.gov.scot/id/statistical-geography/S01012786,Burnbank Central and Udston - 06,"","","","","","","","","","","","",11.11,22.22,25,27.27,15.38,25
http://statistics.gov.scot/id/statistical-geography/S01012787,Burnbank Central and Udston - 07,"","","","","","","","","","","","",16.67,18.18,20,25,28.57,10
http://statistics.gov.scot/id/statistical-geography/S01012774,Burnbank North - 01,"","","","","","","","","","","","",9.09,3.85,0,0,0,0.00
http://statistics.gov.scot/id/statistical-geography/S01012775,Burnbank North - 02,"","","","","","","","","","","","",0,16.67,20,28.57,16.67,20
http://statistics.gov.scot/id/statistical-geography/S01012776,Burnbank North - 03,"","","","","","","","","","","","",33.33,21.05,14.29,5,7.69,16.67
http://statistics.gov.scot/id/statistical-geography/S01012777,Burnbank North - 04,"","","","","","","","","","","","",0,0,0,4.55,5.88,4.55
http://statistics.gov.scot/id/statistical-geography/S01012778,Burnbank North - 05,"","","","","","","","","","","","",16.67,20,37.5,18.18,21.43,15.38
http://statistics.gov.scot/id/statistical-geography/S01012779,Burnbank North - 06,"","","","","","","","","","","","",11.11,10,12.5,20,22.22,12.5
http://statistics.gov.scot/id/statistical-geography/S01012780,Burnbank North - 07,"","","","","","","","","","","","",25,26.67,43.75,27.27,33.33,40
http://statistics.gov.scot/id/statistical-geography/S01012788,Burnbank South and Chantinghall - 01,"","","","","","","","","","","","",12.5,12.5,0,0,0,0.00
http://statistics.gov.scot/id/statistical-geography/S01012789,Burnbank South and Chantinghall - 02,"","","","","","","","","","","","",0,22.22,25,25,11.11,9.09
http://statistics.gov.scot/id/statistical-geography/S01012790,Burnbank South and Chantinghall - 03,"","","","","","","","","","","","",7.69,0,0,0,0,0.00
http://statistics.gov.scot/id/statistical-geography/S01012791,Burnbank South and Chantinghall - 04,"","","","","","","","","","","","",14.29,0,0,0,0,0.00
http://statistics.gov.scot/id/statistical-geography/S01012792,Burnbank South and Chantinghall - 05,"","","","","","","","","","","","",9.09,0,0,7.14,5.56,5
http://statistics.gov.scot/id/statistical-geography/S01012865,Burnhill and Bankhead North - 01,"","","","","","","","","","","","",0,0,0,0,0,0.00
http://statistics.gov.scot/id/statistical-geography/S01012866,Burnhill and Bankhead North - 02,"","","","","","","","","","","","",0,0,0,12.5,9.09,18.18
http://statistics.gov.scot/id/statistical-geography/S01012867,Burnhill and Bankhead North - 03,"","","","","","","","","","","","",16.67,18.18,0,25,20,20
http://statistics.gov.scot/id/statistical-geography/S01012868,Burnhill and Bankhead North - 04,"","","","","","","","","","","","",0,0,8.33,9.09,20,33.33
http://statistics.gov.scot/id/statistical-geography/S01012869,Burnhill and Bankhead North - 05,"","","","","","","","","","","","",30.77,18.18,30,12.5,55.56,40
http://statistics.gov.scot/id/statistical-geography/S01012882,Burnside and Springhall - 01,"","","","","","","","","","","","",28.57,25,0,0,7.69,12.5
http://statistics.gov.scot/id/statistical-geography/S01012883,Burnside and Springhall - 02,"","","","","","","","","","","","",36.36,28.57,35.71,22.22,10,0.00
http://statistics.gov.scot/id/statistical-geography/S01012884,Burnside and Springhall - 03,"","","","","","","","","","","","",0,0,0,0,0,0.00
http://statistics.gov.scot/id/statistical-geography/S01012885,Burnside and Springhall - 04,"","","","","","","","","","","","",16.67,25,33.33,50,33.33,14.29
http://statistics.gov.scot/id/statistical-geography/S01012886,Burnside and Springhall - 05,"","","","","","","","","","","","",0,0,0,0,0,0.00
http://statistics.gov.scot/id/statistical-geography/S01012887,Burnside and Springhall - 06,"","","","","","","","","","","","",0,0,0,0,0,0.00
http://statistics.gov.scot/id/statistical-geography/S01012888,Burnside and Springhall - 07,"","","","","","","","","","","","",0,0,0,0,0,0.00
http://statistics.gov.scot/id/statistical-geography/S01009458,Burntisland Central,"","","","","","","","","","","","",33.33,20,0,0,0,0.00
http://statistics.gov.scot/id/statistical-geography/S01009460,Burntisland Docks,"","","","","","","","","","","","",38.1,33.33,25,7.69,15.38,11.11
http://statistics.gov.scot/id/statistical-geography/S01009466,Burntisland East,"","","","","","","","","","","","",0,0,0,0,0,0.00
http://statistics.gov.scot/id/statistical-geography/S01009464,Burntisland East Toll,"","","","","","","","","","","","",8.33,12.5,0,0,0,0.00
http://statistics.gov.scot/id/statistical-geography/S01009462,Burntisland Grange and Orrock,"","","","","","","","","","","","",0,33.33,33.33,33.33,33.33,25
http://statistics.gov.scot/id/statistical-geography/S01009461,Burntisland Kirkton,"","","","","","","","","","","","",0,0,0,4.76,4.55,5.26
http://statistics.gov.scot/id/statistical-geography/S01009459,Burntisland Links,"","","","","","","","","","","","",0,10,12.5,36.36,41.67,35.29
http://statistics.gov.scot/id/statistical-geography/S01009465,Burntisland Meadowfield,"","","","","","","","","","","","",14.29,25,40,40,20,0.00
http://statistics.gov.scot/id/statistical-geography/S01009463,Burntisland Nether Grange,"","","","","","","","","","","","",16.67,14.29,20,0,0,0.00
http://statistics.gov.scot/id/statistical-geography/S01008366,Busby - 01,"","","","","","","","","","","","",16.67,20,0,0,0,0.00
http://statistics.gov.scot/id/statistical-geography/S01008367,Busby - 02,"","","","","","","","","","","","",0,0,0,0,0,0.00
http://statistics.gov.scot/id/statistical-geography/S01008368,Busby - 03,"","","","","","","","","","","","",0,0,0,0,0,0.00
http://statistics.gov.scot/id/statistical-geography/S01008369,Busby - 04,"","","","","","","","","","","","",0,0,0,0,0,0.00
http://statistics.gov.scot/id/statistical-geography/S01008370,Busby - 05,"","","","","","","","","","","","",0,0,0,0,0,0.00
http://statistics.gov.scot/id/statistical-geography/S01007340,Bute - 01,"","","","","","","","","","","","",14.29,25,0,0,0,0.00
http://statistics.gov.scot/id/statistical-geography/S01007341,Bute - 02,"","","","","","","","","","","","",11.11,0,0,0,0,0.00
http://statistics.gov.scot/id/statistical-geography/S01007342,Bute - 03,"","","","","","","","","","","","",0,0,0,0,0,0.00
http://statistics.gov.scot/id/statistical-geography/S01007343,Bute - 04,"","","","","","","","","","","","",0,0,0,0,0,0.00
http://statistics.gov.scot/id/statistical-geography/S01009600,Cadham,"","","","","","","","","","","","",40,42.86,16.67,11.11,0,8.33
http://statistics.gov.scot/id/statistical-geography/S01009601,Cadham South,"","","","","","","","","","","","",8.33,7.69,6.67,0,8.33,16.67
http://statistics.gov.scot/id/statistical-geography/S01007807,Caird Park - 01,"","","","","","","","","","","","",0,0,0,0,0,0.00
http://statistics.gov.scot/id/statistical-geography/S01007808,Caird Park - 02,"","","","","","","","","","","","",13.33,22.22,35.71,25,26.67,25
http://statistics.gov.scot/id/statistical-geography/S01007809,Caird Park - 03,"","","","","","","","","","","","",20,22.22,14.29,11.11,0,0.00
http://statistics.gov.scot/id/statistical-geography/S01007810,Caird Park - 04,"","","","","","","","","","","","",23.08,21.43,22.22,33.33,30,33.33
http://statistics.gov.scot/id/statistical-geography/S01009284,Cairneyhill East,"","","","","","","","","","","","",0,0,0,0,0,0.00
http://statistics.gov.scot/id/statistical-geography/S01009285,Cairneyhill North,"","","","","","","","","","","","",0,0,0,0,0,14.29
http://statistics.gov.scot/id/statistical-geography/S01009286,Cairneyhill West,"","","","","","","","","","","","",0,0,0,0,0,0.00
http://statistics.gov.scot/id/statistical-geography/S01011641,Cairnhill - 01,"","","","","","","","","","","","",0,0,0,0,0,0.00
http://statistics.gov.scot/id/statistical-geography/S01011642,Cairnhill - 02,"","","","","","","","","","","","",25,16.67,0,0,0,0.00
http://statistics.gov.scot/id/statistical-geography/S01011643,Cairnhill - 03,"","","","","","","","","","","","",15.38,15.38,9.09,0,0,0.00
http://statistics.gov.scot/id/statistical-geography/S01011644,Cairnhill - 04,"","","","","","","","","","","","",0,0,8.33,11.11,12.5,0.00
http://statistics.gov.scot/id/statistical-geography/S01011645,Cairnhill - 05,"","","","","","","","","","","","",14.29,0,0,0,0,0.00
http://statistics.gov.scot/id/statistical-geography/S01011646,Cairnhill - 06,"","","","","","","","","","","","",0,0,20,14.29,16.67,0.00
http://statistics.gov.scot/id/statistical-geography/S01011647,Cairnhill - 07,"","","","","","","","","","","","",13.33,11.76,5,7.69,11.11,28.57
http://statistics.gov.scot/id/statistical-geography/S01009730,Cairnsmill,"","","","","","","","","","","","",10,12.5,12.5,0,10,12.5
http://statistics.gov.scot/id/statistical-geography/S01010787,Caithness North East - 01,"","","","","","","","","","","","",0,0,0,0,25,16.67
http://statistics.gov.scot/id/statistical-geography/S01010788,Caithness North East - 02,"","","","","","","","","","","","",0,14.29,16.67,16.67,16.67,33.33
http://statistics.gov.scot/id/statistical-geography/S01010789,Caithness North East - 03,"","","","","","","","","","","","",25,28.57,20,0,0,0.00
http://statistics.gov.scot/id/statistical-geography/S01010790,Caithness North East - 04,"","","","","","","","","","","","",12.5,16.67,20,0,0,0.00
http://statistics.gov.scot/id/statistical-geography/S01010791,Caithness North East - 05,"","","","","","","","","","","","",0,0,0,0,0,0.00
http://statistics.gov.scot/id/statistical-geography/S01010792,Caithness North West - 01,"","","","","","","","","","","","",25,22.22,18.18,33.33,33.33,66.67
http://statistics.gov.scot/id/statistical-geography/S01010793,Caithness North West - 02,"","","","","","","","","","","","",0,0,33.33,33.33,33.33,0.00
http://statistics.gov.scot/id/statistical-geography/S01010794,Caithness North West - 03,"","","","","","","","","","","","",22.22,20,7.69,13.33,14.29,12.5
http://statistics.gov.scot/id/statistical-geography/S01010795,Caithness North West - 04,"","","","","","","","","","","","",0,0,12.5,16.67,11.11,0.00
http://statistics.gov.scot/id/statistical-geography/S01010796,Caithness North West - 05,"","","","","","","","","","","","",16.67,16.67,0,0,0,0.00
http://statistics.gov.scot/id/statistical-geography/S01010797,Caithness North West - 06,"","","","","","","","","","","","",15.38,7.14,7.69,0,0,0.00
http://statistics.gov.scot/id/statistical-geography/S01010798,Caithness North West - 07,"","","","","","","","","","","","",0,0,16.67,14.29,14.29,0.00
http://statistics.gov.scot/id/statistical-geography/S01010772,Caithness South - 01,"","","","","","","","","","","","",0,16.67,25,25,33.33,25
http://statistics.gov.scot/id/statistical-geography/S01010773,Caithness South - 02,"","","","","","","","","","","","",0,0,0,0,0,0.00
http://statistics.gov.scot/id/statistical-geography/S01010774,Caithness South - 03,"","","","","","","","","","","","",0,0,0,0,0,33.33
http://statistics.gov.scot/id/statistical-geography/S01010775,Caithness South - 04,"","","","","","","","","","","","",12.5,10,11.11,0,0,0.00
http://statistics.gov.scot/id/statistical-geography/S01011613,Calderbank and Brownsburn - 01,"","","","","","","","","","","","",10,0,0,7.69,8.33,8.33
http://statistics.gov.scot/id/statistical-geography/S01011614,Calderbank and Brownsburn - 02,"","","","","","","","","","","","",0,0,0,0,0,0.00
http://statistics.gov.scot/id/statistical-geography/S01011615,Calderbank and Brownsburn - 03,"","","","","","","","","","","","",28.57,30.77,18.18,0,0,0.00
http://statistics.gov.scot/id/statistical-geography/S01011616,Calderbank and Brownsburn - 04,"","","","","","","","","","","","",0,0,0,0,0,0.00
http://statistics.gov.scot/id/statistical-geography/S01011675,Caldercruix and Plains - 01,"","","","","","","","","","","","",12.5,0,11.11,12.5,33.33,25
http://statistics.gov.scot/id/statistical-geography/S01011676,Caldercruix and Plains - 02,"","","","","","","","","","","","",16.67,14.29,0,0,14.29,20
http://statistics.gov.scot/id/statistical-geography/S01011677,Caldercruix and Plains - 03,"","","","","","","","","","","","",7.14,7.14,7.14,7.14,0,14.29
http://statistics.gov.scot/id/statistical-geography/S01011678,Caldercruix and Plains - 04,"","","","","","","","","","","","",40,33.33,33.33,25,20,25
http://statistics.gov.scot/id/statistical-geography/S01011679,Caldercruix and Plains - 05,"","","","","","","","","","","","",12.5,16.67,14.29,10.53,0,0.00
http://statistics.gov.scot/id/statistical-geography/S01011680,Caldercruix and Plains - 06,"","","","","","","","","","","","",33.33,28.57,33.33,12.5,10,8.33
http://statistics.gov.scot/id/statistical-geography/S01011681,Caldercruix and Plains - 07,"","","","","","","","","","","","",8.33,9.09,10,50,37.5,40
http://statistics.gov.scot/id/statistical-geography/S01011682,Caldercruix and Plains - 08,"","","","","","","","","","","","",50,33.33,0,0,25,25
http://statistics.gov.scot/id/statistical-geography/S01012906,Calderwood Central - 01,"","","","","","","","","","","","",6.67,7.69,0,0,0,0.00
http://statistics.gov.scot/id/statistical-geography/S01012907,Calderwood Central - 02,"","","","","","","","","","","","",6.25,11.11,16.67,33.33,27.27,20
http://statistics.gov.scot/id/statistical-geography/S01012908,Calderwood Central - 03,"","","","","","","","","","","","",20,9.09,8.33,5.88,0,0.00
http://statistics.gov.scot/id/statistical-geography/S01012909,Calderwood Central - 04,"","","","","","","","","","","","",0,0,12.5,14.29,16.67,0.00
http://statistics.gov.scot/id/statistical-geography/S01012910,Calderwood Central - 05,"","","","","","","","","","","","",0,0,0,0,0,0.00
http://statistics.gov.scot/id/statistical-geography/S01012901,Calderwood East - 01,"","","","","","","","","","","","",0,0,9.09,8.33,14.29,0.00
http://statistics.gov.scot/id/statistical-geography/S01012902,Calderwood East - 02,"","","","","","","","","","","","",0,10,10,8.33,0,0.00
http://statistics.gov.scot/id/statistical-geography/S01012903,Calderwood East - 03,"","","","","","","","","","","","",8.33,12.5,14.29,11.11,0,0.00
http://statistics.gov.scot/id/statistical-geography/S01012904,Calderwood East - 04,"","","","","","","","","","","","",0,7.14,16.67,20,21.05,16.67
http://statistics.gov.scot/id/statistical-geography/S01012905,Calderwood East - 05,"","","","","","","","","","","","",15.38,15.38,0,33.33,33.33,33.33
http://statistics.gov.scot/id/statistical-geography/S01012911,Calderwood West and Nerston - 01,"","","","","","","","","","","","",0,0,0,0,12.5,11.11
http://statistics.gov.scot/id/statistical-geography/S01012912,Calderwood West and Nerston - 02,"","","","","","","","","","","","",0,0,0,0,0,0.00
http://statistics.gov.scot/id/statistical-geography/S01012913,Calderwood West and Nerston - 03,"","","","","","","","","","","","",12.5,12.5,11.11,22.22,18.18,0.00
http://statistics.gov.scot/id/statistical-geography/S01012914,Calderwood West and Nerston - 04,"","","","","","","","","","","","",12.5,12.5,0,0,0,0.00
http://statistics.gov.scot/id/statistical-geography/S01012915,Calderwood West and Nerston - 05,"","","","","","","","","","","","",0,0,0,0,0,0.00
http://statistics.gov.scot/id/statistical-geography/S01013112,Callander and Trossachs - 01,"","","","","","","","","","","","",0,0,0,0,0,0.00
http://statistics.gov.scot/id/statistical-geography/S01013113,Callander and Trossachs - 02,"","","","","","","","","","","","",7.69,0,0,0,0,0.00
http://statistics.gov.scot/id/statistical-geography/S01013114,Callander and Trossachs - 03,"","","","","","","","","","","","",0,0,0,0,0,0.00
http://statistics.gov.scot/id/statistical-geography/S01013115,Callander and Trossachs - 04,"","","","","","","","","","","","",11.11,8.33,0,0,0,0.00
http://statistics.gov.scot/id/statistical-geography/S01013116,Callander and Trossachs - 05,"","","","","","","","","","","","",0,12.5,20,16.67,0,0.00
http://statistics.gov.scot/id/statistical-geography/S01007601,Calside - 01,"","","","","","","","","","","","",9.09,8.33,0,0,0,0.00
http://statistics.gov.scot/id/statistical-geography/S01007602,Calside - 02,"","","","","","","","","","","","",14.29,11.11,0,0,0,0.00
http://statistics.gov.scot/id/statistical-geography/S01007603,Calside - 03,"","","","","","","","","","","","",0,0,0,0,0,0.00
http://statistics.gov.scot/id/statistical-geography/S01007604,Calside - 04,"","","","","","","","","","","","",0,0,0,0,0,0.00
http://statistics.gov.scot/id/statistical-geography/S01010037,Calton and Gallowgate - 01,"","","","","","","","","","","","",16.67,11.11,11.11,10,11.11,0.00
http://statistics.gov.scot/id/statistical-geography/S01010038,Calton and Gallowgate - 02,"","","","","","","","","","","","",18.18,13.64,5,7.14,0,0.00
http://statistics.gov.scot/id/statistical-geography/S01010039,Calton and Gallowgate - 03,"","","","","","","","","","","","",5.88,5.26,5.26,0,0,0.00
http://statistics.gov.scot/id/statistical-geography/S01010040,Calton and Gallowgate - 04,"","","","","","","","","","","","",7.69,4,4.76,0,0,0.00
http://statistics.gov.scot/id/statistical-geography/S01010041,Calton and Gallowgate - 05,"","","","","","","","","","","","",0,0,0,0,0,0.00
http://statistics.gov.scot/id/statistical-geography/S01013019,Cambusbarron - 01,"","","","","","","","","","","","",0,0,6.25,7.14,5.88,0.00
http://statistics.gov.scot/id/statistical-geography/S01013020,Cambusbarron - 02,"","","","","","","","","","","","",0,0,0,0,0,0.00
http://statistics.gov.scot/id/statistical-geography/S01013021,Cambusbarron - 03,"","","","","","","","","","","","",11.11,33.33,27.27,37.5,25,20
http://statistics.gov.scot/id/statistical-geography/S01013022,Cambusbarron - 04,"","","","","","","","","","","","",0,0,0,0,0,0.00
http://statistics.gov.scot/id/statistical-geography/S01013023,Cambusbarron - 05,"","","","","","","","","","","","",10,14.29,20,0,0,0.00
http://statistics.gov.scot/id/statistical-geography/S01013024,Cambusbarron - 06,"","","","","","","","","","","","",0,0,0,0,0,0.00
http://statistics.gov.scot/id/statistical-geography/S01012843,Cambuslang Central - 01,"","","","","","","","","","","","",0,0,0,0,0,0.00
http://statistics.gov.scot/id/statistical-geography/S01012844,Cambuslang Central - 02,"","","","","","","","","","","","",0,0,0,0,0,0.00
http://statistics.gov.scot/id/statistical-geography/S01012845,Cambuslang Central - 03,"","","","","","","","","","","","",0,0,0,0,0,0.00
http://statistics.gov.scot/id/statistical-geography/S01012846,Cambuslang Central - 04,"","","","","","","","","","","","",0,0,8.33,11.11,18.18,18.18
http://statistics.gov.scot/id/statistical-geography/S01012847,Cambuslang Central - 05,"","","","","","","","","","","","",12.5,25,20,10,0,0.00
http://statistics.gov.scot/id/statistical-geography/S01007333,Campbeltown - 01,"","","","","","","","","","","","",5.88,7.14,11.11,12.5,14.29,25
http://statistics.gov.scot/id/statistical-geography/S01007334,Campbeltown - 02,"","","","","","","","","","","","",15.79,14.29,12.5,0,0,0.00
http://statistics.gov.scot/id/statistical-geography/S01007335,Campbeltown - 03,"","","","","","","","","","","","",13.04,11.54,8.7,7.14,9.09,0.00
http://statistics.gov.scot/id/statistical-geography/S01007336,Campbeltown - 04,"","","","","","","","","","","","",0,0,0,20,14.29,20
http://statistics.gov.scot/id/statistical-geography/S01007337,Campbeltown - 05,"","","","","","","","","","","","",10,16.67,16.67,11.11,10,12.5
http://statistics.gov.scot/id/statistical-geography/S01007338,Campbeltown - 06,"","","","","","","","","","","","",15.38,9.09,14.29,16.67,16.67,14.29
http://statistics.gov.scot/id/statistical-geography/S01007339,Campbeltown - 07,"","","","","","","","","","","","",50,33.33,25,0,33.33,25
http://statistics.gov.scot/id/statistical-geography/S01009731,Canongate,"","","","","","","","","","","","",0,0,0,0,0,0.00
http://statistics.gov.scot/id/statistical-geography/S01008680,"Canongate, Southside and Dumbiedykes - 01","","","","","","","","","","","","",0,0,0,0,0,0.00
http://statistics.gov.scot/id/statistical-geography/S01008681,"Canongate, Southside and Dumbiedykes - 02","","","","","","","","","","","","",0,0,0,0,0,0.00
http://statistics.gov.scot/id/statistical-geography/S01008682,"Canongate, Southside and Dumbiedykes - 03","","","","","","","","","","","","",0,0,0,0,0,16.67
http://statistics.gov.scot/id/statistical-geography/S01008683,"Canongate, Southside and Dumbiedykes - 04","","","","","","","","","","","","",21.05,30.77,26.67,33.33,28.57,5.88
http://statistics.gov.scot/id/statistical-geography/S01008684,"Canongate, Southside and Dumbiedykes - 05","","","","","","","","","","","","",14.29,0,0,14.29,16.67,13.33
http://statistics.gov.scot/id/statistical-geography/S01008685,"Canongate, Southside and Dumbiedykes - 06","","","","","","","","","","","","",0,0,0,0,0,0.00
http://statistics.gov.scot/id/statistical-geography/S01008853,Canonmills and New Town North - 01,"","","","","","","","","","","","",0,0,0,0,0,0.00
http://statistics.gov.scot/id/statistical-geography/S01008854,Canonmills and New Town North - 02,"","","","","","","","","","","","",0,0,0,0,0,0.00
http://statistics.gov.scot/id/statistical-geography/S01008855,Canonmills and New Town North - 03,"","","","","","","","","","","","",0,0,0,0,0,0.00
http://statistics.gov.scot/id/statistical-geography/S01008856,Canonmills and New Town North - 04,"","","","","","","","","","","","",0,0,0,0,0,0.00
http://statistics.gov.scot/id/statistical-geography/S01009519,Capshard,"","","","","","","","","","","","",14.29,11.11,11.11,0,0,0.00
http://statistics.gov.scot/id/statistical-geography/S01009438,Cardenden East,"","","","","","","","","","","","",31.25,28.57,14.29,16.67,25,30
http://statistics.gov.scot/id/statistical-geography/S01009439,Cardenden West,"","","","","","","","","","","","",25,20,10,8.33,18.18,28.57
http://statistics.gov.scot/id/statistical-geography/S01009810,Cardonald North - 01,"","","","","","","","","","","","",8.33,13.33,12.5,18.18,28.57,42.86
http://statistics.gov.scot/id/statistical-geography/S01009811,Cardonald North - 02,"","","","","","","","","","","","",7.69,15.38,21.43,20,14.29,0.00
http://statistics.gov.scot/id/statistical-geography/S01009812,Cardonald North - 03,"","","","","","","","","","","","",12.5,7.14,8.33,8.33,0,0.00
http://statistics.gov.scot/id/statistical-geography/S01009813,Cardonald North - 04,"","","","","","","","","","","","",25,0,10,16.67,20,20
http://statistics.gov.scot/id/statistical-geography/S01009814,Cardonald North - 05,"","","","","","","","","","","","",0,0,0,7.69,6.67,5.88
http://statistics.gov.scot/id/statistical-geography/S01009806,Cardonald South and East - 01,"","","","","","","","","","","","",0,0,0,0,0,6.67
http://statistics.gov.scot/id/statistical-geography/S01009807,Cardonald South and East - 02,"","","","","","","","","","","","",21.43,27.27,14.29,7.14,0,6.25
http://statistics.gov.scot/id/statistical-geography/S01009808,Cardonald South and East - 03,"","","","","","","","","","","","",15.38,0,0,0,0,0.00
http://statistics.gov.scot/id/statistical-geography/S01009809,Cardonald South and East - 04,"","","","","","","","","","","","",0,0,0,0,0,0.00
http://statistics.gov.scot/id/statistical-geography/S01009815,Cardonald West and Central - 01,"","","","","","","","","","","","",0,0,0,0,0,6.67
http://statistics.gov.scot/id/statistical-geography/S01009816,Cardonald West and Central - 02,"","","","","","","","","","","","",0,0,0,0,9.09,9.09
http://statistics.gov.scot/id/statistical-geography/S01009817,Cardonald West and Central - 03,"","","","","","","","","","","","",0,0,0,0,0,0.00
http://statistics.gov.scot/id/statistical-geography/S01009818,Cardonald West and Central - 04,"","","","","","","","","","","","",0,0,0,0,0,0.00
http://statistics.gov.scot/id/statistical-geography/S01009819,Cardonald West and Central - 05,"","","","","","","","","","","","",0,0,0,14.29,13.33,13.33
http://statistics.gov.scot/id/statistical-geography/S01009820,Cardonald West and Central - 06,"","","","","","","","","","","","",8.33,8.33,16.67,7.69,8.33,9.09
http://statistics.gov.scot/id/statistical-geography/S01009821,Cardonald West and Central - 07,"","","","","","","","","","","","",0,0,0,0,0,0.00
http://statistics.gov.scot/id/statistical-geography/S01011696,Cardowan and Millerston - 01,"","","","","","","","","","","","",0,0,0,0,0,0.00
http://statistics.gov.scot/id/statistical-geography/S01011697,Cardowan and Millerston - 02,"","","","","","","","","","","","",4,0,0,0,0,0.00
http://statistics.gov.scot/id/statistical-geography/S01011698,Cardowan and Millerston - 03,"","","","","","","","","","","","",0,8.33,7.14,13.33,6.67,7.69
http://statistics.gov.scot/id/statistical-geography/S01011699,Cardowan and Millerston - 04,"","","","","","","","","","","","",0,0,0,0,0,0.00
http://statistics.gov.scot/id/statistical-geography/S01011700,Cardowan and Millerston - 05,"","","","","","","","","","","","",7.14,8.33,15.38,25,16.67,0.00
http://statistics.gov.scot/id/statistical-geography/S01012261,Cardrona,"","","","","","","","","","","","",0,0,0,0,0,0.00
http://statistics.gov.scot/id/statistical-geography/S01011456,Carfin North - 01,"","","","","","","","","","","","",11.11,20,12.5,23.08,28.57,25
http://statistics.gov.scot/id/statistical-geography/S01011457,Carfin North - 02,"","","","","","","","","","","","",13.33,14.29,20,30,7.69,7.69
http://statistics.gov.scot/id/statistical-geography/S01011458,Carfin North - 03,"","","","","","","","","","","","",0,0,0,0,3.7,6.9
http://statistics.gov.scot/id/statistical-geography/S01011459,Carfin North - 04,"","","","","","","","","","","","",0,0,0,0,13.64,13.64
http://statistics.gov.scot/id/statistical-geography/S01011464,Carfin and Cleekhimin - 01,"","","","","","","","","","","","",7.69,0,0,0,14.29,25
http://statistics.gov.scot/id/statistical-geography/S01011465,Carfin and Cleekhimin - 02,"","","","","","","","","","","","",20,40,16.67,14.29,11.11,33.33
http://statistics.gov.scot/id/statistical-geography/S01011466,Carfin and Cleekhimin - 03,"","","","","","","","","","","","",33.33,15.38,13.33,10.53,15.38,0.00
http://statistics.gov.scot/id/statistical-geography/S01011467,Carfin and Cleekhimin - 04,"","","","","","","","","","","","",0,14.29,20,50,25,40
http://statistics.gov.scot/id/statistical-geography/S01011468,Carfin and Cleekhimin - 05,"","","","","","","","","","","","",10,0,0,0,0,0.00
http://statistics.gov.scot/id/statistical-geography/S01011469,Carfin and Cleekhimin - 06,"","","","","","","","","","","","",11.76,12.5,0,28.57,25,38.46
http://statistics.gov.scot/id/statistical-geography/S01011470,Carfin and Cleekhimin - 07,"","","","","","","","","","","","",6.67,6.25,15.38,16.67,21.43,10
http://statistics.gov.scot/id/statistical-geography/S01012244,Carlops Romannobridge,"","","","","","","","","","","","",8.33,0,0,0,0,0.00
http://statistics.gov.scot/id/statistical-geography/S01012606,Carluke East - 01,"","","","","","","","","","","","",0,0,0,0,0,0.00
http://statistics.gov.scot/id/statistical-geography/S01012607,Carluke East - 02,"","","","","","","","","","","","",13.33,0,5.26,5.88,7.14,0.00
http://statistics.gov.scot/id/statistical-geography/S01012608,Carluke East - 03,"","","","","","","","","","","","",17.65,8.33,16.67,16.67,30,20
http://statistics.gov.scot/id/statistical-geography/S01012609,Carluke East - 04,"","","","","","","","","","","","",6.67,22.22,11.11,9.09,9.09,8.33
http://statistics.gov.scot/id/statistical-geography/S01012610,Carluke East - 05,"","","","","","","","","","","","",6.67,7.14,12.5,16.67,14.29,17.65
http://statistics.gov.scot/id/statistical-geography/S01012602,Carluke North - 01,"","","","","","","","","","","","",0,0,20,21.43,23.08,0.00
http://statistics.gov.scot/id/statistical-geography/S01012603,Carluke North - 02,"","","","","","","","","","","","",22.22,8.33,9.09,0,0,0.00
http://statistics.gov.scot/id/statistical-geography/S01012604,Carluke North - 03,"","","","","","","","","","","","",16.67,33.33,30,15.38,0,8.33
http://statistics.gov.scot/id/statistical-geography/S01012605,Carluke North - 04,"","","","","","","","","","","","",14.29,20,14.29,0,0,0.00
http://statistics.gov.scot/id/statistical-geography/S01012611,Carluke South - 01,"","","","","","","","","","","","",8.33,11.76,5.26,5,0,0.00
http://statistics.gov.scot/id/statistical-geography/S01012612,Carluke South - 02,"","","","","","","","","","","","",40,33.33,11.11,0,12.5,25
http://statistics.gov.scot/id/statistical-geography/S01012613,Carluke South - 03,"","","","","","","","","","","","",25,16.67,0,22.22,27.27,10
http://statistics.gov.scot/id/statistical-geography/S01012614,Carluke South - 04,"","","","","","","","","","","","",9.52,8.7,4.55,5.56,0,5.88
http://statistics.gov.scot/id/statistical-geography/S01012598,Carluke West - 01,"","","","","","","","","","","","",0,0,0,0,0,0.00
http://statistics.gov.scot/id/statistical-geography/S01012599,Carluke West - 02,"","","","","","","","","","","","",14.29,11.11,0,0,0,0.00
http://statistics.gov.scot/id/statistical-geography/S01012600,Carluke West - 03,"","","","","","","","","","","","",20,14.29,9.09,0,0,0.00
http://statistics.gov.scot/id/statistical-geography/S01012601,Carluke West - 04,"","","","","","","","","","","","",27.27,0,0,0,0,11.11
http://statistics.gov.scot/id/statistical-geography/S01013346,Carmondean and Eliburn North - 01,"","","","","","","","","","","","",16.67,16.67,9.09,0,0,0.00
http://statistics.gov.scot/id/statistical-geography/S01013347,Carmondean and Eliburn North - 02,"","","","","","","","","","","","",0,0,0,0,0,0.00
http://statistics.gov.scot/id/statistical-geography/S01013348,Carmondean and Eliburn North - 03,"","","","","","","","","","","","",0,0,8.33,0,0,0.00
http://statistics.gov.scot/id/statistical-geography/S01013349,Carmondean and Eliburn North - 04,"","","","","","","","","","","","",12.5,5.56,12,20,17.65,0.00
http://statistics.gov.scot/id/statistical-geography/S01013350,Carmondean and Eliburn North - 05,"","","","","","","","","","","","",33.33,40,50,20,8.33,0.00
http://statistics.gov.scot/id/statistical-geography/S01013351,Carmondean and Eliburn North - 06,"","","","","","","","","","","","",14.29,14.29,0,0,0,0.00
http://statistics.gov.scot/id/statistical-geography/S01013352,Carmondean and Eliburn North - 07,"","","","","","","","","","","","",0,0,27.27,20,18.18,0.00
http://statistics.gov.scot/id/statistical-geography/S01013353,Carmondean and Eliburn North - 08,"","","","","","","","","","","","",20,25,20,16.67,0,0.00
http://statistics.gov.scot/id/statistical-geography/S01009965,Carmunnock North - 01,"","","","","","","","","","","","",0,0,0,0,0,0.00
http://statistics.gov.scot/id/statistical-geography/S01009966,Carmunnock North - 02,"","","","","","","","","","","","",16.67,16.67,0,0,0,0.00
http://statistics.gov.scot/id/statistical-geography/S01009967,Carmunnock North - 03,"","","","","","","","","","","","",0,0,0,0,0,0.00
http://statistics.gov.scot/id/statistical-geography/S01009968,Carmunnock North - 04,"","","","","","","","","","","","",0,0,0,0,0,0.00
http://statistics.gov.scot/id/statistical-geography/S01009969,Carmunnock South - 01,"","","","","","","","","","","","",0,0,0,0,0,0.00
http://statistics.gov.scot/id/statistical-geography/S01009970,Carmunnock South - 02,"","","","","","","","","","","","",14.29,15.38,25,42.86,44.44,42.86
http://statistics.gov.scot/id/statistical-geography/S01009971,Carmunnock South - 03,"","","","","","","","","","","","",7.69,7.14,0,0,5,8.33
http://statistics.gov.scot/id/statistical-geography/S01009972,Carmunnock South - 04,"","","","","","","","","","","","",0,5.26,5,5.88,8.33,11.11
http://statistics.gov.scot/id/statistical-geography/S01010074,Carmyle and Mount Vernon South - 01,"","","","","","","","","","","","",0,0,0,0,0,0.00
http://statistics.gov.scot/id/statistical-geography/S01010075,Carmyle and Mount Vernon South - 02,"","","","","","","","","","","","",9.09,22.22,33.33,33.33,0,0.00
http://statistics.gov.scot/id/statistical-geography/S01010076,Carmyle and Mount Vernon South - 03,"","","","","","","","","","","","",0,0,0,14.29,14.29,14.29
http://statistics.gov.scot/id/statistical-geography/S01010077,Carmyle and Mount Vernon South - 04,"","","","","","","","","","","","",10,10,22.22,27.27,30,12.5
http://statistics.gov.scot/id/statistical-geography/S01009307,Carnegie Drive,"","","","","","","","","","","","",4.55,5.26,5.88,5.56,5.26,4.76
http://statistics.gov.scot/id/statistical-geography/S01009276,Carnock,"","","","","","","","","","","","",0,16.67,20,14.29,0,0.00
http://statistics.gov.scot/id/statistical-geography/S01007163,Carnoustie East - 01,"","","","","","","","","","","","",14.29,0,0,0,25,20
http://statistics.gov.scot/id/statistical-geography/S01007164,Carnoustie East - 02,"","","","","","","","","","","","",25,22.22,0,0,0,0.00
http://statistics.gov.scot/id/statistical-geography/S01007165,Carnoustie East - 03,"","","","","","","","","","","","",0,0,14.29,9.09,9.09,0.00
http://statistics.gov.scot/id/statistical-geography/S01007166,Carnoustie East - 04,"","","","","","","","","","","","",0,0,0,0,0,0.00
http://statistics.gov.scot/id/statistical-geography/S01007167,Carnoustie East - 05,"","","","","","","","","","","","",33.33,0,10,10,12.5,0.00
http://statistics.gov.scot/id/statistical-geography/S01007168,Carnoustie East - 06,"","","","","","","","","","","","",0,0,0,0,0,0.00
http://statistics.gov.scot/id/statistical-geography/S01007169,Carnoustie East - 07,"","","","","","","","","","","","",0,0,0,0,0,0.00
http://statistics.gov.scot/id/statistical-geography/S01007156,Carnoustie West - 01,"","","","","","","","","","","","",0,0,0,0,0,0.00
http://statistics.gov.scot/id/statistical-geography/S01007157,Carnoustie West - 02,"","","","","","","","","","","","",0,0,0,0,0,0.00
http://statistics.gov.scot/id/statistical-geography/S01007158,Carnoustie West - 03,"","","","","","","","","","","","",0,0,0,0,0,0.00
http://statistics.gov.scot/id/statistical-geography/S01007159,Carnoustie West - 04,"","","","","","","","","","","","",11.11,20,22.22,15.38,0,0.00
http://statistics.gov.scot/id/statistical-geography/S01007160,Carnoustie West - 05,"","","","","","","","","","","","",15.38,14.29,10,9.09,0,0.00
http://statistics.gov.scot/id/statistical-geography/S01007161,Carnoustie West - 06,"","","","","","","","","","","","",20,16.67,22.22,11.11,11.11,14.29
http://statistics.gov.scot/id/statistical-geography/S01007162,Carnoustie West - 07,"","","","","","","","","","","","",7.14,10,14.29,16.67,14.29,0.00
http://statistics.gov.scot/id/statistical-geography/S01010152,Carntyne - 01,"","","","","","","","","","","","",0,0,0,0,0,0.00
http://statistics.gov.scot/id/statistical-geography/S01010153,Carntyne - 02,"","","","","","","","","","","","",16.67,25,0,0,0,0.00
http://statistics.gov.scot/id/statistical-geography/S01010154,Carntyne - 03,"","","","","","","","","","","","",7.69,10,0,0,16.67,40
http://statistics.gov.scot/id/statistical-geography/S01010155,Carntyne - 04,"","","","","","","","","","","","",20,50,40,33.33,11.11,0.00
http://statistics.gov.scot/id/statistical-geography/S01010242,Carntyne West and Haghill - 01,"","","","","","","","","","","","",6.67,6.25,13.33,14.29,21.43,20
http://statistics.gov.scot/id/statistical-geography/S01010243,Carntyne West and Haghill - 02,"","","","","","","","","","","","",11.11,17.39,18.18,23.08,26.67,23.08
http://statistics.gov.scot/id/statistical-geography/S01010244,Carntyne West and Haghill - 03,"","","","","","","","","","","","",0,0,0,12.5,11.11,16.67
http://statistics.gov.scot/id/statistical-geography/S01010245,Carntyne West and Haghill - 04,"","","","","","","","","","","","",0,0,6.25,11.11,16.67,9.09
http://statistics.gov.scot/id/statistical-geography/S01010246,Carntyne West and Haghill - 05,"","","","","","","","","","","","",0,13.33,20,38.46,25,15.38
http://statistics.gov.scot/id/statistical-geography/S01010247,Carntyne West and Haghill - 06,"","","","","","","","","","","","",0,0,0,0,0,0.00
http://statistics.gov.scot/id/statistical-geography/S01009944,Carnwadric East - 01,"","","","","","","","","","","","",25,18.18,18.18,7.69,0,0.00
http://statistics.gov.scot/id/statistical-geography/S01009945,Carnwadric East - 02,"","","","","","","","","","","","",11.11,22.22,20,11.11,0,0.00
http://statistics.gov.scot/id/statistical-geography/S01009946,Carnwadric East - 03,"","","","","","","","","","","","",8.33,6.67,11.11,15,18.18,10
http://statistics.gov.scot/id/statistical-geography/S01009947,Carnwadric East - 04,"","","","","","","","","","","","",7.14,8.33,11.11,14.29,20,20
http://statistics.gov.scot/id/statistical-geography/S01009939,Carnwadric West - 01,"","","","","","","","","","","","",25,30,25,20,11.11,25
http://statistics.gov.scot/id/statistical-geography/S01009940,Carnwadric West - 02,"","","","","","","","","","","","",27.27,27.27,28.57,33.33,25,25
http://statistics.gov.scot/id/statistical-geography/S01009941,Carnwadric West - 03,"","","","","","","","","","","","",11.11,12.5,0,0,0,0.00
http://statistics.gov.scot/id/statistical-geography/S01009942,Carnwadric West - 04,"","","","","","","","","","","","",6.25,7.14,12.5,5.56,13.04,4.76
http://statistics.gov.scot/id/statistical-geography/S01009943,Carnwadric West - 05,"","","","","","","","","","","","",6.25,10,0,0,0,16.67
http://statistics.gov.scot/id/statistical-geography/S01008977,Carrick Knowe - 01,"","","","","","","","","","","","",0,0,0,0,0,0.00
http://statistics.gov.scot/id/statistical-geography/S01008978,Carrick Knowe - 02,"","","","","","","","","","","","",0,0,0,0,0,0.00
http://statistics.gov.scot/id/statistical-geography/S01008979,Carrick Knowe - 03,"","","","","","","","","","","","",0,0,0,0,0,0.00
http://statistics.gov.scot/id/statistical-geography/S01008980,Carrick Knowe - 04,"","","","","","","","","","","","",0,0,0,10,7.69,7.69
http://statistics.gov.scot/id/statistical-geography/S01012441,Carrick North - 01,"","","","","","","","","","","","",16.67,37.5,50,25,0,0.00
http://statistics.gov.scot/id/statistical-geography/S01012442,Carrick North - 02,"","","","","","","","","","","","",0,0,0,0,0,0.00
http://statistics.gov.scot/id/statistical-geography/S01012443,Carrick North - 03,"","","","","","","","","","","","",0,0,0,0,0,0.00
http://statistics.gov.scot/id/statistical-geography/S01012444,Carrick North - 04,"","","","","","","","","","","","",0,0,0,0,0,0.00
http://statistics.gov.scot/id/statistical-geography/S01012445,Carrick North - 05,"","","","","","","","","","","","",0,0,0,0,0,0.00
http://statistics.gov.scot/id/statistical-geography/S01012417,Carrick South - 01,"","","","","","","","","","","","",25,16.67,20,0,0,0.00
http://statistics.gov.scot/id/statistical-geography/S01012418,Carrick South - 02,"","","","","","","","","","","","",7.14,0,0,0,0,0.00
http://statistics.gov.scot/id/statistical-geography/S01012419,Carrick South - 03,"","","","","","","","","","","","",33.33,0,0,0,0,0.00
http://statistics.gov.scot/id/statistical-geography/S01012420,Carrick South - 04,"","","","","","","","","","","","",16.67,50,37.5,28.57,0,0.00
http://statistics.gov.scot/id/statistical-geography/S01012421,Carrick South - 05,"","","","","","","","","","","","",16.67,16.67,22.22,11.11,14.29,0.00
http://statistics.gov.scot/id/statistical-geography/S01012422,Carrick South - 06,"","","","","","","","","","","","",16.67,14.29,0,12.5,11.11,12.5
http://statistics.gov.scot/id/statistical-geography/S01012423,Carrick South - 07,"","","","","","","","","","","","",0,0,0,0,0,0.00
http://statistics.gov.scot/id/statistical-geography/S01011771,Carrickstone - 01,"","","","","","","","","","","","",10,0,0,0,0,11.11
http://statistics.gov.scot/id/statistical-geography/S01011772,Carrickstone - 02,"","","","","","","","","","","","",0,0,0,0,0,0.00
http://statistics.gov.scot/id/statistical-geography/S01011773,Carrickstone - 03,"","","","","","","","","","","","",14.29,11.11,0,0,0,0.00
http://statistics.gov.scot/id/statistical-geography/S01011774,Carrickstone - 04,"","","","","","","","","","","","",7.14,8.33,18.18,12.5,14.29,12.5
http://statistics.gov.scot/id/statistical-geography/S01011775,Carrickstone - 05,"","","","","","","","","","","","",0,0,0,0,0,0.00
http://statistics.gov.scot/id/statistical-geography/S01011776,Carrickstone - 06,"","","","","","","","","","","","",0,0,0,0,0,0.00
http://statistics.gov.scot/id/statistical-geography/S01009113,Carron - 01,"","","","","","","","","","","","",0,0,0,0,0,0.00
http://statistics.gov.scot/id/statistical-geography/S01009114,Carron - 02,"","","","","","","","","","","","",10,20,20,20,10,0.00
http://statistics.gov.scot/id/statistical-geography/S01009115,Carron - 03,"","","","","","","","","","","","",0,0,0,0,0,0.00
http://statistics.gov.scot/id/statistical-geography/S01009116,Carron - 04,"","","","","","","","","","","","",0,0,0,"","",0.00
http://statistics.gov.scot/id/statistical-geography/S01009117,Carronshore - 01,"","","","","","","","","","","","",13.33,20,18.75,15.79,13.33,5.56
http://statistics.gov.scot/id/statistical-geography/S01009118,Carronshore - 02,"","","","","","","","","","","","",7.69,0,0,0,0,0.00
http://statistics.gov.scot/id/statistical-geography/S01009119,Carronshore - 03,"","","","","","","","","","","","",16.67,22.22,28.57,20,0,0.00
http://statistics.gov.scot/id/statistical-geography/S01009120,Carronshore - 04,"","","","","","","","","","","","",25,16.67,14.29,0,0,12.5
http://statistics.gov.scot/id/statistical-geography/S01009121,Carse and Grangemouth Old Town - 01,"","","","","","","","","","","","",11.11,7.14,0,0,0,0.00
http://statistics.gov.scot/id/statistical-geography/S01009122,Carse and Grangemouth Old Town - 02,"","","","","","","","","","","","",18.18,14.29,8.7,6.25,2.38,1.92
http://statistics.gov.scot/id/statistical-geography/S01009123,Carse and Grangemouth Old Town - 03,"","","","","","","","","","","","",12.5,12.5,12.5,0,0,0.00
http://statistics.gov.scot/id/statistical-geography/S01009124,Carse and Grangemouth Old Town - 04,"","","","","","","","","","","","",11.11,7.69,7.69,0,0,0.00
http://statistics.gov.scot/id/statistical-geography/S01009125,Carse and Grangemouth Old Town - 05,"","","","","","","","","","","","",0,0,0,0,0,0.00
http://statistics.gov.scot/id/statistical-geography/S01013106,Carse of Stirling - 01,"","","","","","","","","","","","",11.11,14.29,16.67,13.33,13.33,12.5
http://statistics.gov.scot/id/statistical-geography/S01013107,Carse of Stirling - 02,"","","","","","","","","","","","",0,0,0,3.85,4.35,5.56
http://statistics.gov.scot/id/statistical-geography/S01013108,Carse of Stirling - 03,"","","","","","","","","","","","",33.33,16.67,14.29,0,0,0.00
http://statistics.gov.scot/id/statistical-geography/S01013109,Carse of Stirling - 04,"","","","","","","","","","","","",11.76,6.67,5.88,0,0,0.00
http://statistics.gov.scot/id/statistical-geography/S01013110,Carse of Stirling - 05,"","","","","","","","","","","","",16.67,16.67,28.57,28.57,12.5,0.00
http://statistics.gov.scot/id/statistical-geography/S01013111,Carse of Stirling - 06,"","","","","","","","","","","","",14.29,16.67,14.29,0,0,0.00
http://statistics.gov.scot/id/statistical-geography/S01012581,"Carstairs, Carstairs Junction and Carnwath - 01","","","","","","","","","","","","",0,10,14.29,21.43,16.67,22.22
http://statistics.gov.scot/id/statistical-geography/S01012582,"Carstairs, Carstairs Junction and Carnwath - 02","","","","","","","","","","","","",0,6.25,7.14,11.11,11.76,12.5
http://statistics.gov.scot/id/statistical-geography/S01012583,"Carstairs, Carstairs Junction and Carnwath - 03","","","","","","","","","","","","",25,0,0,8.33,0,0.00
http://statistics.gov.scot/id/statistical-geography/S01012584,"Carstairs, Carstairs Junction and Carnwath - 04","","","","","","","","","","","","",25,40,66.67,33.33,33.33,0.00
http://statistics.gov.scot/id/statistical-geography/S01012585,"Carstairs, Carstairs Junction and Carnwath - 05","","","","","","","","","","","","",0,0,0,0,9.09,10
http://statistics.gov.scot/id/statistical-geography/S01012586,"Carstairs, Carstairs Junction and Carnwath - 06","","","","","","","","","","","","",25,18.18,9.09,0,0,0.00
http://statistics.gov.scot/id/statistical-geography/S01009566,Caskieberran East,"","","","","","","","","","","","",12.5,7.14,0,5.88,10.53,11.76
http://statistics.gov.scot/id/statistical-geography/S01009567,Caskieberran West,"","","","","","","","","","","","",23.08,20,12.5,6.25,0,0.00
http://statistics.gov.scot/id/statistical-geography/S01007534,Castle Douglas - 01,"","","","","","","","","","","","",25,25,0,0,0,0.00
http://statistics.gov.scot/id/statistical-geography/S01007535,Castle Douglas - 02,"","","","","","","","","","","","",12.5,16.67,25,9.09,9.09,0.00
http://statistics.gov.scot/id/statistical-geography/S01007536,Castle Douglas - 03,"","","","","","","","","","","","",7.69,10,8.33,6.25,0,0.00
http://statistics.gov.scot/id/statistical-geography/S01007537,Castle Douglas - 04,"","","","","","","","","","","","",5.56,13.33,16.67,11.11,0,0.00
http://statistics.gov.scot/id/statistical-geography/S01007538,Castle Douglas - 05,"","","","","","","","","","","","",0,11.11,10,22.22,11.11,12.5
http://statistics.gov.scot/id/statistical-geography/S01012459,Castlehill and Kincaidston - 01,"","","","","","","","","","","","",9.09,0,14.29,20,20,0.00
http://statistics.gov.scot/id/statistical-geography/S01012460,Castlehill and Kincaidston - 02,"","","","","","","","","","","","",0,0,0,0,0,0.00
http://statistics.gov.scot/id/statistical-geography/S01012461,Castlehill and Kincaidston - 03,"","","","","","","","","","","","",20,20,12.5,0,11.11,11.11
http://statistics.gov.scot/id/statistical-geography/S01012462,Castlehill and Kincaidston - 04,"","","","","","","","","","","","",21.43,27.27,16.67,27.27,7.14,8.33
http://statistics.gov.scot/id/statistical-geography/S01012463,Castlehill and Kincaidston - 05,"","","","","","","","","","","","",20,11.11,12.5,0,0,0.00
http://statistics.gov.scot/id/statistical-geography/S01012464,Castlehill and Kincaidston - 06,"","","","","","","","","","","","",11.11,12.5,11.11,10,0,0.00
http://statistics.gov.scot/id/statistical-geography/S01012465,Castlehill and Kincaidston - 07,"","","","","","","","","","","","",12.5,9.09,18.18,16.67,0,0.00
http://statistics.gov.scot/id/statistical-geography/S01009986,Castlemilk - 01,"","","","","","","","","","","","",11.11,0,0,12.5,16.67,33.33
http://statistics.gov.scot/id/statistical-geography/S01009987,Castlemilk - 02,"","","","","","","","","","","","",11.11,8.33,20,20,20,9.09
http://statistics.gov.scot/id/statistical-geography/S01009988,Castlemilk - 03,"","","","","","","","","","","","",0,8.33,20,20,0,0.00
http://statistics.gov.scot/id/statistical-geography/S01009989,Castlemilk - 04,"","","","","","","","","","","","",16.67,16.67,15.38,25,22.22,25
http://statistics.gov.scot/id/statistical-geography/S01009990,Castlemilk - 05,"","","","","","","","","","","","",0,0,0,7.69,11.11,25
http://statistics.gov.scot/id/statistical-geography/S01009991,Castlemilk - 06,"","","","","","","","","","","","",9.09,14.29,20,16.67,14.29,7.69
http://statistics.gov.scot/id/statistical-geography/S01009992,Castlemilk - 07,"","","","","","","","","","","","",0,0,14.29,14.29,22.22,25
http://statistics.gov.scot/id/statistical-geography/S01010005,Cathcart - 01,"","","","","","","","","","","","",0,0,0,0,0,0.00
http://statistics.gov.scot/id/statistical-geography/S01010006,Cathcart - 02,"","","","","","","","","","","","",10.53,0,4,4.17,6.67,0.00
http://statistics.gov.scot/id/statistical-geography/S01010007,Cathcart - 03,"","","","","","","","","","","","",14.29,14.29,0,0,0,0.00
http://statistics.gov.scot/id/statistical-geography/S01010008,Cathcart - 04,"","","","","","","","","","","","",7.14,0,0,0,5.26,8.33
http://statistics.gov.scot/id/statistical-geography/S01010009,Cathcart - 05,"","","","","","","","","","","","",0,0,0,0,0,0.00
http://statistics.gov.scot/id/statistical-geography/S01010010,Cathcart - 06,"","","","","","","","","","","","",0,0,0,0,0,0.00
http://statistics.gov.scot/id/statistical-geography/S01013080,Causewayhead - 01,"","","","","","","","","","","","",11.11,14.29,0,0,0,0.00
http://statistics.gov.scot/id/statistical-geography/S01013081,Causewayhead - 02,"","","","","","","","","","","","",0,0,0,0,0,0.00
http://statistics.gov.scot/id/statistical-geography/S01013082,Causewayhead - 03,"","","","","","","","","","","","",9.09,0,0,0,0,0.00
http://statistics.gov.scot/id/statistical-geography/S01010110,Central Easterhouse - 01,"","","","","","","","","","","","",34.78,42.11,41.18,25,22.22,11.76
http://statistics.gov.scot/id/statistical-geography/S01010111,Central Easterhouse - 02,"","","","","","","","","","","","",30,44.44,38.89,25,12.5,0.00
http://statistics.gov.scot/id/statistical-geography/S01010112,Central Easterhouse - 03,"","","","","","","","","","","","",29.41,36.36,38.46,45.45,40,14.29
http://statistics.gov.scot/id/statistical-geography/S01012402,Central Shetland - 01,"","","","","","","","","","","","",6.25,4.17,4.76,5.26,7.14,7.14
http://statistics.gov.scot/id/statistical-geography/S01012403,Central Shetland - 02,"","","","","","","","","","","","",7.32,5.13,4.17,0,0,0.00
http://statistics.gov.scot/id/statistical-geography/S01012404,Central Shetland - 03,"","","","","","","","","","","","",0,0,5.88,5.56,0,0.00
http://statistics.gov.scot/id/statistical-geography/S01012405,Central Shetland - 04,"","","","","","","","","","","","",0,0,0,0,0,0.00
http://statistics.gov.scot/id/statistical-geography/S01011938,Central and South Inch - 01,"","","","","","","","","","","","",8.33,0,0,0,0,0.00
http://statistics.gov.scot/id/statistical-geography/S01011939,Central and South Inch - 02,"","","","","","","","","","","","",18.75,15.38,8.33,0,0,0.00
http://statistics.gov.scot/id/statistical-geography/S01011940,Central and South Inch - 03,"","","","","","","","","","","","",0,0,0,10,9.09,11.11
http://statistics.gov.scot/id/statistical-geography/S01011941,Central and South Inch - 04,"","","","","","","","","","","","",16.67,20,20,10,0,6.25
http://statistics.gov.scot/id/statistical-geography/S01011942,Central and South Inch - 05,"","","","","","","","","","","","",10,12.5,12.5,0,0,0.00
http://statistics.gov.scot/id/statistical-geography/S01011943,Central and South Inch - 06,"","","","","","","","","","","","",15.38,18.18,19.35,18.52,14.29,10.53
http://statistics.gov.scot/id/statistical-geography/S01009695,Ceres East and Pitscottie,"","","","","","","","","","","","",0,0,0,0,0,0.00
http://statistics.gov.scot/id/statistical-geography/S01009520,Chapel,"","","","","","","","","","","","",13.33,12.5,10,0,0,0.00
http://statistics.gov.scot/id/statistical-geography/S01009518,Chapel Moss,"","","","","","","","","","","","",0,0,0,0,4.76,13.64
http://statistics.gov.scot/id/statistical-geography/S01011620,Chapelhall East - 01,"","","","","","","","","","","","",0,0,0,0,0,0.00
http://statistics.gov.scot/id/statistical-geography/S01011621,Chapelhall East - 02,"","","","","","","","","","","","",22.22,14.29,20,0,0,10
http://statistics.gov.scot/id/statistical-geography/S01011622,Chapelhall East - 03,"","","","","","","","","","","","",20,14.29,0,0,0,0.00
http://statistics.gov.scot/id/statistical-geography/S01011623,Chapelhall East - 04,"","","","","","","","","","","","",14.29,33.33,42.86,28.57,16.67,25
http://statistics.gov.scot/id/statistical-geography/S01011624,Chapelhall East - 05,"","","","","","","","","","","","",25,44.44,25,20,0,0.00
http://statistics.gov.scot/id/statistical-geography/S01011617,Chapelhall West - 01,"","","","","","","","","","","","",6.67,14.29,16.67,10,0,0.00
http://statistics.gov.scot/id/statistical-geography/S01011618,Chapelhall West - 02,"","","","","","","","","","","","",0,10,10,25,25,22.22
http://statistics.gov.scot/id/statistical-geography/S01011619,Chapelhall West - 03,"","","","","","","","","","","","",13.64,10.53,11.76,6.67,15.38,16.67
http://statistics.gov.scot/id/statistical-geography/S01009516,Chapelhill and Torbain,"","","","","","","","","","","","",0,0,0,0,0,0.00
http://statistics.gov.scot/id/statistical-geography/S01012695,"Chapelton, Glengavel and Sandford - 01","","","","","","","","","","","","",0,0,0,0,0,0.00
http://statistics.gov.scot/id/statistical-geography/S01012696,"Chapelton, Glengavel and Sandford - 02","","","","","","","","","","","","",0,0,0,0,0,0.00
http://statistics.gov.scot/id/statistical-geography/S01012697,"Chapelton, Glengavel and Sandford - 03","","","","","","","","","","","","",0,0,0,0,0,0.00
http://statistics.gov.scot/id/statistical-geography/S01012698,"Chapelton, Glengavel and Sandford - 04","","","","","","","","","","","","",10,0,0,0,0,0.00
http://statistics.gov.scot/id/statistical-geography/S01009517,Chapelwood,"","","","","","","","","","","","",4.55,11.11,6.25,6.67,0,0.00
http://statistics.gov.scot/id/statistical-geography/S01007845,Charleston - 01,"","","","","","","","","","","","",26.32,27.78,18.75,10,14.29,12.5
http://statistics.gov.scot/id/statistical-geography/S01007846,Charleston - 02,"","","","","","","","","","","","",8.33,12.5,16.67,14.29,12.5,9.09
http://statistics.gov.scot/id/statistical-geography/S01007847,Charleston - 03,"","","","","","","","","","","","",0,0,0,0,33.33,41.67
http://statistics.gov.scot/id/statistical-geography/S01007848,Charleston - 04,"","","","","","","","","","","","",25,10,9.09,7.69,7.14,15.38
http://statistics.gov.scot/id/statistical-geography/S01007849,Charleston - 05,"","","","","","","","","","","","",40.91,43.75,26.32,25,33.33,44.44
http://statistics.gov.scot/id/statistical-geography/S01009288,Charlestown and Bellknowes,"","","","","","","","","","","","",14.29,0,0,0,0,0.00
http://statistics.gov.scot/id/statistical-geography/S01012321,Chirnside - East,"","","","","","","","","","","","",11.76,11.11,0,16.67,16.67,25
http://statistics.gov.scot/id/statistical-geography/S01012320,Chirnside - West,"","","","","","","","","","","","",42.86,40,40,0,0,0.00
http://statistics.gov.scot/id/statistical-geography/S01011704,Chryston and Muirhead - 01,"","","","","","","","","","","","",8.33,9.09,0,0,0,0.00
http://statistics.gov.scot/id/statistical-geography/S01011705,Chryston and Muirhead - 02,"","","","","","","","","","","","",25,18.52,5.26,0,0,0.00
http://statistics.gov.scot/id/statistical-geography/S01011706,Chryston and Muirhead - 03,"","","","","","","","","","","","",9.09,7.14,12.5,6.67,18.18,11.11
http://statistics.gov.scot/id/statistical-geography/S01011707,Chryston and Muirhead - 04,"","","","","","","","","","","","",0,0,0,0,0,0.00
http://statistics.gov.scot/id/statistical-geography/S01011708,Chryston and Muirhead - 05,"","","","","","","","","","","","",18.18,11.11,14.29,14.29,12.5,0.00
http://statistics.gov.scot/id/statistical-geography/S01007701,City Centre - 01,"","","","","","","","","","","","",22.22,18.18,12.5,0,0,0.00
http://statistics.gov.scot/id/statistical-geography/S01013067,City Centre - 01,"","","","","","","","","","","","",15.38,22.22,25,16.67,7.14,6.67
http://statistics.gov.scot/id/statistical-geography/S01007702,City Centre - 02,"","","","","","","","","","","","",11.11,0,0,0,0,0.00
http://statistics.gov.scot/id/statistical-geography/S01013068,City Centre - 02,"","","","","","","","","","","","",23.53,15.38,22.22,22.22,20,9.09
http://statistics.gov.scot/id/statistical-geography/S01007703,City Centre - 03,"","","","","","","","","","","","",12.5,7.69,14.29,7.69,9.09,0.00
http://statistics.gov.scot/id/statistical-geography/S01013069,City Centre - 03,"","","","","","","","","","","","",0,14.29,16.67,9.09,0,0.00
http://statistics.gov.scot/id/statistical-geography/S01007704,City Centre - 04,"","","","","","","","","","","","",54.55,42.86,45.45,25,13.33,0.00
http://statistics.gov.scot/id/statistical-geography/S01013070,City Centre - 04,"","","","","","","","","","","","",0,0,12.5,28.57,28.57,25
http://statistics.gov.scot/id/statistical-geography/S01007705,City Centre - 05,"","","","","","","","","","","","",12.5,14.29,0,0,0,11.11
http://statistics.gov.scot/id/statistical-geography/S01013071,City Centre - 05,"","","","","","","","","","","","",0,0,0,0,0,0.00
http://statistics.gov.scot/id/statistical-geography/S01007706,City Centre - 06,"","","","","","","","","","","","",0,0,0,20,28.57,40
http://statistics.gov.scot/id/statistical-geography/S01006587,City Centre East - 01,"","","","","","","","","","","","",0,0,0,0,0,0.00
http://statistics.gov.scot/id/statistical-geography/S01010259,City Centre East - 01,"","","","","","","","","","","","",10,0,7.69,9.09,8.33,10
http://statistics.gov.scot/id/statistical-geography/S01006588,City Centre East - 02,"","","","","","","","","","","","",0,0,8.7,7.69,12.5,0.00
http://statistics.gov.scot/id/statistical-geography/S01010260,City Centre East - 02,"","","","","","","","","","","","",16.67,17.39,5.26,0,0,0.00
http://statistics.gov.scot/id/statistical-geography/S01006589,City Centre East - 03,"","","","","","","","","","","","",7.14,0,0,0,7.14,8.33
http://statistics.gov.scot/id/statistical-geography/S01010261,City Centre East - 03,"","","","","","","","","","","","",11.76,0,0,0,0,0.00
http://statistics.gov.scot/id/statistical-geography/S01006590,City Centre East - 04,"","","","","","","","","","","","",5.26,0,0,0,0,0.00
http://statistics.gov.scot/id/statistical-geography/S01010262,City Centre East - 04,"","","","","","","","","","","","",27.27,33.33,20,33.33,25,22.22
http://statistics.gov.scot/id/statistical-geography/S01010263,City Centre East - 05,"","","","","","","","","","","","",0,0,0,0,0,0.00
http://statistics.gov.scot/id/statistical-geography/S01010264,City Centre East - 06,"","","","","","","","","","","","",0,0,0,0,0,0.00
http://statistics.gov.scot/id/statistical-geography/S01010265,City Centre East - 07,"","","","","","","","","","","","",0,0,0,0,0,0.00
http://statistics.gov.scot/id/statistical-geography/S01010272,City Centre South - 01,"","","","","","","","","","","","",0,0,0,0,5.26,4.76
http://statistics.gov.scot/id/statistical-geography/S01010273,City Centre South - 02,"","","","","","","","","","","","",0,0,0,0,0,0.00
http://statistics.gov.scot/id/statistical-geography/S01010274,City Centre South - 03,"","","","","","","","","","","","",0,0,0,0,0,0.00
http://statistics.gov.scot/id/statistical-geography/S01010275,City Centre South - 04,"","","","","","","","","","","","",0,0,0,0,0,0.00
http://statistics.gov.scot/id/statistical-geography/S01006582,City Centre West - 01,"","","","","","","","","","","","",3.85,5.26,0,0,0,7.14
http://statistics.gov.scot/id/statistical-geography/S01010266,City Centre West - 01,"","","","","","","","","","","","",0,0,0,0,0,0.00
http://statistics.gov.scot/id/statistical-geography/S01006583,City Centre West - 02,"","","","","","","","","","","","",10.53,0,0,0,0,0.00
http://statistics.gov.scot/id/statistical-geography/S01010267,City Centre West - 02,"","","","","","","","","","","","",0,12.5,16.67,12.5,0,0.00
http://statistics.gov.scot/id/statistical-geography/S01006584,City Centre West - 03,"","","","","","","","","","","","",0,0,0,0,0,0.00
http://statistics.gov.scot/id/statistical-geography/S01010268,City Centre West - 03,"","","","","","","","","","","","",0,0,0,0,0,0.00
http://statistics.gov.scot/id/statistical-geography/S01006585,City Centre West - 04,"","","","","","","","","","","","",4.55,5,0,0,6.25,7.69
http://statistics.gov.scot/id/statistical-geography/S01010269,City Centre West - 04,"","","","","","","","","","","","",0,0,0,0,0,0.00
http://statistics.gov.scot/id/statistical-geography/S01006586,City Centre West - 05,"","","","","","","","","","","","",0,0,0,0,0,0.00
http://statistics.gov.scot/id/statistical-geography/S01010270,City Centre West - 05,"","","","","","","","","","","","",0,0,0,0,7.14,9.09
http://statistics.gov.scot/id/statistical-geography/S01010271,City Centre West - 06,"","","","","","","","","","","","",0,0,0,0,0,0.00
http://statistics.gov.scot/id/statistical-geography/S01007448,"Clackmannan, Kennet and Forestmill - 01","","","","","","","","","","","","",0,0,0,0,0,0.00
http://statistics.gov.scot/id/statistical-geography/S01007449,"Clackmannan, Kennet and Forestmill - 02","","","","","","","","","","","","",25,40,36.84,26.67,18.18,0.00
http://statistics.gov.scot/id/statistical-geography/S01007450,"Clackmannan, Kennet and Forestmill - 03","","","","","","","","","","","","",40,31.25,21.43,16.67,10,7.14
http://statistics.gov.scot/id/statistical-geography/S01007451,"Clackmannan, Kennet and Forestmill - 04","","","","","","","","","","","","",11.11,10,11.11,14.29,0,0.00
http://statistics.gov.scot/id/statistical-geography/S01007452,"Clackmannan, Kennet and Forestmill - 05","","","","","","","","","","","","",57.14,30,0,0,0,0.00
http://statistics.gov.scot/id/statistical-geography/S01007453,"Clackmannan, Kennet and Forestmill - 06","","","","","","","","","","","","",3.33,0,0,0,0,0.00
http://statistics.gov.scot/id/statistical-geography/S01008371,Clarkston and Sheddens - 01,"","","","","","","","","","","","",0,0,0,0,0,0.00
http://statistics.gov.scot/id/statistical-geography/S01008372,Clarkston and Sheddens - 02,"","","","","","","","","","","","",0,0,0,0,0,0.00
http://statistics.gov.scot/id/statistical-geography/S01008373,Clarkston and Sheddens - 03,"","","","","","","","","","","","",20,14.29,0,0,0,0.00
http://statistics.gov.scot/id/statistical-geography/S01008374,Clarkston and Sheddens - 04,"","","","","","","","","","","","",20,25,14.29,0,0,0.00
http://statistics.gov.scot/id/statistical-geography/S01008375,Clarkston and Sheddens - 05,"","","","","","","","","","","","",0,0,0,0,0,0.00
http://statistics.gov.scot/id/statistical-geography/S01008376,Clarkston and Sheddens - 06,"","","","","","","","","","","","",0,0,0,0,0,0.00
http://statistics.gov.scot/id/statistical-geography/S01008377,Clarkston and Sheddens - 07,"","","","","","","","","","","","",0,0,0,0,0,0.00
http://statistics.gov.scot/id/statistical-geography/S01008378,Clarkston and Sheddens - 08,"","","","","","","","","","","","",0,0,0,0,0,0.00
http://statistics.gov.scot/id/statistical-geography/S01007002,Clashindarroch - 01,"","","","","","","","","","","","",0,0,0,0,20,25
http://statistics.gov.scot/id/statistical-geography/S01007003,Clashindarroch - 02,"","","","","","","","","","","","",0,0,20,30,50,28.57
http://statistics.gov.scot/id/statistical-geography/S01007004,Clashindarroch - 03,"","","","","","","","","","","","",0,0,0,0,0,0.00
http://statistics.gov.scot/id/statistical-geography/S01007005,Clashindarroch - 04,"","","","","","","","","","","","",0,0,0,0,0,0.00
http://statistics.gov.scot/id/statistical-geography/S01007006,Clashindarroch - 05,"","","","","","","","","","","","",0,0,9.09,14.29,6.25,0.00
http://statistics.gov.scot/id/statistical-geography/S01007007,Clashindarroch - 06,"","","","","","","","","","","","",11.11,0,0,0,0,0.00
http://statistics.gov.scot/id/statistical-geography/S01009733,Clayton and Clatto,"","","","","","","","","","","","",50,20,0,0,0,0.00
http://statistics.gov.scot/id/statistical-geography/S01011447,Cleland - 01,"","","","","","","","","","","","",8.33,0,0,0,0,22.22
http://statistics.gov.scot/id/statistical-geography/S01011448,Cleland - 02,"","","","","","","","","","","","",0,0,0,9.09,13.33,15.38
http://statistics.gov.scot/id/statistical-geography/S01011449,Cleland - 03,"","","","","","","","","","","","",0,0,0,0,25,42.86
http://statistics.gov.scot/id/statistical-geography/S01011450,Cleland - 04,"","","","","","","","","","","","",0,0,0,0,0,0.00
http://statistics.gov.scot/id/statistical-geography/S01011451,Cleland - 05,"","","","","","","","","","","","",16.67,6.67,2.78,1.89,1.33,1.18
http://statistics.gov.scot/id/statistical-geography/S01008948,Clermiston and Drumbrae - 01,"","","","","","","","","","","","",0,0,0,0,0,0.00
http://statistics.gov.scot/id/statistical-geography/S01008949,Clermiston and Drumbrae - 02,"","","","","","","","","","","","",0,33.33,25,25,20,11.11
http://statistics.gov.scot/id/statistical-geography/S01008950,Clermiston and Drumbrae - 03,"","","","","","","","","","","","",0,0,9.09,0,0,0.00
http://statistics.gov.scot/id/statistical-geography/S01008951,Clermiston and Drumbrae - 04,"","","","","","","","","","","","",10,8.33,14.29,11.76,21.43,18.75
http://statistics.gov.scot/id/statistical-geography/S01008952,Clermiston and Drumbrae - 05,"","","","","","","","","","","","",27.27,26.67,18.75,13.33,7.69,7.69
http://statistics.gov.scot/id/statistical-geography/S01008953,Clermiston and Drumbrae - 06,"","","","","","","","","","","","",14.29,10,0,0,10,10
http://statistics.gov.scot/id/statistical-geography/S01008954,Clermiston and Drumbrae - 07,"","","","","","","","","","","","",25,25,14.29,11.11,12.5,0.00
http://statistics.gov.scot/id/statistical-geography/S01011598,Cliftonville - 01,"","","","","","","","","","","","",16.67,33.33,30,27.27,10,12.5
http://statistics.gov.scot/id/statistical-geography/S01011599,Cliftonville - 02,"","","","","","","","","","","","",8.33,0,14.29,16.67,16.67,0.00
http://statistics.gov.scot/id/statistical-geography/S01011600,Cliftonville - 03,"","","","","","","","","","","","",0,0,0,0,0,0.00
http://statistics.gov.scot/id/statistical-geography/S01011601,Cliftonville - 04,"","","","","","","","","","","","",0,0,9.09,14.29,12.5,0.00
http://statistics.gov.scot/id/statistical-geography/S01012273,Clovenfords and Area,"","","","","","","","","","","","",0,0,0,0,0,0.00
http://statistics.gov.scot/id/statistical-geography/S01008449,Clovenstone and Wester Hailes - 01,"","","","","","","","","","","","",12.5,16.67,25,44.44,50,30
http://statistics.gov.scot/id/statistical-geography/S01008450,Clovenstone and Wester Hailes - 02,"","","","","","","","","","","","",27.27,37.5,25,0,0,25
http://statistics.gov.scot/id/statistical-geography/S01008451,Clovenstone and Wester Hailes - 03,"","","","","","","","","","","","",25,31.58,15,21.43,12.5,11.11
http://statistics.gov.scot/id/statistical-geography/S01008452,Clovenstone and Wester Hailes - 04,"","","","","","","","","","","","",20,30,37.5,25,28.57,25
http://statistics.gov.scot/id/statistical-geography/S01008453,Clovenstone and Wester Hailes - 05,"","","","","","","","","","","","",9.09,14.29,20,0,0,0.00
http://statistics.gov.scot/id/statistical-geography/S01012570,Clydesdale South - 01,"","","","","","","","","","","","",0,0,0,0,0,0.00
http://statistics.gov.scot/id/statistical-geography/S01012571,Clydesdale South - 02,"","","","","","","","","","","","",25,12.5,10,0,0,0.00
http://statistics.gov.scot/id/statistical-geography/S01012572,Clydesdale South - 03,"","","","","","","","","","","","",14.29,0,0,0,0,0.00
http://statistics.gov.scot/id/statistical-geography/S01012573,Clydesdale South - 04,"","","","","","","","","","","","",22.22,28.57,28.57,0,0,0.00
http://statistics.gov.scot/id/statistical-geography/S01011460,Clydesdale and New Stevenston - 01,"","","","","","","","","","","","",18.18,30,18.18,17.65,7.14,12.5
http://statistics.gov.scot/id/statistical-geography/S01011461,Clydesdale and New Stevenston - 02,"","","","","","","","","","","","",8.33,0,0,0,14.29,16.67
http://statistics.gov.scot/id/statistical-geography/S01011462,Clydesdale and New Stevenston - 03,"","","","","","","","","","","","",0,0,25,25,20,11.11
http://statistics.gov.scot/id/statistical-geography/S01011463,Clydesdale and New Stevenston - 04,"","","","","","","","","","","","",0,0,0,0,0,0.00
http://statistics.gov.scot/id/statistical-geography/S01009612,Coaltown of Balgonie East,"","","","","","","","","","","","",25,25,14.29,0,0,0.00
http://statistics.gov.scot/id/statistical-geography/S01009613,Coaltown of Balgonie West,"","","","","","","","","","","","",0,0,0,0,0,0.00
http://statistics.gov.scot/id/statistical-geography/S01011580,Coatbridge West - 01,"","","","","","","","","","","","",0,6.67,9.09,9.09,0,0.00
http://statistics.gov.scot/id/statistical-geography/S01011581,Coatbridge West - 02,"","","","","","","","","","","","",5.88,6.67,8.33,0,13.33,20
http://statistics.gov.scot/id/statistical-geography/S01011582,Coatbridge West - 03,"","","","","","","","","","","","",0,0,10,11.76,11.76,0.00
http://statistics.gov.scot/id/statistical-geography/S01011583,Coatbridge West - 04,"","","","","","","","","","","","",9.09,4.55,6.25,7.14,0,6.25
http://statistics.gov.scot/id/statistical-geography/S01011584,Coatbridge West - 05,"","","","","","","","","","","","",14.29,11.11,0,0,0,0.00
http://statistics.gov.scot/id/statistical-geography/S01011648,Coatdyke and Whinhall - 01,"","","","","","","","","","","","",0,0,5,4.76,9.09,5.88
http://statistics.gov.scot/id/statistical-geography/S01011649,Coatdyke and Whinhall - 02,"","","","","","","","","","","","",20,30.77,25,30,30,20
http://statistics.gov.scot/id/statistical-geography/S01011650,Coatdyke and Whinhall - 03,"","","","","","","","","","","","",0,20,33.33,25,20,28.57
http://statistics.gov.scot/id/statistical-geography/S01011651,Coatdyke and Whinhall - 04,"","","","","","","","","","","","",5.26,6.25,7.69,0,0,0.00
http://statistics.gov.scot/id/statistical-geography/S01011652,Coatdyke and Whinhall - 05,"","","","","","","","","","","","",0,0,0,0,0,25
http://statistics.gov.scot/id/statistical-geography/S01011653,Coatdyke and Whinhall - 06,"","","","","","","","","","","","",8.33,18.18,23.08,33.33,25,30
http://statistics.gov.scot/id/statistical-geography/S01011654,Coatdyke and Whinhall - 07,"","","","","","","","","","","","",5.88,7.14,7.69,0,0,7.14
http://statistics.gov.scot/id/statistical-geography/S01012313,Cockburnspath and Area,"","","","","","","","","","","","",22.22,14.29,28.57,16.67,20,25
http://statistics.gov.scot/id/statistical-geography/S01012311,Coldingham,"","","","","","","","","","","","",0,0,0,0,0,""
http://statistics.gov.scot/id/statistical-geography/S01012327,Coldstream - East,"","","","","","","","","","","","",0,0,0,10,11.11,14.29
http://statistics.gov.scot/id/statistical-geography/S01012326,Coldstream - South,"","","","","","","","","","","","",12.5,14.29,40,25,20,0.00
http://statistics.gov.scot/id/statistical-geography/S01012325,Coldstream - West,"","","","","","","","","","","","",33.33,66.67,40,33.33,0,0.00
http://statistics.gov.scot/id/statistical-geography/S01009700,Colinsburgh Kilconquhar and Balcormo,"","","","","","","","","","","","",0,0,0,0,0,14.29
http://statistics.gov.scot/id/statistical-geography/S01008524,Colinton Mains and Firrhill - 01,"","","","","","","","","","","","",11.11,10,10,0,7.14,11.76
http://statistics.gov.scot/id/statistical-geography/S01008525,Colinton Mains and Firrhill - 02,"","","","","","","","","","","","",20,25,33.33,18.18,0,0.00
http://statistics.gov.scot/id/statistical-geography/S01008526,Colinton Mains and Firrhill - 03,"","","","","","","","","","","","",45.45,30,23.08,0,0,0.00
http://statistics.gov.scot/id/statistical-geography/S01008527,Colinton Mains and Firrhill - 04,"","","","","","","","","","","","",14.29,22.22,10,10,0,0.00
http://statistics.gov.scot/id/statistical-geography/S01008528,Colinton Mains and Firrhill - 05,"","","","","","","","","","","","",0,0,14.29,11.11,18.18,11.11
http://statistics.gov.scot/id/statistical-geography/S01008444,Colinton and Kingsknowe - 01,"","","","","","","","","","","","",0,0,0,6.67,5.56,6.67
http://statistics.gov.scot/id/statistical-geography/S01008445,Colinton and Kingsknowe - 02,"","","","","","","","","","","","",11.11,0,0,0,0,0.00
http://statistics.gov.scot/id/statistical-geography/S01008446,Colinton and Kingsknowe - 03,"","","","","","","","","","","","",0,0,0,0,0,0.00
http://statistics.gov.scot/id/statistical-geography/S01008447,Colinton and Kingsknowe - 04,"","","","","","","","","","","","",0,0,0,0,0,0.00
http://statistics.gov.scot/id/statistical-geography/S01008448,Colinton and Kingsknowe - 05,"","","","","","","","","","","","",0,0,0,0,0,0.00
http://statistics.gov.scot/id/statistical-geography/S01009674,Collessie and Pitmedden Landward,"","","","","","","","","","","","",20,9.09,7.69,0,0,0.00
http://statistics.gov.scot/id/statistical-geography/S01007627,Collin - 01,"","","","","","","","","","","","",0,0,0,0,0,0.00
http://statistics.gov.scot/id/statistical-geography/S01007628,Collin - 02,"","","","","","","","","","","","",0,0,0,0,0,14.29
http://statistics.gov.scot/id/statistical-geography/S01007629,Collin - 03,"","","","","","","","","","","","",0,10,7.69,11.11,0,0.00
http://statistics.gov.scot/id/statistical-geography/S01007630,Collin - 04,"","","","","","","","","","","","",12.5,16.67,16.67,11.11,0,0.00
http://statistics.gov.scot/id/statistical-geography/S01009598,Collydean North,"","","","","","","","","","","","",46.15,36.36,27.27,0,8.33,25
http://statistics.gov.scot/id/statistical-geography/S01009597,Collydean South,"","","","","","","","","","","","",28.57,35.29,37.5,25,14.29,18.75
http://statistics.gov.scot/id/statistical-geography/S01009596,Collydean West,"","","","","","","","","","","","",11.11,10,0,0,8.33,9.09
http://statistics.gov.scot/id/statistical-geography/S01011408,Coltness - 01,"","","","","","","","","","","","",8.33,16.67,20,33.33,16.67,7.14
http://statistics.gov.scot/id/statistical-geography/S01011409,Coltness - 02,"","","","","","","","","","","","",17.65,18.75,21.05,22.22,8.33,5.88
http://statistics.gov.scot/id/statistical-geography/S01011410,Coltness - 03,"","","","","","","","","","","","",6.25,7.69,11.11,0,0,0.00
http://statistics.gov.scot/id/statistical-geography/S01011411,Coltness - 04,"","","","","","","","","","","","",12.5,0,0,0,0,0.00
http://statistics.gov.scot/id/statistical-geography/S01011412,Coltness - 05,"","","","","","","","","","","","",14.29,16.67,0,0,0,0.00
http://statistics.gov.scot/id/statistical-geography/S01008864,Comely Bank - 01,"","","","","","","","","","","","",0,0,0,0,0,0.00
http://statistics.gov.scot/id/statistical-geography/S01008865,Comely Bank - 02,"","","","","","","","","","","","",0,0,0,0,0,0.00
http://statistics.gov.scot/id/statistical-geography/S01008866,Comely Bank - 03,"","","","","","","","","","","","",0,0,0,0,0,0.00
http://statistics.gov.scot/id/statistical-geography/S01008867,Comely Bank - 04,"","","","","","","","","","","","",0,0,0,0,0,0.00
http://statistics.gov.scot/id/statistical-geography/S01008533,Comiston and Swanston - 01,"","","","","","","","","","","","",0,0,0,0,0,0.00
http://statistics.gov.scot/id/statistical-geography/S01008534,Comiston and Swanston - 02,"","","","","","","","","","","","",0,0,0,0,0,0.00
http://statistics.gov.scot/id/statistical-geography/S01008535,Comiston and Swanston - 03,"","","","","","","","","","","","",0,0,0,0,0,0.00
http://statistics.gov.scot/id/statistical-geography/S01008536,Comiston and Swanston - 04,"","","","","","","","","","","","",0,0,0,0,0,0.00
http://statistics.gov.scot/id/statistical-geography/S01008537,Comiston and Swanston - 05,"","","","","","","","","","","","",0,0,0,0,0,0.00
http://statistics.gov.scot/id/statistical-geography/S01008538,Comiston and Swanston - 06,"","","","","","","","","","","","","",0,0,0,0,0.00
http://statistics.gov.scot/id/statistical-geography/S01008539,Comiston and Swanston - 07,"","","","","","","","","","","","",20,25,20,0,"",0.00
http://statistics.gov.scot/id/statistical-geography/S01008540,Comiston and Swanston - 08,"","","","","","","","","","","","",0,0,0,0,0,0.00
http://statistics.gov.scot/id/statistical-geography/S01009270,Comrie East,"","","","","","","","","","","","",9.09,7.69,9.09,11.11,11.11,30
http://statistics.gov.scot/id/statistical-geography/S01009271,Comrie West,"","","","","","","","","","","","",0,0,0,0,0,0.00
http://statistics.gov.scot/id/statistical-geography/S01011857,"Comrie, Gilmerton and St Fillans - 01","","","","","","","","","","","","",0,0,0,0,0,16.67
http://statistics.gov.scot/id/statistical-geography/S01011858,"Comrie, Gilmerton and St Fillans - 02","","","","","","","","","","","","",0,0,0,0,0,0.00
http://statistics.gov.scot/id/statistical-geography/S01011859,"Comrie, Gilmerton and St Fillans - 03","","","","","","","","","","","","",0,0,0,0,0,0.00
http://statistics.gov.scot/id/statistical-geography/S01011860,"Comrie, Gilmerton and St Fillans - 04","","","","","","","","","","","","",0,0,0,0,0,0.00
http://statistics.gov.scot/id/statistical-geography/S01011861,"Comrie, Gilmerton and St Fillans - 05","","","","","","","","","","","","",0,0,0,0,0,0.00
http://statistics.gov.scot/id/statistical-geography/S01011728,Condorrat - 01,"","","","","","","","","","","","",10.53,20,9.09,10,0,0.00
http://statistics.gov.scot/id/statistical-geography/S01011729,Condorrat - 02,"","","","","","","","","","","","",27.27,23.08,20,18.75,13.33,0.00
http://statistics.gov.scot/id/statistical-geography/S01011730,Condorrat - 03,"","","","","","","","","","","","",0,0,0,11.11,9.09,9.09
http://statistics.gov.scot/id/statistical-geography/S01011731,Condorrat - 04,"","","","","","","","","","","","",7.69,9.09,11.11,0,0,0.00
http://statistics.gov.scot/id/statistical-geography/S01011732,Condorrat - 05,"","","","","","","","","","","","",0,0,0,33.33,20,25
http://statistics.gov.scot/id/statistical-geography/S01011733,Condorrat - 06,"","","","","","","","","","","","",0,8.33,10,14.29,0,0.00
http://statistics.gov.scot/id/statistical-geography/S01010707,Conon - 01,"","","","","","","","","","","","",20,28.57,12.5,0,0,0.00
http://statistics.gov.scot/id/statistical-geography/S01010708,Conon - 02,"","","","","","","","","","","","",66.67,0,0,0,0,0.00
http://statistics.gov.scot/id/statistical-geography/S01010709,Conon - 03,"","","","","","","","","","","","",0,8.33,10,10,0,0.00
http://statistics.gov.scot/id/statistical-geography/S01010710,Conon - 04,"","","","","","","","","","","","",28.57,28.57,9.09,0,0,10
http://statistics.gov.scot/id/statistical-geography/S01010711,Conon - 05,"","","","","","","","","","","","",14.29,10,18.18,22.22,33.33,20
http://statistics.gov.scot/id/statistical-geography/S01013076,Cornton - 01,"","","","","","","","","","","","",0,0,0,0,0,0.00
http://statistics.gov.scot/id/statistical-geography/S01013077,Cornton - 02,"","","","","","","","","","","","",7.69,30,33.33,36.36,16.67,12.5
http://statistics.gov.scot/id/statistical-geography/S01013078,Cornton - 03,"","","","","","","","","","","","",20,12.5,11.11,0,0,14.29
http://statistics.gov.scot/id/statistical-geography/S01013079,Cornton - 04,"","","","","","","","","","","","",8.7,10.53,5.88,0,0,4.55
http://statistics.gov.scot/id/statistical-geography/S01008970,Corstorphine - 01,"","","","","","","","","","","","",0,0,0,0,0,0.00
http://statistics.gov.scot/id/statistical-geography/S01008971,Corstorphine - 02,"","","","","","","","","","","","",0,0,0,0,0,0.00
http://statistics.gov.scot/id/statistical-geography/S01008972,Corstorphine - 03,"","","","","","","","","","","","",0,0,0,0,0,0.00
http://statistics.gov.scot/id/statistical-geography/S01008973,Corstorphine - 04,"","","","","","","","","","","","",0,0,0,0,0,0.00
http://statistics.gov.scot/id/statistical-geography/S01008974,Corstorphine - 05,"","","","","","","","","","","","",0,0,0,0,25,16.67
http://statistics.gov.scot/id/statistical-geography/S01008975,Corstorphine - 06,"","","","","","","","","","","","",0,0,0,0,11.11,0.00
http://statistics.gov.scot/id/statistical-geography/S01008976,Corstorphine - 07,"","","","","","","","","","","","",0,0,0,0,0,0.00
http://statistics.gov.scot/id/statistical-geography/S01008967,Corstorphine North - 01,"","","","","","","","","","","","",0,0,0,0,0,0.00
http://statistics.gov.scot/id/statistical-geography/S01008968,Corstorphine North - 02,"","","","","","","","","","","","",0,0,0,0,0,0.00
http://statistics.gov.scot/id/statistical-geography/S01008969,Corstorphine North - 03,"","","","","","","","","","","","",0,0,0,0,10,12.5
http://statistics.gov.scot/id/statistical-geography/S01008981,Corstorphine South - 01,"","","","","","","","","","","","",0,0,0,0,0,0.00
http://statistics.gov.scot/id/statistical-geography/S01008982,Corstorphine South - 02,"","","","","","","","","","","","",0,0,0,0,0,0.00
http://statistics.gov.scot/id/statistical-geography/S01008983,Corstorphine South - 03,"","","","","","","","","","","","",0,8.33,10,11.11,0,0.00
http://statistics.gov.scot/id/statistical-geography/S01008984,Corstorphine South - 04,"","","","","","","","","","","","",20,50,100,0,0,0.00
http://statistics.gov.scot/id/statistical-geography/S01008985,Corstorphine South - 05,"","","","","","","","","","","","",0,0,0,12.5,9.09,4.76
http://statistics.gov.scot/id/statistical-geography/S01008986,Corstorphine South - 06,"","","","","","","","","","","","",0,0,0,0,0,0.00
http://statistics.gov.scot/id/statistical-geography/S01009602,Coul,"","","","","","","","","","","","",7.14,10,12.5,0,0,0.00
http://statistics.gov.scot/id/statistical-geography/S01011969,Coupar Angus and Meigle - 01,"","","","","","","","","","","","",5,7.14,0,0,0,0.00
http://statistics.gov.scot/id/statistical-geography/S01011970,Coupar Angus and Meigle - 02,"","","","","","","","","","","","",11.11,11.11,0,0,0,0.00
http://statistics.gov.scot/id/statistical-geography/S01011971,Coupar Angus and Meigle - 03,"","","","","","","","","","","","",0,0,0,0,0,0.00
http://statistics.gov.scot/id/statistical-geography/S01011972,Coupar Angus and Meigle - 04,"","","","","","","","","","","","",25,7.69,0,0,0,0.00
http://statistics.gov.scot/id/statistical-geography/S01011973,Coupar Angus and Meigle - 05,"","","","","","","","","","","","",0,0,0,0,20,16.67
http://statistics.gov.scot/id/statistical-geography/S01011974,Coupar Angus and Meigle - 06,"","","","","","","","","","","","",0,0,12.5,33.33,25,0.00
http://statistics.gov.scot/id/statistical-geography/S01006619,Cove North - 01,"","","","","","","","","","","","",8.7,11.76,0,0,0,0.00
http://statistics.gov.scot/id/statistical-geography/S01006620,Cove North - 02,"","","","","","","","","","","","",6.25,10,5.88,5.26,0,0.00
http://statistics.gov.scot/id/statistical-geography/S01006621,Cove North - 03,"","","","","","","","","","","","",0,0,0,0,0,0.00
http://statistics.gov.scot/id/statistical-geography/S01006622,Cove North - 04,"","","","","","","","","","","","",0,6.67,6.25,8.33,0,0.00
http://statistics.gov.scot/id/statistical-geography/S01006623,Cove North - 05,"","","","","","","","","","","","",9.09,16.67,17.65,14.29,8.33,0.00
http://statistics.gov.scot/id/statistical-geography/S01006613,Cove South - 01,"","","","","","","","","","","","",0,0,0,0,0,0.00
http://statistics.gov.scot/id/statistical-geography/S01006614,Cove South - 02,"","","","","","","","","","","","",0,0,0,0,7.14,14.29
http://statistics.gov.scot/id/statistical-geography/S01006615,Cove South - 03,"","","","","","","","","","","","",7.14,5.26,0,0,0,0.00
http://statistics.gov.scot/id/statistical-geography/S01006616,Cove South - 04,"","","","","","","","","","","","",4,0,0,0,8.33,18.18
http://statistics.gov.scot/id/statistical-geography/S01006617,Cove South - 05,"","","","","","","","","","","","",0,7.69,11.11,14.29,14.29,12.5
http://statistics.gov.scot/id/statistical-geography/S01006618,Cove South - 06,"","","","","","","","","","","","",16.67,16.67,0,0,0,0.00
http://statistics.gov.scot/id/statistical-geography/S01007355,Cowal North - 01,"","","","","","","","","","","","",6.67,0,0,0,0,25
http://statistics.gov.scot/id/statistical-geography/S01007356,Cowal North - 02,"","","","","","","","","","","","",0,0,0,"","",""
http://statistics.gov.scot/id/statistical-geography/S01007357,Cowal North - 03,"","","","","","","","","","","","",0,0,0,0,0,0.00
http://statistics.gov.scot/id/statistical-geography/S01007358,Cowal North - 04,"","","","","","","","","","","","",0,0,0,0,0,0.00
http://statistics.gov.scot/id/statistical-geography/S01007351,Cowal South - 01,"","","","","","","","","","","","",0,0,0,0,0,25
http://statistics.gov.scot/id/statistical-geography/S01007352,Cowal South - 02,"","","","","","","","","","","","",0,0,0,0,0,0.00
http://statistics.gov.scot/id/statistical-geography/S01007353,Cowal South - 03,"","","","","","","","","","","","",16.67,20,25,0,0,0.00
http://statistics.gov.scot/id/statistical-geography/S01007354,Cowal South - 04,"","","","","","","","","","","","",20,20,0,14.29,25,50
http://statistics.gov.scot/id/statistical-geography/S01009491,Cowdenbeath Central,"","","","","","","","","","","","",12.5,0,0,11.11,33.33,40
http://statistics.gov.scot/id/statistical-geography/S01009414,Cowdenbeath Foulford,"","","","","","","","","","","","",40,50,33.33,20,14.29,12.5
http://statistics.gov.scot/id/statistical-geography/S01009416,Cowdenbeath Glenfield,"","","","","","","","","","","","",0,0,0,0,0,0.00
http://statistics.gov.scot/id/statistical-geography/S01009415,Cowdenbeath North,"","","","","","","","","","","","",33.33,0,0,0,0,0.00
http://statistics.gov.scot/id/statistical-geography/S01009418,Cowdenbeath North East,"","","","","","","","","","","","",14.29,15.79,3.85,9.09,6.9,13.64
http://statistics.gov.scot/id/statistical-geography/S01009413,Cowdenbeath North West,"","","","","","","","","","","","",0,0,5.56,6.25,7.69,0.00
http://statistics.gov.scot/id/statistical-geography/S01009490,Cowdenbeath South,"","","","","","","","","","","","",15,12.5,14.29,11.11,15.79,14.29
http://statistics.gov.scot/id/statistical-geography/S01009489,Cowdenbeath South East,"","","","","","","","","","","","",20,23.08,10,9.09,18.18,18.18
http://statistics.gov.scot/id/statistical-geography/S01009492,Cowdenbeath South West,"","","","","","","","","","","","",25,22.22,14.29,20,0,0.00
http://statistics.gov.scot/id/statistical-geography/S01013029,Cowie - 01,"","","","","","","","","","","","",0,0,0,0,11.11,12.5
http://statistics.gov.scot/id/statistical-geography/S01013030,Cowie - 02,"","","","","","","","","","","","",15.38,28.57,42.86,50,25,15.38
http://statistics.gov.scot/id/statistical-geography/S01013031,Cowie - 03,"","","","","","","","","","","","",20,15.38,12.5,14.29,16.67,15.38
http://statistics.gov.scot/id/statistical-geography/S01013032,Cowie - 04,"","","","","","","","","","","","",4.17,8.33,4.35,6.25,0,0.00
http://statistics.gov.scot/id/statistical-geography/S01010219,Cowlairs and Port Dundas - 01,"","","","","","","","","","","","",14.29,25,0,0,0,""
http://statistics.gov.scot/id/statistical-geography/S01010220,Cowlairs and Port Dundas - 02,"","","","","","","","","","","","",0,0,0,0,0,0.00
http://statistics.gov.scot/id/statistical-geography/S01010221,Cowlairs and Port Dundas - 03,"","","","","","","","","","","","",0,0,0,11.11,14.29,25
http://statistics.gov.scot/id/statistical-geography/S01010222,Cowlairs and Port Dundas - 04,"","","","","","","","","","","","",12.5,0,25,25,33.33,0.00
http://statistics.gov.scot/id/statistical-geography/S01010223,Cowlairs and Port Dundas - 05,"","","","","","","","","","","","",0,8.33,9.09,25,22.22,22.22
http://statistics.gov.scot/id/statistical-geography/S01010224,Cowlairs and Port Dundas - 06,"","","","","","","","","","","","",11.54,17.39,8.33,29.41,33.33,45.45
http://statistics.gov.scot/id/statistical-geography/S01012446,Coylton - 01,"","","","","","","","","","","","",18.18,11.11,14.29,0,0,0.00
http://statistics.gov.scot/id/statistical-geography/S01012447,Coylton - 02,"","","","","","","","","","","","",7.69,9.09,8.33,16.67,11.11,14.29
http://statistics.gov.scot/id/statistical-geography/S01012448,Coylton - 03,"","","","","","","","","","","","",0,0,0,0,0,0.00
http://statistics.gov.scot/id/statistical-geography/S01012449,Coylton - 04,"","","","","","","","","","","","",0,0,0,0,0,0.00
http://statistics.gov.scot/id/statistical-geography/S01012450,Coylton - 05,"","","","","","","","","","","","",0,0,0,9.09,8.33,8.33
http://statistics.gov.scot/id/statistical-geography/S01010165,Craigend and Ruchazie - 01,"","","","","","","","","","","","",37.5,25,23.08,8.33,8.33,0.00
http://statistics.gov.scot/id/statistical-geography/S01010166,Craigend and Ruchazie - 02,"","","","","","","","","","","","",6.25,5,4.17,4.55,4.35,5
http://statistics.gov.scot/id/statistical-geography/S01010167,Craigend and Ruchazie - 03,"","","","","","","","","","","","",0,14.29,20,22.22,21.43,14.29
http://statistics.gov.scot/id/statistical-geography/S01010168,Craigend and Ruchazie - 04,"","","","","","","","","","","","",11.11,0,0,11.11,12.5,16.67
http://statistics.gov.scot/id/statistical-geography/S01010169,Craigend and Ruchazie - 05,"","","","","","","","","","","","",15.79,10,12.5,16.67,10,0.00
http://statistics.gov.scot/id/statistical-geography/S01010170,Craigend and Ruchazie - 06,"","","","","","","","","","","","",15.38,11.11,0,0,10,20
http://statistics.gov.scot/id/statistical-geography/S01010171,Craigend and Ruchazie - 07,"","","","","","","","","","","","",46.67,25,9.09,7.14,18.52,11.43
http://statistics.gov.scot/id/statistical-geography/S01008747,Craigentinny - 01,"","","","","","","","","","","","","",0,0,0,0,0.00
http://statistics.gov.scot/id/statistical-geography/S01008748,Craigentinny - 02,"","","","","","","","","","","","",0,0,0,0,0,0.00
http://statistics.gov.scot/id/statistical-geography/S01008749,Craigentinny - 03,"","","","","","","","","","","","",0,0,0,0,12.5,8.33
http://statistics.gov.scot/id/statistical-geography/S01008750,Craigentinny - 04,"","","","","","","","","","","","",0,0,0,0,0,0.00
http://statistics.gov.scot/id/statistical-geography/S01012493,Craigie - 01,"","","","","","","","","","","","",0,0,0,0,0,0.00
http://statistics.gov.scot/id/statistical-geography/S01012494,Craigie - 02,"","","","","","","","","","","","",0,0,0,6.25,9.09,8.33
http://statistics.gov.scot/id/statistical-geography/S01012495,Craigie - 03,"","","","","","","","","","","","",5.88,14.29,6.67,23.08,14.29,15.38
http://statistics.gov.scot/id/statistical-geography/S01007737,Craigie and  Craigiebank - 01,"","","","","","","","","","","","",9.52,8.7,5,0,10.53,11.11
http://statistics.gov.scot/id/statistical-geography/S01007738,Craigie and  Craigiebank - 02,"","","","","","","","","","","","",11.11,7.69,9.09,0,14.29,22.22
http://statistics.gov.scot/id/statistical-geography/S01007739,Craigie and  Craigiebank - 03,"","","","","","","","","","","","",0,0,0,0,0,0.00
http://statistics.gov.scot/id/statistical-geography/S01007740,Craigie and  Craigiebank - 04,"","","","","","","","","","","","",14.29,37.5,57.14,42.86,20,14.29
http://statistics.gov.scot/id/statistical-geography/S01007741,Craigie and  Craigiebank - 05,"","","","","","","","","","","","",0,0,16.67,14.29,28.57,11.11
http://statistics.gov.scot/id/statistical-geography/S01007742,Craigie and  Craigiebank - 06,"","","","","","","","","","","","",0,0,0,0,0,0.00
http://statistics.gov.scot/id/statistical-geography/S01008886,"Craigleith, Orchard Brae and Crewe Toll - 01","","","","","","","","","","","","",0,0,0,0,0,0.00
http://statistics.gov.scot/id/statistical-geography/S01008887,"Craigleith, Orchard Brae and Crewe Toll - 02","","","","","","","","","","","","",0,0,0,0,0,0.00
http://statistics.gov.scot/id/statistical-geography/S01008888,"Craigleith, Orchard Brae and Crewe Toll - 03","","","","","","","","","","","","",0,0,0,0,0,0.00
http://statistics.gov.scot/id/statistical-geography/S01008889,"Craigleith, Orchard Brae and Crewe Toll - 04","","","","","","","","","","","","",0,0,0,0,0,0.00
http://statistics.gov.scot/id/statistical-geography/S01008890,"Craigleith, Orchard Brae and Crewe Toll - 05","","","","","","","","","","","","",0,0,0,0,0,0.00
http://statistics.gov.scot/id/statistical-geography/S01008891,"Craigleith, Orchard Brae and Crewe Toll - 06","","","","","","","","","","","","",25,0,12.5,25,33.33,0.00
http://statistics.gov.scot/id/statistical-geography/S01008508,Craiglockhart - 01,"","","","","","","","","","","","",0,0,0,0,0,0.00
http://statistics.gov.scot/id/statistical-geography/S01008509,Craiglockhart - 02,"","","","","","","","","","","","",0,0,0,0,0,0.00
http://statistics.gov.scot/id/statistical-geography/S01008510,Craiglockhart - 03,"","","","","","","","","","","","",0,0,0,0,0,0.00
http://statistics.gov.scot/id/statistical-geography/S01008511,Craiglockhart - 04,"","","","","","","","","","","","",0,0,0,0,0,0.00
http://statistics.gov.scot/id/statistical-geography/S01008512,Craiglockhart - 05,"","","","","","","","","","","","",0,0,0,0,0,0.00
http://statistics.gov.scot/id/statistical-geography/S01008513,Craiglockhart - 06,"","","","","","","","","","","","",0,0,0,0,0,0.00
http://statistics.gov.scot/id/statistical-geography/S01008701,Craigmillar - 01,"","","","","","","","","","","","",8.33,15.79,17.39,9.09,12.5,19.05
http://statistics.gov.scot/id/statistical-geography/S01008702,Craigmillar - 02,"","","","","","","","","","","","",11.76,11.11,8.33,0,0,7.14
http://statistics.gov.scot/id/statistical-geography/S01008703,Craigmillar - 03,"","","","","","","","","","","","",23.53,13.33,26.32,43.75,47.37,31.58
http://statistics.gov.scot/id/statistical-geography/S01008704,Craigmillar - 04,"","","","","","","","","","","","",0,12.5,21.43,11.54,2.63,0.00
http://statistics.gov.scot/id/statistical-geography/S01008705,Craigmillar - 05,"","","","","","","","","","","","",9.09,12.5,12.5,25,0,0.00
http://statistics.gov.scot/id/statistical-geography/S01009503,Craigmount and Greenloanings,"","","","","","","","","","","","",14.29,14.29,0,0,0,0.00
http://statistics.gov.scot/id/statistical-geography/S01011625,Craigneuk Airdrie - 01,"","","","","","","","","","","","",30,30,14.29,14.29,0,0.00
http://statistics.gov.scot/id/statistical-geography/S01011626,Craigneuk Airdrie - 02,"","","","","","","","","","","","",0,0,0,0,14.29,11.11
http://statistics.gov.scot/id/statistical-geography/S01011627,Craigneuk Airdrie - 03,"","","","","","","","","","","","",11.11,14.29,20,0,0,0.00
http://statistics.gov.scot/id/statistical-geography/S01011628,Craigneuk Airdrie - 04,"","","","","","","","","","","","",0,0,0,0,0,0.00
http://statistics.gov.scot/id/statistical-geography/S01011629,Craigneuk Airdrie - 05,"","","","","","","","","","","","",18.18,12.5,20,0,20,33.33
http://statistics.gov.scot/id/statistical-geography/S01011382,Craigneuk Wishaw - 01,"","","","","","","","","","","","",5.56,0,5,4.76,4.55,0.00
http://statistics.gov.scot/id/statistical-geography/S01011383,Craigneuk Wishaw - 02,"","","","","","","","","","","","",14.29,23.08,33.33,11.11,0,11.11
http://statistics.gov.scot/id/statistical-geography/S01011384,Craigneuk Wishaw - 03,"","","","","","","","","","","","",30,30,25,35.71,37.5,38.89
http://statistics.gov.scot/id/statistical-geography/S01011385,Craigneuk Wishaw - 04,"","","","","","","","","","","","",39.13,33.33,26.67,30.77,38.46,23.08
http://statistics.gov.scot/id/statistical-geography/S01011386,Craigneuk Wishaw - 05,"","","","","","","","","","","","",21.43,35.29,54.55,66.67,0,50
http://statistics.gov.scot/id/statistical-geography/S01011387,Craigneuk Wishaw - 06,"","","","","","","","","","","","",18.75,18.18,25,37.5,27.27,40
http://statistics.gov.scot/id/statistical-geography/S01009696,Craigrothie and Ceres West,"","","","","","","","","","","","",25,20,0,0,0,0.00
http://statistics.gov.scot/id/statistical-geography/S01013303,Craigshill - 01,"","","","","","","","","","","","",0,0,0,0,20,20
http://statistics.gov.scot/id/statistical-geography/S01013304,Craigshill - 02,"","","","","","","","","","","","",20,25,30.77,17.65,5.56,6.25
http://statistics.gov.scot/id/statistical-geography/S01013305,Craigshill - 03,"","","","","","","","","","","","",8.33,15.38,13.33,7.69,0,0.00
http://statistics.gov.scot/id/statistical-geography/S01013306,Craigshill - 04,"","","","","","","","","","","","",7.14,0,7.14,9.09,30,28.57
http://statistics.gov.scot/id/statistical-geography/S01013307,Craigshill - 05,"","","","","","","","","","","","",13.33,16.67,0,11.76,15.79,22.22
http://statistics.gov.scot/id/statistical-geography/S01013308,Craigshill - 06,"","","","","","","","","","","","",20,0,9.09,0,0,14.29
http://statistics.gov.scot/id/statistical-geography/S01009848,Craigton - 01,"","","","","","","","","","","","",6.67,15.38,11.11,10,0,14.29
http://statistics.gov.scot/id/statistical-geography/S01009849,Craigton - 02,"","","","","","","","","","","","",0,0,0,0,0,0.00
http://statistics.gov.scot/id/statistical-geography/S01009850,Craigton - 03,"","","","","","","","","","","","",16.67,10,22.22,12.5,11.11,0.00
http://statistics.gov.scot/id/statistical-geography/S01009851,Craigton - 04,"","","","","","","","","","","","",0,0,0,0,0,0.00
http://statistics.gov.scot/id/statistical-geography/S01009714,Crail North,"","","","","","","","","","","","",25,0,0,0,0,0.00
http://statistics.gov.scot/id/statistical-geography/S01009713,Crail South and Fife Ness,"","","","","","","","","","","","",9.09,0,0,9.09,7.69,9.09
http://statistics.gov.scot/id/statistical-geography/S01008941,Cramond - 01,"","","","","","","","","","","","",0,0,0,0,0,0.00
http://statistics.gov.scot/id/statistical-geography/S01008942,Cramond - 02,"","","","","","","","","","","","",25,0,0,0,0,0.00
http://statistics.gov.scot/id/statistical-geography/S01008943,Cramond - 03,"","","","","","","","","","","","",0,0,0,0,0,0.00
http://statistics.gov.scot/id/statistical-geography/S01010156,"Cranhill, Lightburn and Queenslie South - 01","","","","","","","","","","","","",0,0,0,0,0,0.00
http://statistics.gov.scot/id/statistical-geography/S01010157,"Cranhill, Lightburn and Queenslie South - 02","","","","","","","","","","","","",8.33,23.08,33.33,37.5,50,42.86
http://statistics.gov.scot/id/statistical-geography/S01010158,"Cranhill, Lightburn and Queenslie South - 03","","","","","","","","","","","","",7.69,11.11,22.22,30,27.27,12.5
http://statistics.gov.scot/id/statistical-geography/S01010159,"Cranhill, Lightburn and Queenslie South - 04","","","","","","","","","","","","",0,0,0,0,8.33,20
http://statistics.gov.scot/id/statistical-geography/S01010160,"Cranhill, Lightburn and Queenslie South - 05","","","","","","","","","","","","",0,11.11,15.79,17.65,6.67,5.88
http://statistics.gov.scot/id/statistical-geography/S01010161,"Cranhill, Lightburn and Queenslie South - 06","","","","","","","","","","","","",20,20,10,11.11,0,0.00
http://statistics.gov.scot/id/statistical-geography/S01010162,"Cranhill, Lightburn and Queenslie South - 07","","","","","","","","","","","","",16.67,14.29,18.18,7.69,14.29,11.11
http://statistics.gov.scot/id/statistical-geography/S01010163,"Cranhill, Lightburn and Queenslie South - 08","","","","","","","","","","","","",100,66.67,50,25,12.5,10.53
http://statistics.gov.scot/id/statistical-geography/S01010164,"Cranhill, Lightburn and Queenslie South - 09","","","","","","","","","","","","",31.25,33.33,25,20,33.33,30.77
http://statistics.gov.scot/id/statistical-geography/S01012302,Cranshaws - Abbey St Bathans Area,"","","","","","","","","","","","",0,0,0,0,10,7.69
http://statistics.gov.scot/id/statistical-geography/S01006869,Crathes and Torphins - 01,"","","","","","","","","","","","",16.67,0,0,0,0,0.00
http://statistics.gov.scot/id/statistical-geography/S01006870,Crathes and Torphins - 02,"","","","","","","","","","","","",0,0,0,0,0,0.00
http://statistics.gov.scot/id/statistical-geography/S01006871,Crathes and Torphins - 03,"","","","","","","","","","","","",0,0,0,0,0,0.00
http://statistics.gov.scot/id/statistical-geography/S01006872,Crathes and Torphins - 04,"","","","","","","","","","","","",0,0,0,0,9.09,11.11
http://statistics.gov.scot/id/statistical-geography/S01006873,Crathes and Torphins - 05,"","","","","","","","","","","","",0,0,0,0,0,0.00
http://statistics.gov.scot/id/statistical-geography/S01006874,Crathes and Torphins - 06,"","","","","","","","","","","","",0,0,0,0,0,0.00
http://statistics.gov.scot/id/statistical-geography/S01011862,Crieff North - 01,"","","","","","","","","","","","",25,33.33,0,0,25,20
http://statistics.gov.scot/id/statistical-geography/S01011863,Crieff North - 02,"","","","","","","","","","","","",14.29,0,0,0,16.67,20
http://statistics.gov.scot/id/statistical-geography/S01011864,Crieff North - 03,"","","","","","","","","","","","",0,0,0,0,0,0.00
http://statistics.gov.scot/id/statistical-geography/S01011865,Crieff North - 04,"","","","","","","","","","","","",0,0,0,0,0,0.00
http://statistics.gov.scot/id/statistical-geography/S01011866,Crieff South - 01,"","","","","","","","","","","","",0,0,0,0,0,0.00
http://statistics.gov.scot/id/statistical-geography/S01011867,Crieff South - 02,"","","","","","","","","","","","",6.25,6.25,7.14,6.25,7.69,0.00
http://statistics.gov.scot/id/statistical-geography/S01011868,Crieff South - 03,"","","","","","","","","","","","",45.45,36.36,20,5.56,8.33,16.67
http://statistics.gov.scot/id/statistical-geography/S01011869,Crieff South - 04,"","","","","","","","","","","","",0,8.33,8.33,14.29,9.09,14.29
http://statistics.gov.scot/id/statistical-geography/S01011870,Crieff South - 05,"","","","","","","","","","","","",11.11,0,0,0,11.11,25
http://statistics.gov.scot/id/statistical-geography/S01006875,Cromar and Kildrummy - 01,"","","","","","","","","","","","",0,0,0,0,0,0.00
http://statistics.gov.scot/id/statistical-geography/S01006876,Cromar and Kildrummy - 02,"","","","","","","","","","","","",10,10,0,0,0,0.00
http://statistics.gov.scot/id/statistical-geography/S01006877,Cromar and Kildrummy - 03,"","","","","","","","","","","","",0,0,0,0,7.69,10
http://statistics.gov.scot/id/statistical-geography/S01006878,Cromar and Kildrummy - 04,"","","","","","","","","","","","",0,14.29,33.33,20,0,0.00
http://statistics.gov.scot/id/statistical-geography/S01006879,Cromar and Kildrummy - 05,"","","","","","","","","","","","",0,0,0,11.11,8.33,0.00
http://statistics.gov.scot/id/statistical-geography/S01009283,Crombie,"","","","","","","","","","","","",9.09,0,0,0,0,0.00
http://statistics.gov.scot/id/statistical-geography/S01008328,Crookfur and Fruin - 01,"","","","","","","","","","","","",0,0,0,0,0,0.00
http://statistics.gov.scot/id/statistical-geography/S01008329,Crookfur and Fruin - 02,"","","","","","","","","","","","",12.5,0,0,0,0,0.00
http://statistics.gov.scot/id/statistical-geography/S01008330,Crookfur and Fruin - 03,"","","","","","","","","","","","",25,0,0,0,0,0.00
http://statistics.gov.scot/id/statistical-geography/S01008331,Crookfur and Fruin - 04,"","","","","","","","","","","","",0,0,0,0,0,0.00
http://statistics.gov.scot/id/statistical-geography/S01008332,Crookfur and Fruin - 05,"","","","","","","","","","","","",0,0,0,0,0,0.00
http://statistics.gov.scot/id/statistical-geography/S01008333,Crookfur and Fruin - 06,"","","","","","","","","","","","",0,0,0,0,0,0.00
http://statistics.gov.scot/id/statistical-geography/S01008334,Crookfur and Fruin - 07,"","","","","","","","","","","","",0,0,0,0,0,0.00
http://statistics.gov.scot/id/statistical-geography/S01009788,Crookston North - 01,"","","","","","","","","","","","",0,0,0,0,0,0.00
http://statistics.gov.scot/id/statistical-geography/S01009789,Crookston North - 02,"","","","","","","","","","","","",11.11,0,0,0,0,0.00
http://statistics.gov.scot/id/statistical-geography/S01009790,Crookston North - 03,"","","","","","","","","","","","",18.18,0,10,25,22.22,16.67
http://statistics.gov.scot/id/statistical-geography/S01009791,Crookston North - 04,"","","","","","","","","","","","",36.36,27.78,17.65,11.11,0,0.00
http://statistics.gov.scot/id/statistical-geography/S01009784,Crookston South - 01,"","","","","","","","","","","","",25,37.5,42.86,50,25,14.29
http://statistics.gov.scot/id/statistical-geography/S01009785,Crookston South - 02,"","","","","","","","","","","","",37.5,40,33.33,25,11.11,0.00
http://statistics.gov.scot/id/statistical-geography/S01009786,Crookston South - 03,"","","","","","","","","","","","",50,57.14,54.55,50,35.71,7.14
http://statistics.gov.scot/id/statistical-geography/S01009787,Crookston South - 04,"","","","","","","","","","","","",8.33,12.5,12.5,16.67,12.5,16.67
http://statistics.gov.scot/id/statistical-geography/S01008303,Cross Stobbs - 01,"","","","","","","","","","","","",0,0,0,0,0,0.00
http://statistics.gov.scot/id/statistical-geography/S01008304,Cross Stobbs - 02,"","","","","","","","","","","","",33.33,33.33,0,0,0,0.00
http://statistics.gov.scot/id/statistical-geography/S01008305,Cross Stobbs - 03,"","","","","","","","","","","","",0,0,0,0,0,0.00
http://statistics.gov.scot/id/statistical-geography/S01008306,Cross Stobbs - 04,"","","","","","","","","","","","",0,0,0,0,0,0.00
http://statistics.gov.scot/id/statistical-geography/S01008307,Cross Stobbs - 05,"","","","","","","","","","","","",0,0,10,10,14.29,0.00
http://statistics.gov.scot/id/statistical-geography/S01008308,Cross Stobbs - 06,"","","","","","","","","","","","",12.5,0,0,0,0,0.00
http://statistics.gov.scot/id/statistical-geography/S01009289,Crossford East and Berrylaw,"","","","","","","","","","","","",0,0,0,0,0,0.00
http://statistics.gov.scot/id/statistical-geography/S01009291,Crossford South,"","","","","","","","","","","","",15.38,16.67,8.33,10,0,0.00
http://statistics.gov.scot/id/statistical-geography/S01009290,Crossford West,"","","","","","","","","","","","",0,0,0,0,0,0.00
http://statistics.gov.scot/id/statistical-geography/S01012615,"Crossford, Braidwood and Yieldshields - 01","","","","","","","","","","","","",14.29,0,0,0,0,0.00
http://statistics.gov.scot/id/statistical-geography/S01012616,"Crossford, Braidwood and Yieldshields - 02","","","","","","","","","","","","",0,10,10,10,0,0.00
http://statistics.gov.scot/id/statistical-geography/S01012617,"Crossford, Braidwood and Yieldshields - 03","","","","","","","","","","","","",25,16.67,20,0,0,0.00
http://statistics.gov.scot/id/statistical-geography/S01012618,"Crossford, Braidwood and Yieldshields - 04","","","","","","","","","","","","",18.18,12.5,9.09,11.11,22.22,28.57
http://statistics.gov.scot/id/statistical-geography/S01009406,Crossgates North,"","","","","","","","","","","","",11.11,14.29,0,0,10,15.38
http://statistics.gov.scot/id/statistical-geography/S01009407,Crossgates North East,"","","","","","","","","","","","",0,0,0,11.11,7.69,7.69
http://statistics.gov.scot/id/statistical-geography/S01009408,Crossgates North Knowe,"","","","","","","","","","","","",0,0,0,4.55,5.88,5.88
http://statistics.gov.scot/id/statistical-geography/S01009405,Crossgates South Knowe and Annfield,"","","","","","","","","","","","",0,0,0,0,0,0.00
http://statistics.gov.scot/id/statistical-geography/S01009430,Crosshill and Lochore South,"","","","","","","","","","","","",20,22.22,14.29,12.5,0,0.00
http://statistics.gov.scot/id/statistical-geography/S01012963,Crosshouse and Lindsayfield - 01,"","","","","","","","","","","","",7.69,0,0,0,0,10
http://statistics.gov.scot/id/statistical-geography/S01012964,Crosshouse and Lindsayfield - 02,"","","","","","","","","","","","",0,15.38,18.18,15.38,0,0.00
http://statistics.gov.scot/id/statistical-geography/S01012965,Crosshouse and Lindsayfield - 03,"","","","","","","","","","","","",0,0,25,7.69,6.67,0.00
http://statistics.gov.scot/id/statistical-geography/S01012966,Crosshouse and Lindsayfield - 04,"","","","","","","","","","","","",0,6.25,4,4.35,0,0.00
http://statistics.gov.scot/id/statistical-geography/S01012967,Crosshouse and Lindsayfield - 05,"","","","","","","","","","","","",0,14.29,16.67,14.29,20,20
http://statistics.gov.scot/id/statistical-geography/S01012968,Crosshouse and Lindsayfield - 06,"","","","","","","","","","","","",18.75,25,14.29,0,0,0.00
http://statistics.gov.scot/id/statistical-geography/S01012969,Crosshouse and Lindsayfield - 07,"","","","","","","","","","","","",0,12.5,16.67,16.67,16.67,11.11
http://statistics.gov.scot/id/statistical-geography/S01008025,"Crosshouse, Gatehead and Kilmaurs Rural - 01","","","","","","","","","","","","",0,0,0,0,0,0.00
http://statistics.gov.scot/id/statistical-geography/S01008026,"Crosshouse, Gatehead and Kilmaurs Rural - 02","","","","","","","","","","","","",10,11.11,8.33,20,14.29,18.18
http://statistics.gov.scot/id/statistical-geography/S01008027,"Crosshouse, Gatehead and Kilmaurs Rural - 03","","","","","","","","","","","","",0,0,0,0,11.11,12.5
http://statistics.gov.scot/id/statistical-geography/S01008028,"Crosshouse, Gatehead and Kilmaurs Rural - 04","","","","","","","","","","","","",0,0,0,0,0,0.00
http://statistics.gov.scot/id/statistical-geography/S01008029,"Crosshouse, Gatehead and Kilmaurs Rural - 05","","","","","","","","","","","","",0,0,0,0,3.23,2.7
http://statistics.gov.scot/id/statistical-geography/S01007065,Cruden - 01,"","","","","","","","","","","","",0,0,0,14.29,0,0.00
http://statistics.gov.scot/id/statistical-geography/S01007066,Cruden - 02,"","","","","","","","","","","","",0,0,0,0,0,16.67
http://statistics.gov.scot/id/statistical-geography/S01007067,Cruden - 03,"","","","","","","","","","","","",0,0,0,0,0,0.00
http://statistics.gov.scot/id/statistical-geography/S01007068,Cruden - 04,"","","","","","","","","","","","",11.11,9.09,0,0,0,0.00
http://statistics.gov.scot/id/statistical-geography/S01007069,Cruden - 05,"","","","","","","","","","","","",12.5,9.09,14.29,0,6.67,5.56
http://statistics.gov.scot/id/statistical-geography/S01007070,Cruden - 06,"","","","","","","","","","","","",28.57,20,0,0,0,16.67
http://statistics.gov.scot/id/statistical-geography/S01007071,Cruden - 07,"","","","","","","","","","","","",16.67,12.5,8.33,0,0,0.00
http://statistics.gov.scot/id/statistical-geography/S01011065,"Cullen, Portknockie, Findochty, Drybridge and Berryhillock - 01","","","","","","","","","","","","",0,0,0,0,0,0.00
http://statistics.gov.scot/id/statistical-geography/S01011066,"Cullen, Portknockie, Findochty, Drybridge and Berryhillock - 02","","","","","","","","","","","","",0,33.33,33.33,33.33,25,0.00
http://statistics.gov.scot/id/statistical-geography/S01011067,"Cullen, Portknockie, Findochty, Drybridge and Berryhillock - 03","","","","","","","","","","","","",0,0,20,20,33.33,0.00
http://statistics.gov.scot/id/statistical-geography/S01011068,"Cullen, Portknockie, Findochty, Drybridge and Berryhillock - 04","","","","","","","","","","","","",8.33,12.5,25,75,66.67,25
http://statistics.gov.scot/id/statistical-geography/S01011069,"Cullen, Portknockie, Findochty, Drybridge and Berryhillock - 05","","","","","","","","","","","","",14.29,20,50,20,14.29,0.00
http://statistics.gov.scot/id/statistical-geography/S01011070,"Cullen, Portknockie, Findochty, Drybridge and Berryhillock - 06","","","","","","","","","","","","",0,0,0,0,25,25
http://statistics.gov.scot/id/statistical-geography/S01011071,"Cullen, Portknockie, Findochty, Drybridge and Berryhillock - 07","","","","","","","","","","","","",0,0,0,0,33.33,33.33
http://statistics.gov.scot/id/statistical-geography/S01011072,"Cullen, Portknockie, Findochty, Drybridge and Berryhillock - 08","","","","","","","","","","","","",28.57,16.67,20,23.08,23.53,15.38
http://statistics.gov.scot/id/statistical-geography/S01009282,Culross and Low Valleyfield,"","","","","","","","","","","","",30,11.11,0,0,0,0.00
http://statistics.gov.scot/id/statistical-geography/S01006506,Culter - 01,"","","","","","","","","","","","",0,0,0,0,0,0.00
http://statistics.gov.scot/id/statistical-geography/S01006507,Culter - 02,"","","","","","","","","","","","",0,0,0,0,0,11.11
http://statistics.gov.scot/id/statistical-geography/S01006508,Culter - 03,"","","","","","","","","","","","",0,0,0,0,0,0.00
http://statistics.gov.scot/id/statistical-geography/S01006509,Culter - 04,"","","","","","","","","","","","",8.33,0,0,0,0,0.00
http://statistics.gov.scot/id/statistical-geography/S01006510,Culter - 05,"","","","","","","","","","","","",0,14.29,11.11,12.5,10,14.29
http://statistics.gov.scot/id/statistical-geography/S01006511,Culter - 06,"","","","","","","","","","","","",0,0,0,0,0,0.00
http://statistics.gov.scot/id/statistical-geography/S01006512,Culter - 07,"","","","","","","","","","","","",0,0,0,0,0,0.00
http://statistics.gov.scot/id/statistical-geography/S01006518,"Cults, Bieldside and Milltimber East - 01","","","","","","","","","","","","",0,0,0,0,0,0.00
http://statistics.gov.scot/id/statistical-geography/S01006519,"Cults, Bieldside and Milltimber East - 02","","","","","","","","","","","","",0,0,0,0,0,0.00
http://statistics.gov.scot/id/statistical-geography/S01006520,"Cults, Bieldside and Milltimber East - 03","","","","","","","","","","","","",0,0,0,0,0,0.00
http://statistics.gov.scot/id/statistical-geography/S01006521,"Cults, Bieldside and Milltimber East - 04","","","","","","","","","","","","",0,0,0,0,0,0.00
http://statistics.gov.scot/id/statistical-geography/S01006522,"Cults, Bieldside and Milltimber East - 05","","","","","","","","","","","","",0,0,0,0,0,0.00
http://statistics.gov.scot/id/statistical-geography/S01006523,"Cults, Bieldside and Milltimber East - 06","","","","","","","","","","","","",0,0,0,0,0,0.00
http://statistics.gov.scot/id/statistical-geography/S01006524,"Cults, Bieldside and Milltimber East - 07","","","","","","","","","","","","",0,0,0,0,0,0.00
http://statistics.gov.scot/id/statistical-geography/S01006525,"Cults, Bieldside and Milltimber East - 08","","","","","","","","","","","","",0,33.33,20,33.33,0,20
http://statistics.gov.scot/id/statistical-geography/S01006513,"Cults, Bieldside and Milltimber West - 01","","","","","","","","","","","","",0,0,0,0,0,0.00
http://statistics.gov.scot/id/statistical-geography/S01006514,"Cults, Bieldside and Milltimber West - 02","","","","","","","","","","","","",0,0,0,0,0,0.00
http://statistics.gov.scot/id/statistical-geography/S01006515,"Cults, Bieldside and Milltimber West - 03","","","","","","","","","","","","",0,0,0,0,0,0.00
http://statistics.gov.scot/id/statistical-geography/S01006516,"Cults, Bieldside and Milltimber West - 04","","","","","","","","","","","","",0,0,0,0,0,0.00
http://statistics.gov.scot/id/statistical-geography/S01006517,"Cults, Bieldside and Milltimber West - 05","","","","","","","","","","","","",0,0,0,0,0,0.00
http://statistics.gov.scot/id/statistical-geography/S01011744,Cumbernauld Central - 01,"","","","","","","","","","","","",33.33,20,0,0,0,0.00
http://statistics.gov.scot/id/statistical-geography/S01011745,Cumbernauld Central - 02,"","","","","","","","","","","","",20,22.22,30,55.56,40,18.18
http://statistics.gov.scot/id/statistical-geography/S01011746,Cumbernauld Central - 03,"","","","","","","","","","","","",22.22,40,16.67,33.33,20,33.33
http://statistics.gov.scot/id/statistical-geography/S01011747,Cumbernauld Central - 04,"","","","","","","","","","","","",11.11,26.67,38.46,50,50,14.29
http://statistics.gov.scot/id/statistical-geography/S01011748,Cumbernauld Central - 05,"","","","","","","","","","","","",28.57,26.67,15.38,21.43,21.43,25
http://statistics.gov.scot/id/statistical-geography/S01011749,Cumbernauld Central - 06,"","","","","","","","","","","","",33.33,40,30.77,30.77,35.71,40
http://statistics.gov.scot/id/statistical-geography/S01006714,Cummings Park - 01,"","","","","","","","","","","","",14.29,14.29,9.09,10,0,0.00
http://statistics.gov.scot/id/statistical-geography/S01006715,Cummings Park - 02,"","","","","","","","","","","","",54.55,25,20,6.67,13.33,9.09
http://statistics.gov.scot/id/statistical-geography/S01006716,Cummings Park - 03,"","","","","","","","","","","","",33.33,12.5,0,0,0,0.00
http://statistics.gov.scot/id/statistical-geography/S01006717,Cummings Park - 04,"","","","","","","","","","","","",20,9.52,5.26,5,0,0.00
http://statistics.gov.scot/id/statistical-geography/S01006718,Cummings Park - 05,"","","","","","","","","","","","",6.25,7.14,0,9.09,12.5,14.29
http://statistics.gov.scot/id/statistical-geography/S01007916,Cumnock North - 01,"","","","","","","","","","","","",15.38,0,0,20,16.67,16.67
http://statistics.gov.scot/id/statistical-geography/S01007917,Cumnock North - 02,"","","","","","","","","","","","",37.5,30.77,0,0,6.25,7.69
http://statistics.gov.scot/id/statistical-geography/S01007918,Cumnock North - 03,"","","","","","","","","","","","",20,14.29,0,10,14.29,14.29
http://statistics.gov.scot/id/statistical-geography/S01007919,Cumnock North - 04,"","","","","","","","","","","","",0,0,0,14.29,11.11,11.11
http://statistics.gov.scot/id/statistical-geography/S01007920,Cumnock North - 05,"","","","","","","","","","","","",8.33,0,0,0,0,0.00
http://statistics.gov.scot/id/statistical-geography/S01007897,Cumnock Rural - 01,"","","","","","","","","","","","",0,33.33,33.33,33.33,0,0.00
http://statistics.gov.scot/id/statistical-geography/S01007898,Cumnock Rural - 02,"","","","","","","","","","","","",0,0,0,0,50,50
http://statistics.gov.scot/id/statistical-geography/S01007899,Cumnock Rural - 03,"","","","","","","","","","","","",14.29,0,0,0,0,0.00
http://statistics.gov.scot/id/statistical-geography/S01007900,Cumnock Rural - 04,"","","","","","","","","","","","",9.09,18.18,15.38,8.33,9.09,12.5
http://statistics.gov.scot/id/statistical-geography/S01007901,Cumnock Rural - 05,"","","","","","","","","","","","",25,7.69,14.29,18.18,22.22,14.29
http://statistics.gov.scot/id/statistical-geography/S01007902,Cumnock Rural - 06,"","","","","","","","","","","","",7.69,14.29,30,23.08,18.18,7.69
http://statistics.gov.scot/id/statistical-geography/S01007903,Cumnock Rural - 07,"","","","","","","","","","","","",0,0,20,40,33.33,25
http://statistics.gov.scot/id/statistical-geography/S01007904,Cumnock Rural - 08,"","","","","","","","","","","","",0,0,14.29,16.67,14.29,0.00
http://statistics.gov.scot/id/statistical-geography/S01007909,Cumnock South and Craigens - 01,"","","","","","","","","","","","",0,12.5,28.57,40,20,0.00
http://statistics.gov.scot/id/statistical-geography/S01007910,Cumnock South and Craigens - 02,"","","","","","","","","","","","",18.18,19.05,11.76,7.14,10,10
http://statistics.gov.scot/id/statistical-geography/S01007911,Cumnock South and Craigens - 03,"","","","","","","","","","","","",0,11.11,22.22,37.5,20,20
http://statistics.gov.scot/id/statistical-geography/S01007912,Cumnock South and Craigens - 04,"","","","","","","","","","","","",42.86,33.33,28.57,11.11,0,0.00
http://statistics.gov.scot/id/statistical-geography/S01007913,Cumnock South and Craigens - 05,"","","","","","","","","","","","",0,0,12.5,11.11,22.22,14.29
http://statistics.gov.scot/id/statistical-geography/S01007914,Cumnock South and Craigens - 06,"","","","","","","","","","","","",44.44,11.11,8.33,10,14.29,0.00
http://statistics.gov.scot/id/statistical-geography/S01007915,Cumnock South and Craigens - 07,"","","","","","","","","","","","",23.53,23.53,20,20,25,22.22
http://statistics.gov.scot/id/statistical-geography/S01009692,Cupar East,"","","","","","","","","","","","",0,8.33,7.69,5.56,0,0.00
http://statistics.gov.scot/id/statistical-geography/S01009690,Cupar North,"","","","","","","","","","","","",7.14,7.14,7.69,0,0,0.00
http://statistics.gov.scot/id/statistical-geography/S01009688,Cupar North West,"","","","","","","","","","","","",7.14,27.27,31.82,38.1,28.57,23.08
http://statistics.gov.scot/id/statistical-geography/S01009687,Cupar Northern,"","","","","","","","","","","","",0,0,0,0,0,0.00
http://statistics.gov.scot/id/statistical-geography/S01009694,Cupar South South East,"","","","","","","","","","","","",0,0,0,0,0,0.00
http://statistics.gov.scot/id/statistical-geography/S01009686,Cupar South West,"","","","","","","","","","","","",9.09,21.05,14.29,20,12.5,18.18
http://statistics.gov.scot/id/statistical-geography/S01009691,Cupar Station and Meadowside,"","","","","","","","","","","","",0,0,0,0,33.33,100
http://statistics.gov.scot/id/statistical-geography/S01009693,Cupar Tarvit,"","","","","","","","","","","","",0,0,0,0,0,0.00
http://statistics.gov.scot/id/statistical-geography/S01009689,Cupar West,"","","","","","","","","","","","",0,0,22.22,25,22.22,0.00
http://statistics.gov.scot/id/statistical-geography/S01009683,Cupar Westfield,"","","","","","","","","","","","",0,0,28.57,33.33,33.33,0.00
http://statistics.gov.scot/id/statistical-geography/S01009682,Cupar Westfield South,"","","","","","","","","","","","",0,0,0,0,0,14.29
http://statistics.gov.scot/id/statistical-geography/S01008429,Currie East - 01,"","","","","","","","","","","","",33.33,33.33,20,0,12.5,16.67
http://statistics.gov.scot/id/statistical-geography/S01008430,Currie East - 02,"","","","","","","","","","","","",0,0,0,0,0,0.00
http://statistics.gov.scot/id/statistical-geography/S01008431,Currie East - 03,"","","","","","","","","","","","",0,0,0,0,0,0.00
http://statistics.gov.scot/id/statistical-geography/S01008432,Currie East - 04,"","","","","","","","","","","","",0,0,0,0,0,0.00
http://statistics.gov.scot/id/statistical-geography/S01008425,Currie West - 01,"","","","","","","","","","","","",20,18.18,9.09,10,8.33,6.25
http://statistics.gov.scot/id/statistical-geography/S01008426,Currie West - 02,"","","","","","","","","","","","",0,0,0,0,0,0.00
http://statistics.gov.scot/id/statistical-geography/S01008427,Currie West - 03,"","","","","","","","","","","","",0,0,0,0,0,0.00
http://statistics.gov.scot/id/statistical-geography/S01008428,Currie West - 04,"","","","","","","","","","","","",0,0,0,12.5,20,11.11
http://statistics.gov.scot/id/statistical-geography/S01009697,Dairsie and Kemback,"","","","","","","","","","","","",14.29,20,0,0,0,0.00
http://statistics.gov.scot/id/statistical-geography/S01007539,Dalbeattie - 01,"","","","","","","","","","","","",0,0,0,0,0,0.00
http://statistics.gov.scot/id/statistical-geography/S01007540,Dalbeattie - 02,"","","","","","","","","","","","",8.33,0,0,0,20,14.29
http://statistics.gov.scot/id/statistical-geography/S01007541,Dalbeattie - 03,"","","","","","","","","","","","",0,0,0,14.29,25,14.29
http://statistics.gov.scot/id/statistical-geography/S01007542,Dalbeattie - 04,"","","","","","","","","","","","",0,0,8.33,20,28.57,33.33
http://statistics.gov.scot/id/statistical-geography/S01007543,Dalbeattie - 05,"","","","","","","","","","","","",15.38,25,12.5,0,12.5,11.11
http://statistics.gov.scot/id/statistical-geography/S01007544,Dalbeattie Rural - 01,"","","","","","","","","","","","",0,0,0,0,0,0.00
http://statistics.gov.scot/id/statistical-geography/S01007545,Dalbeattie Rural - 02,"","","","","","","","","","","","",0,0,0,0,0,0.00
http://statistics.gov.scot/id/statistical-geography/S01007546,Dalbeattie Rural - 03,"","","","","","","","","","","","",0,0,0,0,0,0.00
http://statistics.gov.scot/id/statistical-geography/S01009395,Dalgety Bay East,"","","","","","","","","","","","",0,0,0,0,"",""
http://statistics.gov.scot/id/statistical-geography/S01009396,Dalgety Bay South East,"","","","","","","","","","","","",0,0,0,0,0,0.00
http://statistics.gov.scot/id/statistical-geography/S01009398,Dalgety Bogend Wood,"","","","","","","","","","","","",0,0,11.11,11.11,14.29,0.00
http://statistics.gov.scot/id/statistical-geography/S01009402,Dalgety Crow Hill,"","","","","","","","","","","","",0,0,0,0,0,0.00
http://statistics.gov.scot/id/statistical-geography/S01009400,Dalgety Donibristle South,"","","","","","","","","","","","",0,0,0,0,42.86,36.36
http://statistics.gov.scot/id/statistical-geography/S01009403,Dalgety Donibristle and Hillend,"","","","","","","","","","","","",0,0,0,0,0,0.00
http://statistics.gov.scot/id/statistical-geography/S01009392,Dalgety Letham Farm,"","","","","","","","","","","","",0,0,12.5,16.67,33.33,0.00
http://statistics.gov.scot/id/statistical-geography/S01009391,Dalgety Letham Hill,"","","","","","","","","","","","",8.33,15.38,9.09,9.09,0,0.00
http://statistics.gov.scot/id/statistical-geography/S01009390,Dalgety Letham Hill South,"","","","","","","","","","","","",0,0,0,0,0,0.00
http://statistics.gov.scot/id/statistical-geography/S01009399,Dalgety Longhill Park,"","","","","","","","","","","","",20,0,0,0,0,0.00
http://statistics.gov.scot/id/statistical-geography/S01009401,Dalgety Ross Plantation,"","","","","","","","","","","","",0,0,0,0,0,0.00
http://statistics.gov.scot/id/statistical-geography/S01009397,Dalgety St Davids Clump,"","","","","","","","","","","","",9.09,14.29,16.67,0,0,0.00
http://statistics.gov.scot/id/statistical-geography/S01009394,Dalgety Steeple Clump,"","","","","","","","","","","","",5.88,12.5,16.67,14.29,6.67,0.00
http://statistics.gov.scot/id/statistical-geography/S01011010,Dalkeith - 01,"","","","","","","","","","","","",0,33.33,25,37.5,22.22,15.38
http://statistics.gov.scot/id/statistical-geography/S01011011,Dalkeith - 02,"","","","","","","","","","","","",33.33,50,36.36,28.57,7.14,14.29
http://statistics.gov.scot/id/statistical-geography/S01011012,Dalkeith - 03,"","","","","","","","","","","","",20,20,20,0,0,0.00
http://statistics.gov.scot/id/statistical-geography/S01011013,Dalkeith - 04,"","","","","","","","","","","","",40,25,14.29,11.11,0,0.00
http://statistics.gov.scot/id/statistical-geography/S01010046,Dalmarnock - 01,"","","","","","","","","","","","",0,5.26,7.41,7.41,5,5.26
http://statistics.gov.scot/id/statistical-geography/S01010047,Dalmarnock - 02,"","","","","","","","","","","","",6.25,7.14,8.33,6.25,7.69,16.67
http://statistics.gov.scot/id/statistical-geography/S01010048,Dalmarnock - 03,"","","","","","","","","","","","",26.67,18.75,12.9,10,6.52,2.38
http://statistics.gov.scot/id/statistical-geography/S01008997,"Dalmeny, Kirkliston and Newbridge - 01","","","","","","","","","","","","",11.11,11.11,0,10,9.09,0.00
http://statistics.gov.scot/id/statistical-geography/S01008998,"Dalmeny, Kirkliston and Newbridge - 02","","","","","","","","","","","","",0,0,33.33,16.67,18.18,8.33
http://statistics.gov.scot/id/statistical-geography/S01008999,"Dalmeny, Kirkliston and Newbridge - 03","","","","","","","","","","","","",0,0,0,0,0,0.00
http://statistics.gov.scot/id/statistical-geography/S01009000,"Dalmeny, Kirkliston and Newbridge - 04","","","","","","","","","","","","",0,0,0,0,0,0.00
http://statistics.gov.scot/id/statistical-geography/S01009001,"Dalmeny, Kirkliston and Newbridge - 05","","","","","","","","","","","","",0,"","",0,33.33,50
http://statistics.gov.scot/id/statistical-geography/S01009002,"Dalmeny, Kirkliston and Newbridge - 06","","","","","","","","","","","","",11.76,10.53,6.9,2.94,0,0.00
http://statistics.gov.scot/id/statistical-geography/S01012496,Dalmilling - 01,"","","","","","","","","","","","",26.09,28.57,30.77,42.86,20,11.11
http://statistics.gov.scot/id/statistical-geography/S01012497,Dalmilling - 02,"","","","","","","","","","","","",0,0,0,0,33.33,28.57
http://statistics.gov.scot/id/statistical-geography/S01012498,Dalmilling - 03,"","","","","","","","","","","","",28.57,25,26.67,25,25,33.33
http://statistics.gov.scot/id/statistical-geography/S01012499,Dalmilling - 04,"","","","","","","","","","","","",17.65,21.05,14.29,12.5,5.56,0.00
http://statistics.gov.scot/id/statistical-geography/S01011299,Dalry East and Rural - 01,"","","","","","","","","","","","",0,0,0,0,0,0.00
http://statistics.gov.scot/id/statistical-geography/S01011300,Dalry East and Rural - 02,"","","","","","","","","","","","",21.43,28.57,27.27,40,22.22,20
http://statistics.gov.scot/id/statistical-geography/S01011301,Dalry East and Rural - 03,"","","","","","","","","","","","",0,0,40,28.57,20,0.00
http://statistics.gov.scot/id/statistical-geography/S01011302,Dalry East and Rural - 04,"","","","","","","","","","","","",46.67,28.57,17.65,7.69,20,30.77
http://statistics.gov.scot/id/statistical-geography/S01011303,Dalry West - 01,"","","","","","","","","","","","",10,0,0,0,0,0.00
http://statistics.gov.scot/id/statistical-geography/S01011304,Dalry West - 02,"","","","","","","","","","","","",14.29,25,50,50,60,57.14
http://statistics.gov.scot/id/statistical-geography/S01011305,Dalry West - 03,"","","","","","","","","","","","",9.09,23.08,26.67,28.57,26.67,18.18
http://statistics.gov.scot/id/statistical-geography/S01011306,Dalry West - 04,"","","","","","","","","","","","",22.22,20,14.29,0,0,28.57
http://statistics.gov.scot/id/statistical-geography/S01008651,Dalry and Fountainbridge - 01,"","","","","","","","","","","","",0,0,0,0,0,0.00
http://statistics.gov.scot/id/statistical-geography/S01008652,Dalry and Fountainbridge - 02,"","","","","","","","","","","","",0,0,0,0,0,0.00
http://statistics.gov.scot/id/statistical-geography/S01008653,Dalry and Fountainbridge - 03,"","","","","","","","","","","","",7.14,7.69,0,0,0,0.00
http://statistics.gov.scot/id/statistical-geography/S01008654,Dalry and Fountainbridge - 04,"","","","","","","","","","","","",0,0,0,0,0,0.00
http://statistics.gov.scot/id/statistical-geography/S01008655,Dalry and Fountainbridge - 05,"","","","","","","","","","","","",0,0,0,0,0,11.11
http://statistics.gov.scot/id/statistical-geography/S01008656,Dalry and Fountainbridge - 06,"","","","","","","","","","","","",0,0,0,0,14.29,11.11
http://statistics.gov.scot/id/statistical-geography/S01008657,Dalry and Fountainbridge - 07,"","","","","","","","","","","","",0,0,0,0,0,0.00
http://statistics.gov.scot/id/statistical-geography/S01008658,Dalry and Fountainbridge - 08,"","","","","","","","","","","","",0,0,0,0,0,0.00
http://statistics.gov.scot/id/statistical-geography/S01006756,Danestone - 01,"","","","","","","","","","","","",0,0,0,0,0,0.00
http://statistics.gov.scot/id/statistical-geography/S01006757,Danestone - 02,"","","","","","","","","","","","",16.67,18.18,0,7.69,7.14,8.33
http://statistics.gov.scot/id/statistical-geography/S01006758,Danestone - 03,"","","","","","","","","","","","",7.14,7.69,0,0,0,0.00
http://statistics.gov.scot/id/statistical-geography/S01006759,Danestone - 04,"","","","","","","","","","","","",10,0,0,0,0,0.00
http://statistics.gov.scot/id/statistical-geography/S01006760,Danestone - 05,"","","","","","","","","","","","",10,10,11.11,0,0,0.00
http://statistics.gov.scot/id/statistical-geography/S01006761,Danestone - 06,"","","","","","","","","","","","",14.29,0,20,25,18.18,0.00
http://statistics.gov.scot/id/statistical-geography/S01009758,Darnley East - 01,"","","","","","","","","","","","",0,0,0,0,0,0.00
http://statistics.gov.scot/id/statistical-geography/S01009759,Darnley East - 02,"","","","","","","","","","","","",28.57,28.21,28.12,18.18,15.79,12.5
http://statistics.gov.scot/id/statistical-geography/S01009760,Darnley East - 03,"","","","","","","","","","","","",31.25,25,21.05,19.05,9.09,5.26
http://statistics.gov.scot/id/statistical-geography/S01009761,Darnley East - 04,"","","","","","","","","","","","",10,8.33,7.14,8.33,14.29,25
http://statistics.gov.scot/id/statistical-geography/S01009762,Darnley East - 05,"","","","","","","","","","","","",22.22,33.33,42.86,13.33,12.5,10.53
http://statistics.gov.scot/id/statistical-geography/S01009763,Darnley East - 06,"","","","","","","","","","","","",0,0,0,0,0,0.00
http://statistics.gov.scot/id/statistical-geography/S01009764,Darnley North - 01,"","","","","","","","","","","","",11.76,6.67,9.09,0,0,0.00
http://statistics.gov.scot/id/statistical-geography/S01009765,Darnley North - 02,"","","","","","","","","","","","",0,8.33,6.25,6.67,0,0.00
http://statistics.gov.scot/id/statistical-geography/S01009766,Darnley North - 03,"","","","","","","","","","","","",0,0,0,0,0,0.00
http://statistics.gov.scot/id/statistical-geography/S01009767,Darnley North - 04,"","","","","","","","","","","","",33.33,33.33,25,0,0,0.00
http://statistics.gov.scot/id/statistical-geography/S01009768,Darnley West - 01,"","","","","","","","","","","","",18.75,11.11,5.26,0,4.76,5.26
http://statistics.gov.scot/id/statistical-geography/S01009769,Darnley West - 02,"","","","","","","","","","","","",2.7,0,0,0,0,0.00
http://statistics.gov.scot/id/statistical-geography/S01009770,Darnley West - 03,"","","","","","","","","","","","",0,0,0,0,0,0.00
http://statistics.gov.scot/id/statistical-geography/S01009771,Darnley West - 04,"","","","","","","","","","","","",0,0,0,0,0,0.00
http://statistics.gov.scot/id/statistical-geography/S01009772,Darnley West - 05,"","","","","","","","","","","","",10,10,10,0,0,0.00
http://statistics.gov.scot/id/statistical-geography/S01009773,Darnley West - 06,"","","","","","","","","","","","",10,11.11,11.11,0,0,0.00
http://statistics.gov.scot/id/statistical-geography/S01009774,Darnley West - 07,"","","","","","","","","","","","",6.67,0,0,0,0,0.00
http://statistics.gov.scot/id/statistical-geography/S01007940,Darvel - 01,"","","","","","","","","","","","",14.29,15.38,18.18,7.69,0,0.00
http://statistics.gov.scot/id/statistical-geography/S01007941,Darvel - 02,"","","","","","","","","","","","",0,0,0,0,0,0.00
http://statistics.gov.scot/id/statistical-geography/S01007942,Darvel - 03,"","","","","","","","","","","","",0,0,7.69,7.69,16.67,20
http://statistics.gov.scot/id/statistical-geography/S01007943,Darvel - 04,"","","","","","","","","","","","",7.69,8.33,0,14.29,25,25
http://statistics.gov.scot/id/statistical-geography/S01007944,Darvel - 05,"","","","","","","","","","","","",0,0,0,22.22,20,22.22
http://statistics.gov.scot/id/statistical-geography/S01007986,Dean and New Farm Loch North - 01,"","","","","","","","","","","","",0,0,0,0,0,0.00
http://statistics.gov.scot/id/statistical-geography/S01007987,Dean and New Farm Loch North - 02,"","","","","","","","","","","","",0,0,0,0,0,0.00
http://statistics.gov.scot/id/statistical-geography/S01007988,Dean and New Farm Loch North - 03,"","","","","","","","","","","","",10,0,0,0,0,0.00
http://statistics.gov.scot/id/statistical-geography/S01007989,Dean and New Farm Loch North - 04,"","","","","","","","","","","","",33.33,33.33,25,16.67,28.57,16.67
http://statistics.gov.scot/id/statistical-geography/S01007990,Dean and New Farm Loch North - 05,"","","","","","","","","","","","",15.38,22.22,37.5,30.77,31.25,20
http://statistics.gov.scot/id/statistical-geography/S01013342,Deans - 01,"","","","","","","","","","","","",12.5,12.5,12.5,0,0,0.00
http://statistics.gov.scot/id/statistical-geography/S01013343,Deans - 02,"","","","","","","","","","","","",11.11,12.5,16.67,0,0,0.00
http://statistics.gov.scot/id/statistical-geography/S01013344,Deans - 03,"","","","","","","","","","","","",33.33,33.33,50,20,16.67,20
http://statistics.gov.scot/id/statistical-geography/S01013345,Deans - 04,"","","","","","","","","","","","",12.5,16.67,0,0,14.29,10
http://statistics.gov.scot/id/statistical-geography/S01008868,Deans Village - 01,"","","","","","","","","","","","",7.14,0,0,0,0,0.00
http://statistics.gov.scot/id/statistical-geography/S01008869,Deans Village - 02,"","","","","","","","","","","","",0,0,0,0,0,0.00
http://statistics.gov.scot/id/statistical-geography/S01008870,Deans Village - 03,"","","","","","","","","","","","",0,0,0,0,0,0.00
http://statistics.gov.scot/id/statistical-geography/S01008871,Deans Village - 04,"","","","","","","","","","","","",0,0,0,0,0,0.00
http://statistics.gov.scot/id/statistical-geography/S01008872,Deans Village - 05,"","","","","","","","","","","","",0,0,0,0,0,0.00
http://statistics.gov.scot/id/statistical-geography/S01008873,Deans Village - 06,"","","","","","","","","","","","",0,0,0,0,0,0.00
http://statistics.gov.scot/id/statistical-geography/S01008874,Deans Village - 07,"","","","","","","","","","","","",0,0,0,0,8.33,9.09
http://statistics.gov.scot/id/statistical-geography/S01013277,Dedridge East - 01,"","","","","","","","","","","","",11.11,9.09,11.11,0,12.5,0.00
http://statistics.gov.scot/id/statistical-geography/S01013278,Dedridge East - 02,"","","","","","","","","","","","",22.22,0,12.5,10,25,20
http://statistics.gov.scot/id/statistical-geography/S01013279,Dedridge East - 03,"","","","","","","","","","","","",28.57,50,37.5,33.33,30,25
http://statistics.gov.scot/id/statistical-geography/S01013280,Dedridge East - 04,"","","","","","","","","","","","",25,0,50,33.33,33.33,0.00
http://statistics.gov.scot/id/statistical-geography/S01013281,Dedridge East - 05,"","","","","","","","","","","","",10,14.29,12.5,20,0,12.5
http://statistics.gov.scot/id/statistical-geography/S01013282,Dedridge East - 06,"","","","","","","","","","","","",11.11,0,0,12.5,11.11,18.18
http://statistics.gov.scot/id/statistical-geography/S01013283,Dedridge East - 07,"","","","","","","","","","","","",0,0,0,0,0,0.00
http://statistics.gov.scot/id/statistical-geography/S01007050,Deer and Mormond - 01,"","","","","","","","","","","","",14.29,0,0,28.57,28.57,8.33
http://statistics.gov.scot/id/statistical-geography/S01007051,Deer and Mormond - 02,"","","","","","","","","","","","",10,8.33,9.09,0,0,8.33
http://statistics.gov.scot/id/statistical-geography/S01007052,Deer and Mormond - 03,"","","","","","","","","","","","",11.11,0,0,6.67,9.09,7.69
http://statistics.gov.scot/id/statistical-geography/S01007053,Deer and Mormond - 04,"","","","","","","","","","","","",0,0,0,0,0,0.00
http://statistics.gov.scot/id/statistical-geography/S01007054,Deer and Mormond - 05,"","","","","","","","","","","","",0,11.11,12.5,12.5,10,10
http://statistics.gov.scot/id/statistical-geography/S01007055,Deer and Mormond - 06,"","","","","","","","","","","","",12.5,10,9.09,0,0,0.00
http://statistics.gov.scot/id/statistical-geography/S01007056,Deer and Mormond - 07,"","","","","","","","","","","","",0,0,0,10,0,0.00
http://statistics.gov.scot/id/statistical-geography/S01009618,Denbeath North,"","","","","","","","","","","","",10,6.25,7.69,0,7.69,7.69
http://statistics.gov.scot/id/statistical-geography/S01009619,Denbeath South,"","","","","","","","","","","","",0,20,50,50,20,14.29
http://statistics.gov.scot/id/statistical-geography/S01012356,Denholm,"","","","","","","","","","","","",9.09,11.11,0,0,0,0.00
http://statistics.gov.scot/id/statistical-geography/S01006785,Denmore - 01,"","","","","","","","","","","","",0,0,0,0,0,0.00
http://statistics.gov.scot/id/statistical-geography/S01006786,Denmore - 02,"","","","","","","","","","","","",0,0,0,0,0,0.00
http://statistics.gov.scot/id/statistical-geography/S01006787,Denmore - 03,"","","","","","","","","","","","",0,0,0,20,12.5,9.09
http://statistics.gov.scot/id/statistical-geography/S01006788,Denmore - 04,"","","","","","","","","","","","",4.55,4.17,5.41,1.82,1.82,0.00
http://statistics.gov.scot/id/statistical-geography/S01010248,Dennistoun - 01,"","","","","","","","","","","","",0,0,0,0,7.69,7.69
http://statistics.gov.scot/id/statistical-geography/S01010249,Dennistoun - 02,"","","","","","","","","","","","",0,0,0,0,0,0.00
http://statistics.gov.scot/id/statistical-geography/S01010250,Dennistoun - 03,"","","","","","","","","","","","",18.18,8.33,10,0,0,0.00
http://statistics.gov.scot/id/statistical-geography/S01010251,Dennistoun - 04,"","","","","","","","","","","","",0,0,0,0,0,0.00
http://statistics.gov.scot/id/statistical-geography/S01010252,Dennistoun - 05,"","","","","","","","","","","","",20,6.67,17.65,10,14.29,10.53
http://statistics.gov.scot/id/statistical-geography/S01010253,Dennistoun - 06,"","","","","","","","","","","","",12.5,14.29,11.11,0,0,0.00
http://statistics.gov.scot/id/statistical-geography/S01010234,Dennistoun North - 01,"","","","","","","","","","","","",5.26,4.76,4.35,0,0,10
http://statistics.gov.scot/id/statistical-geography/S01010235,Dennistoun North - 02,"","","","","","","","","","","","",0,0,0,0,0,0.00
http://statistics.gov.scot/id/statistical-geography/S01010236,Dennistoun North - 03,"","","","","","","","","","","","",14.81,15.38,8.7,10.53,18.75,10
http://statistics.gov.scot/id/statistical-geography/S01010237,Dennistoun North - 04,"","","","","","","","","","","","",5.88,14.29,15.38,7.69,0,0.00
http://statistics.gov.scot/id/statistical-geography/S01010238,Dennistoun North - 05,"","","","","","","","","","","","",16.67,13.33,18.75,11.76,18.75,12.5
http://statistics.gov.scot/id/statistical-geography/S01009061,Denny - Nethermains - 01,"","","","","","","","","","","","",0,0,15.38,28.57,25,0.00
http://statistics.gov.scot/id/statistical-geography/S01009062,Denny - Nethermains - 02,"","","","","","","","","","","","",25,25,14.29,11.11,0,0.00
http://statistics.gov.scot/id/statistical-geography/S01009063,Denny - Nethermains - 03,"","","","","","","","","","","","",0,0,0,0,0,0.00
http://statistics.gov.scot/id/statistical-geography/S01009064,Denny - Nethermains - 04,"","","","","","","","","","","","",0,0,0,0,0,0.00
http://statistics.gov.scot/id/statistical-geography/S01009065,Denny - Nethermains - 05,"","","","","","","","","","","","",0,7.14,18.18,40,44.44,33.33
http://statistics.gov.scot/id/statistical-geography/S01009066,Denny - Nethermains - 06,"","","","","","","","","","","","",0,12.5,11.11,11.11,0,0.00
http://statistics.gov.scot/id/statistical-geography/S01010712,Dingwall - 01,"","","","","","","","","","","","",11.11,25,22.22,12.5,12.5,14.29
http://statistics.gov.scot/id/statistical-geography/S01010713,Dingwall - 02,"","","","","","","","","","","","",8.33,18.18,9.09,8.33,13.33,14.29
http://statistics.gov.scot/id/statistical-geography/S01010714,Dingwall - 03,"","","","","","","","","","","","",44.44,30.77,23.53,6.67,7.14,0.00
http://statistics.gov.scot/id/statistical-geography/S01010715,Dingwall - 04,"","","","","","","","","","","","",15.38,25,26.67,23.08,12.5,12.5
http://statistics.gov.scot/id/statistical-geography/S01010716,Dingwall - 05,"","","","","","","","","","","","",13.64,12,4.35,8.7,17.65,21.43
http://statistics.gov.scot/id/statistical-geography/S01010717,Dingwall - 06,"","","","","","","","","","","","",12.5,0,0,0,0,0.00
http://statistics.gov.scot/id/statistical-geography/S01010718,Dingwall - 07,"","","","","","","","","","","","",15.79,18.18,14.29,10,10,10
http://statistics.gov.scot/id/statistical-geography/S01007707,Docks and Wellgate - 01,"","","","","","","","","","","","",3.85,4,0,0,0,0.00
http://statistics.gov.scot/id/statistical-geography/S01007708,Docks and Wellgate - 02,"","","","","","","","","","","","",0,16.67,12.5,26.67,12.5,25
http://statistics.gov.scot/id/statistical-geography/S01007709,Docks and Wellgate - 03,"","","","","","","","","","","","",0,14.29,12.5,12.5,0,0.00
http://statistics.gov.scot/id/statistical-geography/S01007710,Docks and Wellgate - 04,"","","","","","","","","","","","",16.67,6.25,6.25,7.14,20,22.22
http://statistics.gov.scot/id/statistical-geography/S01007711,Docks and Wellgate - 05,"","","","","","","","","","","","",20,16.67,7.69,6.67,16.67,30
http://statistics.gov.scot/id/statistical-geography/S01007712,Docks and Wellgate - 06,"","","","","","","","","","","","",14.29,0,0,0,0,0.00
http://statistics.gov.scot/id/statistical-geography/S01007713,Docks and Wellgate - 07,"","","","","","","","","","","","",7.69,7.14,0,0,0,0.00
http://statistics.gov.scot/id/statistical-geography/S01007443,Dollar and Muckhart - 01,"","","","","","","","","","","","",0,0,0,0,0,0.00
http://statistics.gov.scot/id/statistical-geography/S01007444,Dollar and Muckhart - 02,"","","","","","","","","","","","",0,0,0,0,0,0.00
http://statistics.gov.scot/id/statistical-geography/S01007445,Dollar and Muckhart - 03,"","","","","","","","","","","","",0,0,0,0,0,0.00
http://statistics.gov.scot/id/statistical-geography/S01007446,Dollar and Muckhart - 04,"","","","","","","","","","","","",16.67,25,0,0,0,0.00
http://statistics.gov.scot/id/statistical-geography/S01007447,Dollar and Muckhart - 05,"","","","","","","","","","","","",0,0,0,0,"",""
http://statistics.gov.scot/id/statistical-geography/S01007875,Doon Valley North - 01,"","","","","","","","","","","","",25,0,0,12.5,7.14,5.88
http://statistics.gov.scot/id/statistical-geography/S01007876,Doon Valley North - 02,"","","","","","","","","","","","",18.75,12.5,0,5,4.76,5.56
http://statistics.gov.scot/id/statistical-geography/S01007877,Doon Valley North - 03,"","","","","","","","","","","","",20,33.33,50,25,0,0.00
http://statistics.gov.scot/id/statistical-geography/S01007878,Doon Valley North - 04,"","","","","","","","","","","","",10,14.29,25,25,40,33.33
http://statistics.gov.scot/id/statistical-geography/S01007879,Doon Valley North - 05,"","","","","","","","","","","","",5.88,0,16.67,28.57,22.22,12.5
http://statistics.gov.scot/id/statistical-geography/S01007880,Doon Valley North - 06,"","","","","","","","","","","","",0,0,0,0,0,0.00
http://statistics.gov.scot/id/statistical-geography/S01007870,Doon Valley South - 01,"","","","","","","","","","","","",0,0,0,0,0,0.00
http://statistics.gov.scot/id/statistical-geography/S01007871,Doon Valley South - 02,"","","","","","","","","","","","",16.67,16.67,40,62.5,33.33,31.25
http://statistics.gov.scot/id/statistical-geography/S01007872,Doon Valley South - 03,"","","","","","","","","","","","",25,20,16.67,33.33,42.86,46.15
http://statistics.gov.scot/id/statistical-geography/S01007873,Doon Valley South - 04,"","","","","","","","","","","","",14.29,0,33.33,33.33,20,20
http://statistics.gov.scot/id/statistical-geography/S01007874,Doon Valley South - 05,"","","","","","","","","","","","",9.09,10,0,0,10,14.29
http://statistics.gov.scot/id/statistical-geography/S01007753,Douglas East - 01,"","","","","","","","","","","","",12.5,12.5,0,0,0,0.00
http://statistics.gov.scot/id/statistical-geography/S01007754,Douglas East - 02,"","","","","","","","","","","","",18.18,37.5,44.44,23.08,16.67,11.11
http://statistics.gov.scot/id/statistical-geography/S01007755,Douglas East - 03,"","","","","","","","","","","","",27.27,33.33,20,37.5,25,25
http://statistics.gov.scot/id/statistical-geography/S01007756,Douglas East - 04,"","","","","","","","","","","","",33.33,42.86,33.33,33.33,22.22,44.44
http://statistics.gov.scot/id/statistical-geography/S01007743,Douglas West - 01,"","","","","","","","","","","","",33.33,36.84,25,23.08,16.67,14.29
http://statistics.gov.scot/id/statistical-geography/S01007744,Douglas West - 02,"","","","","","","","","","","","",33.33,20,16.67,28.57,26.67,41.67
http://statistics.gov.scot/id/statistical-geography/S01007745,Douglas West - 03,"","","","","","","","","","","","",7.69,9.09,0,0,0,0.00
http://statistics.gov.scot/id/statistical-geography/S01007746,Douglas West - 04,"","","","","","","","","","","","",23.53,16.67,14.29,8.33,12.5,23.08
http://statistics.gov.scot/id/statistical-geography/S01007747,Douglas West - 05,"","","","","","","","","","","","",16.67,12.5,0,16.67,20,14.29
http://statistics.gov.scot/id/statistical-geography/S01007748,Douglas West - 06,"","","","","","","","","","","","",60,53.85,50,40,36.36,9.09
http://statistics.gov.scot/id/statistical-geography/S01012637,"Douglas, Coalburn and Rigside - 01","","","","","","","","","","","","",23.08,21.43,8.33,0,8.33,15.38
http://statistics.gov.scot/id/statistical-geography/S01012638,"Douglas, Coalburn and Rigside - 02","","","","","","","","","","","","",11.11,0,0,0,12.5,14.29
http://statistics.gov.scot/id/statistical-geography/S01012639,"Douglas, Coalburn and Rigside - 03","","","","","","","","","","","","",0,0,12.5,28.57,28.57,20
http://statistics.gov.scot/id/statistical-geography/S01012640,"Douglas, Coalburn and Rigside - 04","","","","","","","","","","","","",26.67,23.08,33.33,16.67,20,10
http://statistics.gov.scot/id/statistical-geography/S01012641,"Douglas, Coalburn and Rigside - 05","","","","","","","","","","","","",25,28.57,9.09,0,0,0.00
http://statistics.gov.scot/id/statistical-geography/S01010403,Dowanhill - 01,"","","","","","","","","","","","",0,0,0,0,0,0.00
http://statistics.gov.scot/id/statistical-geography/S01010404,Dowanhill - 02,"","","","","","","","","","","","",0,0,0,0,0,0.00
http://statistics.gov.scot/id/statistical-geography/S01010405,Dowanhill - 03,"","","","","","","","","","","","",0,0,0,0,0,0.00
http://statistics.gov.scot/id/statistical-geography/S01010406,Dowanhill - 04,"","","","","","","","","","","","",0,0,0,0,0,0.00
http://statistics.gov.scot/id/statistical-geography/S01010407,Dowanhill - 05,"","","","","","","","","","","","",0,0,0,0,0,0.00
http://statistics.gov.scot/id/statistical-geography/S01007816,Downfield - 01,"","","","","","","","","","","","",0,0,0,0,0,0.00
http://statistics.gov.scot/id/statistical-geography/S01007817,Downfield - 02,"","","","","","","","","","","","",16.67,0,0,25,20,33.33
http://statistics.gov.scot/id/statistical-geography/S01007818,Downfield - 03,"","","","","","","","","","","","",0,0,0,8.33,7.14,8.33
http://statistics.gov.scot/id/statistical-geography/S01007819,Downfield - 04,"","","","","","","","","","","","",0,0,0,0,0,0.00
http://statistics.gov.scot/id/statistical-geography/S01007820,Downfield - 05,"","","","","","","","","","","","",40,45.45,37.5,42.86,33.33,25
http://statistics.gov.scot/id/statistical-geography/S01007821,Downfield - 06,"","","","","","","","","","","","",0,0,0,0,0,0.00
http://statistics.gov.scot/id/statistical-geography/S01007822,Downfield - 07,"","","","","","","","","","","","",0,0,0,7.69,7.69,11.11
http://statistics.gov.scot/id/statistical-geography/S01011187,Dreghorn - 01,"","","","","","","","","","","","",0,0,0,0,0,0.00
http://statistics.gov.scot/id/statistical-geography/S01011188,Dreghorn - 02,"","","","","","","","","","","","",12.5,0,0,0,10,9.09
http://statistics.gov.scot/id/statistical-geography/S01011189,Dreghorn - 03,"","","","","","","","","","","","",5.88,6.25,7.69,0,0,0.00
http://statistics.gov.scot/id/statistical-geography/S01011190,Dreghorn - 04,"","","","","","","","","","","","",25,40,25,20,20,33.33
http://statistics.gov.scot/id/statistical-geography/S01011191,Dreghorn - 05,"","","","","","","","","","","","",11.11,0,0,28.57,28.57,28.57
http://statistics.gov.scot/id/statistical-geography/S01007888,Drongan - 01,"","","","","","","","","","","","",26.09,15.79,8.33,19.05,22.22,38.46
http://statistics.gov.scot/id/statistical-geography/S01007889,Drongan - 02,"","","","","","","","","","","","",14.29,25,20,16.67,20,0.00
http://statistics.gov.scot/id/statistical-geography/S01007890,Drongan - 03,"","","","","","","","","","","","",11.11,22.22,11.11,14.29,0,25
http://statistics.gov.scot/id/statistical-geography/S01007891,Drongan - 04,"","","","","","","","","","","","",0,0,0,0,0,0.00
http://statistics.gov.scot/id/statistical-geography/S01010491,Drumchapel North - 01,"","","","","","","","","","","","",21.43,29.41,23.53,17.65,20,25
http://statistics.gov.scot/id/statistical-geography/S01010492,Drumchapel North - 02,"","","","","","","","","","","","",66.67,33.33,28.57,0,0,0.00
http://statistics.gov.scot/id/statistical-geography/S01010493,Drumchapel North - 03,"","","","","","","","","","","","",21.43,40,31.25,31.25,20,17.65
http://statistics.gov.scot/id/statistical-geography/S01010494,Drumchapel North - 04,"","","","","","","","","","","","",7.14,0,0,0,9.09,7.69
http://statistics.gov.scot/id/statistical-geography/S01010495,Drumchapel North - 05,"","","","","","","","","","","","",50,38.89,23.81,14.29,16.67,31.25
http://statistics.gov.scot/id/statistical-geography/S01010488,Drumchapel South - 01,"","","","","","","","","","","","",27.78,23.08,9.09,0,18.18,18.18
http://statistics.gov.scot/id/statistical-geography/S01010489,Drumchapel South - 02,"","","","","","","","","","","","",14.29,7.14,7.69,0,6.67,7.14
http://statistics.gov.scot/id/statistical-geography/S01010490,Drumchapel South - 03,"","","","","","","","","","","","",18.18,6.67,5.88,0,0,11.11
http://statistics.gov.scot/id/statistical-geography/S01011669,Drumgelloch - 01,"","","","","","","","","","","","",10,0,0,0,0,0.00
http://statistics.gov.scot/id/statistical-geography/S01011670,Drumgelloch - 02,"","","","","","","","","","","","",18.18,33.33,50,50,40,40
http://statistics.gov.scot/id/statistical-geography/S01011671,Drumgelloch - 03,"","","","","","","","","","","","",0,0,0,0,0,0.00
http://statistics.gov.scot/id/statistical-geography/S01011672,Drumgelloch - 04,"","","","","","","","","","","","",8.33,0,0,0,0,0.00
http://statistics.gov.scot/id/statistical-geography/S01011673,Drumgelloch - 05,"","","","","","","","","","","","",0,0,0,0,16.67,40
http://statistics.gov.scot/id/statistical-geography/S01011674,Drumgelloch - 06,"","","","","","","","","","","","",4,12,7.41,7.41,0,0.00
http://statistics.gov.scot/id/statistical-geography/S01009833,Drumoyne and Shieldhall - 01,"","","","","","","","","","","","",8.33,9.09,8.33,0,0,0.00
http://statistics.gov.scot/id/statistical-geography/S01009834,Drumoyne and Shieldhall - 02,"","","","","","","","","","","","",9.09,5.26,0,0,6.67,8.33
http://statistics.gov.scot/id/statistical-geography/S01009835,Drumoyne and Shieldhall - 03,"","","","","","","","","","","","",9.09,42.86,37.5,50,0,0.00
http://statistics.gov.scot/id/statistical-geography/S01009836,Drumoyne and Shieldhall - 04,"","","","","","","","","","","","",7.69,9.09,6.25,7.69,7.69,9.09
http://statistics.gov.scot/id/statistical-geography/S01009837,Drumoyne and Shieldhall - 05,"","","","","","","","","","","","",33.33,16.67,0,0,0,0.00
http://statistics.gov.scot/id/statistical-geography/S01009838,Drumoyne and Shieldhall - 06,"","","","","","","","","","","","",17.65,6.67,0,7.14,7.69,14.29
http://statistics.gov.scot/id/statistical-geography/S01009839,Drumoyne and Shieldhall - 07,"","","","","","","","","","","","",24,18.75,13.33,6.25,4.55,10
http://statistics.gov.scot/id/statistical-geography/S01009840,Drumoyne and Shieldhall - 08,"","","","","","","","","","","","",11.11,14.29,5.88,7.69,0,14.29
http://statistics.gov.scot/id/statistical-geography/S01011577,Drumpellier and Langloan - 01,"","","","","","","","","","","","",0,0,0,0,0,0.00
http://statistics.gov.scot/id/statistical-geography/S01011578,Drumpellier and Langloan - 02,"","","","","","","","","","","","",27.27,33.33,30.77,7.69,0,8.33
http://statistics.gov.scot/id/statistical-geography/S01011579,Drumpellier and Langloan - 03,"","","","","","","","","","","","",14.29,18.18,10,0,0,0.00
http://statistics.gov.scot/id/statistical-geography/S01010496,Drumry East - 01,"","","","","","","","","","","","",16.67,25,38.46,52.94,41.67,36.36
http://statistics.gov.scot/id/statistical-geography/S01010497,Drumry East - 02,"","","","","","","","","","","","",25,15.38,20,18.18,15.38,20
http://statistics.gov.scot/id/statistical-geography/S01010498,Drumry East - 03,"","","","","","","","","","","","",7.14,20,26.67,25,20,16.67
http://statistics.gov.scot/id/statistical-geography/S01010499,Drumry East - 04,"","","","","","","","","","","","",26.32,27.78,23.08,0,8.33,6.67
http://statistics.gov.scot/id/statistical-geography/S01010500,Drumry West - 01,"","","","","","","","","","","","",17.65,11.76,21.43,21.43,25,11.11
http://statistics.gov.scot/id/statistical-geography/S01010501,Drumry West - 02,"","","","","","","","","","","","",11.11,11.76,5.88,7.69,7.14,14.29
http://statistics.gov.scot/id/statistical-geography/S01010502,Drumry West - 03,"","","","","","","","","","","","",20,9.09,10,0,0,0.00
http://statistics.gov.scot/id/statistical-geography/S01010503,Drumry West - 04,"","","","","","","","","","","","",18.18,14.29,0,0,16.67,16.67
http://statistics.gov.scot/id/statistical-geography/S01012346,Dryburgh Charlesfield Maxton Area,"","","","","","","","","","","","",0,0,0,0,0,0.00
http://statistics.gov.scot/id/statistical-geography/S01008899,Drylaw - 01,"","","","","","","","","","","","",0,0,8.33,16.67,22.22,10
http://statistics.gov.scot/id/statistical-geography/S01008900,Drylaw - 02,"","","","","","","","","","","","",0,9.09,11.11,22.22,14.29,10
http://statistics.gov.scot/id/statistical-geography/S01008901,Drylaw - 03,"","","","","","","","","","","","",40,50,27.27,9.09,0,16.67
http://statistics.gov.scot/id/statistical-geography/S01008902,Drylaw - 04,"","","","","","","","","","","","",8.33,8.33,6.67,7.14,6.67,7.14
http://statistics.gov.scot/id/statistical-geography/S01008903,Drylaw - 05,"","","","","","","","","","","","",40,0,20,16.67,14.29,0.00
http://statistics.gov.scot/id/statistical-geography/S01008734,Duddingston and Portobello South - 01,"","","","","","","","","","","","",0,0,0,0,0,0.00
http://statistics.gov.scot/id/statistical-geography/S01008735,Duddingston and Portobello South - 02,"","","","","","","","","","","","",0,0,0,0,0,0.00
http://statistics.gov.scot/id/statistical-geography/S01008736,Duddingston and Portobello South - 03,"","","","","","","","","","","","",0,0,0,0,0,0.00
http://statistics.gov.scot/id/statistical-geography/S01008737,Duddingston and Portobello South - 04,"","","","","","","","","","","","",0,0,0,0,0,0.00
http://statistics.gov.scot/id/statistical-geography/S01008738,Duddingston and Portobello South - 05,"","","","","","","","","","","","",0,0,0,0,0,0.00
http://statistics.gov.scot/id/statistical-geography/S01009348,Duloch Central,"","","","","","","","","","","","",20,0,0,0,0,0.00
http://statistics.gov.scot/id/statistical-geography/S01009346,Duloch East,"","","","","","","","","","","","",0,0,0,5.88,9.09,12.5
http://statistics.gov.scot/id/statistical-geography/S01009328,Duloch North East,"","","","","","","","","","","","",0,3.7,3.57,5.26,0,0.00
http://statistics.gov.scot/id/statistical-geography/S01009329,Duloch North North West,"","","","","","","","","","","","",4.35,0,0,0,0,0.00
http://statistics.gov.scot/id/statistical-geography/S01009330,Duloch North West,"","","","","","","","","","","","",0,0,18.75,33.33,50,25
http://statistics.gov.scot/id/statistical-geography/S01009349,Duloch South,"","","","","","","","","","","","",4.35,0,0,0,0,0.00
http://statistics.gov.scot/id/statistical-geography/S01009347,Duloch South East,"","","","","","","","","","","","",0,0,0,0,0,0.00
http://statistics.gov.scot/id/statistical-geography/S01009350,Duloch South West,"","","","","","","","","","","","",23.08,14.29,12.5,0,0,0.00
http://statistics.gov.scot/id/statistical-geography/S01009351,Duloch West,"","","","","","","","","","","","",0,0,0,0,0,0.00
http://statistics.gov.scot/id/statistical-geography/S01007609,Dumfries Central - 01,"","","","","","","","","","","","",5.56,16.67,26.67,37.5,41.18,30.77
http://statistics.gov.scot/id/statistical-geography/S01007610,Dumfries Central - 02,"","","","","","","","","","","","",12.5,25,22.22,20,14.29,14.29
http://statistics.gov.scot/id/statistical-geography/S01007611,Dumfries Central - 03,"","","","","","","","","","","","",20,28.57,17.65,21.43,13.33,15.38
http://statistics.gov.scot/id/statistical-geography/S01007612,Dumfries Central - 04,"","","","","","","","","","","","",10.53,8.7,4.55,9.52,21.05,26.67
http://statistics.gov.scot/id/statistical-geography/S01013094,Dunblane East - 01,"","","","","","","","","","","","",0,0,0,0,0,0.00
http://statistics.gov.scot/id/statistical-geography/S01013095,Dunblane East - 02,"","","","","","","","","","","","",0,0,0,0,0,0.00
http://statistics.gov.scot/id/statistical-geography/S01013096,Dunblane East - 03,"","","","","","","","","","","","",0,0,0,0,0,0.00
http://statistics.gov.scot/id/statistical-geography/S01013097,Dunblane East - 04,"","","","","","","","","","","","",0,0,0,0,0,0.00
http://statistics.gov.scot/id/statistical-geography/S01013098,Dunblane East - 05,"","","","","","","","","","","","",0,0,0,0,0,0.00
http://statistics.gov.scot/id/statistical-geography/S01013099,Dunblane East - 06,"","","","","","","","","","","","",0,12.5,10,10,0,0.00
http://statistics.gov.scot/id/statistical-geography/S01013100,Dunblane East - 07,"","","","","","","","","","","","",0,0,"",0,0,0.00
http://statistics.gov.scot/id/statistical-geography/S01013101,Dunblane West - 01,"","","","","","","","","","","","",0,7.14,7.69,11.11,0,0.00
http://statistics.gov.scot/id/statistical-geography/S01013102,Dunblane West - 02,"","","","","","","","","","","","",14.29,14.29,16.67,0,0,0.00
http://statistics.gov.scot/id/statistical-geography/S01013103,Dunblane West - 03,"","","","","","","","","","","","",0,0,0,0,0,0.00
http://statistics.gov.scot/id/statistical-geography/S01013104,Dunblane West - 04,"","","","","","","","","","","","",0,0,0,0,0,11.11
http://statistics.gov.scot/id/statistical-geography/S01013105,Dunblane West - 05,"","","","","","","","","","","","",0,0,0,0,0,0.00
http://statistics.gov.scot/id/statistical-geography/S01009436,Dundonald,"","","","","","","","","","","","",7.14,16.67,20,25,28.57,18.18
http://statistics.gov.scot/id/statistical-geography/S01012542,"Dundonald, Loans and Symington - 01","","","","","","","","","","","","",0,0,0,0,0,0.00
http://statistics.gov.scot/id/statistical-geography/S01012543,"Dundonald, Loans and Symington - 02","","","","","","","","","","","","",0,0,0,0,0,0.00
http://statistics.gov.scot/id/statistical-geography/S01012544,"Dundonald, Loans and Symington - 03","","","","","","","","","","","","",33.33,25,20,28.57,16.67,0.00
http://statistics.gov.scot/id/statistical-geography/S01012545,"Dundonald, Loans and Symington - 04","","","","","","","","","","","","",40,25,12.5,12.5,16.67,0.00
http://statistics.gov.scot/id/statistical-geography/S01012546,"Dundonald, Loans and Symington - 05","","","","","","","","","","","","",0,9.09,11.11,14.29,0,0.00
http://statistics.gov.scot/id/statistical-geography/S01012547,"Dundonald, Loans and Symington - 06","","","","","","","","","","","","",0,0,0,0,0,0.00
http://statistics.gov.scot/id/statistical-geography/S01012548,"Dundonald, Loans and Symington - 07","","","","","","","","","","","","",0,0,0,0,0,0.00
http://statistics.gov.scot/id/statistical-geography/S01011569,Dundyvan - 01,"","","","","","","","","","","","",0,28.57,15.38,16.67,0,0.00
http://statistics.gov.scot/id/statistical-geography/S01011570,Dundyvan - 02,"","","","","","","","","","","","",12.5,16.67,0,14.29,10,20
http://statistics.gov.scot/id/statistical-geography/S01011571,Dundyvan - 03,"","","","","","","","","","","","",7.69,16.67,15.38,33.33,28.57,25
http://statistics.gov.scot/id/statistical-geography/S01011572,Dundyvan - 04,"","","","","","","","","","","","",28.57,28.57,11.11,12.5,13.33,9.09
http://statistics.gov.scot/id/statistical-geography/S01011573,Dundyvan - 05,"","","","","","","","","","","","",12.5,9.09,9.09,9.09,0,0.00
http://statistics.gov.scot/id/statistical-geography/S01011574,Dundyvan - 06,"","","","","","","","","","","","",25,30,25,10,0,0.00
http://statistics.gov.scot/id/statistical-geography/S01011575,Dundyvan - 07,"","","","","","","","","","","","",0,0,0,0,0,0.00
http://statistics.gov.scot/id/statistical-geography/S01011576,Dundyvan - 08,"","","","","","","","","","","","",18.18,9.09,7.69,16.67,14.29,30.77
http://statistics.gov.scot/id/statistical-geography/S01009501,Dunearn,"","","","","","","","","","","","",14.29,25,25,14.29,0,22.22
http://statistics.gov.scot/id/statistical-geography/S01006853,"Dunecht, Durris and Drumoak - 01","","","","","","","","","","","","",0,12.5,11.11,14.29,0,0.00
http://statistics.gov.scot/id/statistical-geography/S01006854,"Dunecht, Durris and Drumoak - 02","","","","","","","","","","","","",9.09,0,0,0,0,0.00
http://statistics.gov.scot/id/statistical-geography/S01006855,"Dunecht, Durris and Drumoak - 03","","","","","","","","","","","","",0,0,0,0,0,0.00
http://statistics.gov.scot/id/statistical-geography/S01006856,"Dunecht, Durris and Drumoak - 04","","","","","","","","","","","","",9.09,10,7.14,0,0,0.00
http://statistics.gov.scot/id/statistical-geography/S01006857,"Dunecht, Durris and Drumoak - 05","","","","","","","","","","","","",0,0,0,0,0,0.00
http://statistics.gov.scot/id/statistical-geography/S01006858,"Dunecht, Durris and Drumoak - 06","","","","","","","","","","","","",0,0,0,0,0,0.00
http://statistics.gov.scot/id/statistical-geography/S01009364,Dunfermline Business Park,"","","","","","","","","","","","",0,0,0,0,0,0.00
http://statistics.gov.scot/id/statistical-geography/S01009050,Dunipace - 01,"","","","","","","","","","","","",0,0,0,0,0,10
http://statistics.gov.scot/id/statistical-geography/S01009051,Dunipace - 02,"","","","","","","","","","","","",27.27,33.33,25,14.29,0,0.00
http://statistics.gov.scot/id/statistical-geography/S01009052,Dunipace - 03,"","","","","","","","","","","","",0,0,0,0,0,0.00
http://statistics.gov.scot/id/statistical-geography/S01009053,Dunipace - 04,"","","","","","","","","","","","",11.11,8.33,10,0,18.18,22.22
http://statistics.gov.scot/id/statistical-geography/S01009054,Dunipace - 05,"","","","","","","","","","","","",25,12.5,0,0,0,0.00
http://statistics.gov.scot/id/statistical-geography/S01009512,Dunnikier Central,"","","","","","","","","","","","",0,10,11.11,14.29,0,0.00
http://statistics.gov.scot/id/statistical-geography/S01009511,Dunnikier East,"","","","","","","","","","","","",22.22,11.11,0,0,0,0.00
http://statistics.gov.scot/id/statistical-geography/S01009513,Dunnikier North,"","","","","","","","","","","","",25,0,0,0,0,0.00
http://statistics.gov.scot/id/statistical-geography/S01009514,Dunnikier North West,"","","","","","","","","","","","",0,0,0,0,0,0.00
http://statistics.gov.scot/id/statistical-geography/S01009510,Dunnikier South,"","","","","","","","","","","","",0,0,0,0,0,0.00
http://statistics.gov.scot/id/statistical-geography/S01007366,Dunoon - 01,"","","","","","","","","","","","",20,28.57,18.18,8.33,0,0.00
http://statistics.gov.scot/id/statistical-geography/S01007367,Dunoon - 02,"","","","","","","","","","","","",16.67,20,27.27,18.18,18.18,25
http://statistics.gov.scot/id/statistical-geography/S01007368,Dunoon - 03,"","","","","","","","","","","","",35.71,44.44,44.44,40,0,12.5
http://statistics.gov.scot/id/statistical-geography/S01007369,Dunoon - 04,"","","","","","","","","","","","",7.69,0,0,0,0,0.00
http://statistics.gov.scot/id/statistical-geography/S01007370,Dunoon - 05,"","","","","","","","","","","","",7.69,7.69,0,11.11,9.09,8.33
http://statistics.gov.scot/id/statistical-geography/S01007371,Dunoon - 06,"","","","","","","","","","","","",20,16.67,11.11,0,0,0.00
http://statistics.gov.scot/id/statistical-geography/S01007372,Dunoon - 07,"","","","","","","","","","","","",0,0,0,0,0,0.00
http://statistics.gov.scot/id/statistical-geography/S01012308,Duns - East,"","","","","","","","","","","","",8.33,0,0,0,0,0.00
http://statistics.gov.scot/id/statistical-geography/S01012307,Duns - North,"","","","","","","","","","","","",25,16.67,0,0,0,0.00
http://statistics.gov.scot/id/statistical-geography/S01012305,Duns - South,"","","","","","","","","","","","",11.11,8.33,0,0,0,0.00
http://statistics.gov.scot/id/statistical-geography/S01012306,Duns - West,"","","","","","","","","","","","",0,20,16.67,16.67,9.09,11.11
http://statistics.gov.scot/id/statistical-geography/S01008309,"Dunterlie, East Arthurlie and Dovecothall - 01","","","","","","","","","","","","",20,23.08,26.67,18.75,16.67,9.09
http://statistics.gov.scot/id/statistical-geography/S01008310,"Dunterlie, East Arthurlie and Dovecothall - 02","","","","","","","","","","","","",7.14,8.33,10,18.18,13.33,10
http://statistics.gov.scot/id/statistical-geography/S01008311,"Dunterlie, East Arthurlie and Dovecothall - 03","","","","","","","","","","","","",12.5,0,0,0,0,0.00
http://statistics.gov.scot/id/statistical-geography/S01008312,"Dunterlie, East Arthurlie and Dovecothall - 04","","","","","","","","","","","","",0,0,0,0,0,0.00
http://statistics.gov.scot/id/statistical-geography/S01008313,"Dunterlie, East Arthurlie and Dovecothall - 05","","","","","","","","","","","","",31.25,21.05,33.33,33.33,42.86,14.29
http://statistics.gov.scot/id/statistical-geography/S01008314,"Dunterlie, East Arthurlie and Dovecothall - 06","","","","","","","","","","","","",15.79,14.29,0,0,14.29,25
http://statistics.gov.scot/id/statistical-geography/S01008315,"Dunterlie, East Arthurlie and Dovecothall - 07","","","","","","","","","","","","",0,12.5,9.09,8.33,0,0.00
http://statistics.gov.scot/id/statistical-geography/S01008316,"Dunterlie, East Arthurlie and Dovecothall - 08","","","","","","","","","","","","",7.14,0,16.67,30.77,41.67,23.08
http://statistics.gov.scot/id/statistical-geography/S01008317,"Dunterlie, East Arthurlie and Dovecothall - 09","","","","","","","","","","","","",0,14.29,60,23.08,14.29,0.00
http://statistics.gov.scot/id/statistical-geography/S01006909,Durno-Chapel of Garioch - 01,"","","","","","","","","","","","",0,0,0,0,0,0.00
http://statistics.gov.scot/id/statistical-geography/S01006910,Durno-Chapel of Garioch - 02,"","","","","","","","","","","","",0,0,0,0,0,0.00
http://statistics.gov.scot/id/statistical-geography/S01006911,Durno-Chapel of Garioch - 03,"","","","","","","","","","","","",9.52,10,7.41,0,0,0.00
http://statistics.gov.scot/id/statistical-geography/S01006912,Durno-Chapel of Garioch - 04,"","","","","","","","","","","","",0,0,0,0,0,0.00
http://statistics.gov.scot/id/statistical-geography/S01006913,Durno-Chapel of Garioch - 05,"","","","","","","","","","","","",0,0,0,0,0,0.00
http://statistics.gov.scot/id/statistical-geography/S01006914,Durno-Chapel of Garioch - 06,"","","","","","","","","","","","",0,0,0,0,0,0.00
http://statistics.gov.scot/id/statistical-geography/S01006915,Durno-Chapel of Garioch - 07,"","","","","","","","","","","","",6.67,0,0,0,0,0.00
http://statistics.gov.scot/id/statistical-geography/S01006749,Dyce - 01,"","","","","","","","","","","","",6.25,17.65,13.33,15.79,7.69,6.67
http://statistics.gov.scot/id/statistical-geography/S01006750,Dyce - 02,"","","","","","","","","","","","",12.5,0,18.18,14.29,25,0.00
http://statistics.gov.scot/id/statistical-geography/S01006751,Dyce - 03,"","","","","","","","","","","","",16.67,0,0,0,0,0.00
http://statistics.gov.scot/id/statistical-geography/S01006752,Dyce - 04,"","","","","","","","","","","","",0,0,0,0,16.67,14.29
http://statistics.gov.scot/id/statistical-geography/S01006753,Dyce - 05,"","","","","","","","","","","","",0,0,0,0,0,0.00
http://statistics.gov.scot/id/statistical-geography/S01006754,Dyce - 06,"","","","","","","","","","","","",0,0,0,0,0,0.00
http://statistics.gov.scot/id/statistical-geography/S01006755,Dyce - 07,"","","","","","","","","","","","",6.25,6.67,0,0,0,7.14
http://statistics.gov.scot/id/statistical-geography/S01009538,Dysart Central,"","","","","","","","","","","","",14.29,22.22,28.57,25,25,27.27
http://statistics.gov.scot/id/statistical-geography/S01009537,Dysart North,"","","","","","","","","","","","",22.22,0,0,0,0,0.00
http://statistics.gov.scot/id/statistical-geography/S01009536,Dysart North East,"","","","","","","","","","","","",33.33,25,22.22,22.22,12.5,11.11
http://statistics.gov.scot/id/statistical-geography/S01008355,Eaglesham and Waterfoot - 01,"","","","","","","","","","","","",0,0,0,0,"",""
http://statistics.gov.scot/id/statistical-geography/S01008356,Eaglesham and Waterfoot - 02,"","","","","","","","","","","","",0,0,0,0,0,0.00
http://statistics.gov.scot/id/statistical-geography/S01008357,Eaglesham and Waterfoot - 03,"","","","","","","","","","","","",0,0,0,0,0,0.00
http://statistics.gov.scot/id/statistical-geography/S01008358,Eaglesham and Waterfoot - 04,"","","","","","","","","","","","",0,8.33,8.33,12.5,0,0.00
http://statistics.gov.scot/id/statistical-geography/S01008359,Eaglesham and Waterfoot - 05,"","","","","","","","","","","","",12.5,16.67,12.5,11.11,9.09,0.00
http://statistics.gov.scot/id/statistical-geography/S01008360,Eaglesham and Waterfoot - 06,"","","","","","","","","","","","",16.67,0,0,0,0,0.00
http://statistics.gov.scot/id/statistical-geography/S01008361,Eaglesham and Waterfoot - 07,"","","","","","","","","","","","",0,0,0,0,0,0.00
http://statistics.gov.scot/id/statistical-geography/S01009701,Earlsferry,"","","","","","","","","","","","",0,0,0,0,0,""
http://statistics.gov.scot/id/statistical-geography/S01012270,Earlston - East,"","","","","","","","","","","","",0,0,0,0,0,0.00
http://statistics.gov.scot/id/statistical-geography/S01012269,Earlston - West,"","","","","","","","","","","","",28.57,16.67,10,0,0,0.00
http://statistics.gov.scot/id/statistical-geography/S01007955,Earlston and Hurlford Rural - 01,"","","","","","","","","","","","",30,35.71,35.71,25,16.67,0.00
http://statistics.gov.scot/id/statistical-geography/S01007956,Earlston and Hurlford Rural - 02,"","","","","","","","","","","","",18.18,9.09,9.09,0,25,25
http://statistics.gov.scot/id/statistical-geography/S01007957,Earlston and Hurlford Rural - 03,"","","","","","","","","","","","",15.38,23.08,15.38,28.57,12.5,0.00
http://statistics.gov.scot/id/statistical-geography/S01007958,Earlston and Hurlford Rural - 04,"","","","","","","","","","","","",20,20,21.05,0,13.33,23.53
http://statistics.gov.scot/id/statistical-geography/S01007959,Earlston and Hurlford Rural - 05,"","","","","","","","","","","","",0,10,12.5,11.11,12.5,14.29
http://statistics.gov.scot/id/statistical-geography/S01007960,Earlston and Hurlford Rural - 06,"","","","","","","","","","","","",0,0,11.11,9.09,14.29,11.11
http://statistics.gov.scot/id/statistical-geography/S01007961,Earlston and Hurlford Rural - 07,"","","","","","","","","","","","",14.29,16.67,0,0,0,0.00
http://statistics.gov.scot/id/statistical-geography/S01012268,Earlston and Melrose Landward,"","","","","","","","","","","","",0,0,0,0,0,0.00
http://statistics.gov.scot/id/statistical-geography/S01012741,Earnock - 01,"","","","","","","","","","","","",12.5,0,0,0,0,0.00
http://statistics.gov.scot/id/statistical-geography/S01012742,Earnock - 02,"","","","","","","","","","","","",10,11.11,0,0,0,0.00
http://statistics.gov.scot/id/statistical-geography/S01012743,Earnock - 03,"","","","","","","","","","","","",0,0,0,0,0,0.00
http://statistics.gov.scot/id/statistical-geography/S01012744,Earnock - 04,"","","","","","","","","","","","",0,0,8.33,6.67,10,0.00
http://statistics.gov.scot/id/statistical-geography/S01012745,Earnock - 05,"","","","","","","","","","","","",0,0,0,0,0,0.00
http://statistics.gov.scot/id/statistical-geography/S01012746,Earnock - 06,"","","","","","","","","","","","",0,0,0,0,0,0.00
http://statistics.gov.scot/id/statistical-geography/S01006789,East Cairngorms - 01,"","","","","","","","","","","","",0,0,0,0,0,0.00
http://statistics.gov.scot/id/statistical-geography/S01006790,East Cairngorms - 02,"","","","","","","","","","","","",20,16.67,0,0,0,0.00
http://statistics.gov.scot/id/statistical-geography/S01006791,East Cairngorms - 03,"","","","","","","","","","","","",0,0,0,0,0,0.00
http://statistics.gov.scot/id/statistical-geography/S01006792,East Cairngorms - 04,"","","","","","","","","","","","",0,0,0,0,0,0.00
http://statistics.gov.scot/id/statistical-geography/S01006793,East Cairngorms - 05,"","","","","","","","","","","","",0,0,20,33.33,33.33,0.00
http://statistics.gov.scot/id/statistical-geography/S01013292,East Calder - 01,"","","","","","","","","","","","",0,0,0,0,0,0.00
http://statistics.gov.scot/id/statistical-geography/S01013293,East Calder - 02,"","","","","","","","","","","","",0,0,0,0,0,0.00
http://statistics.gov.scot/id/statistical-geography/S01013294,East Calder - 03,"","","","","","","","","","","","",0,0,0,0,0,20
http://statistics.gov.scot/id/statistical-geography/S01013295,East Calder - 04,"","","","","","","","","","","","",0,0,0,0,0,0.00
http://statistics.gov.scot/id/statistical-geography/S01013296,East Calder - 05,"","","","","","","","","","","","",0,0,0,0,0,0.00
http://statistics.gov.scot/id/statistical-geography/S01013297,East Calder - 06,"","","","","","","","","","","","",0,0,0,"",0,0.00
http://statistics.gov.scot/id/statistical-geography/S01013298,East Calder - 07,"","","","","","","","","","","","","",50,20,4.35,0,3.57
http://statistics.gov.scot/id/statistical-geography/S01008037,East Clober and Mains Estate - 01,"","","","","","","","","","","","",18.75,21.43,18.18,9.09,0,0.00
http://statistics.gov.scot/id/statistical-geography/S01008038,East Clober and Mains Estate - 02,"","","","","","","","","","","","",5.56,6.25,10,28.57,40,50
http://statistics.gov.scot/id/statistical-geography/S01008039,East Clober and Mains Estate - 03,"","","","","","","","","","","","",14.29,14.29,28.57,37.5,28.57,12.5
http://statistics.gov.scot/id/statistical-geography/S01008040,East Clober and Mains Estate - 04,"","","","","","","","","","","","",0,0,0,0,0,0.00
http://statistics.gov.scot/id/statistical-geography/S01008955,East Craigs North - 01,"","","","","","","","","","","","",22.22,14.29,0,0,0,12.5
http://statistics.gov.scot/id/statistical-geography/S01008956,East Craigs North - 02,"","","","","","","","","","","","",0,0,0,7.69,7.69,7.14
http://statistics.gov.scot/id/statistical-geography/S01008957,East Craigs North - 03,"","","","","","","","","","","","",16.67,14.29,0,0,20,28.57
http://statistics.gov.scot/id/statistical-geography/S01008958,East Craigs North - 04,"","","","","","","","","","","","",0,0,0,0,0,0.00
http://statistics.gov.scot/id/statistical-geography/S01008959,East Craigs North - 05,"","","","","","","","","","","","",16.67,14.29,0,0,14.29,16.67
http://statistics.gov.scot/id/statistical-geography/S01008960,East Craigs South - 01,"","","","","","","","","","","","",0,0,0,0,0,0.00
http://statistics.gov.scot/id/statistical-geography/S01008961,East Craigs South - 02,"","","","","","","","","","","","",0,0,0,0,0,0.00
http://statistics.gov.scot/id/statistical-geography/S01008962,East Craigs South - 03,"","","","","","","","","","","","",0,0,20,14.29,9.09,0.00
http://statistics.gov.scot/id/statistical-geography/S01008963,East Craigs South - 04,"","","","","","","","","","","","",0,0,0,0,0,0.00
http://statistics.gov.scot/id/statistical-geography/S01008964,East Craigs South - 05,"","","","","","","","","","","","",0,0,0,12.5,10,33.33
http://statistics.gov.scot/id/statistical-geography/S01008965,East Craigs South - 06,"","","","","","","","","","","","",0,0,0,0,0,0.00
http://statistics.gov.scot/id/statistical-geography/S01008966,East Craigs South - 07,"","","","","","","","","","","","",0,0,0,0,0,0.00
http://statistics.gov.scot/id/statistical-geography/S01011823,East Kirkwall - 01,"","","","","","","","","","","","",25,33.33,11.11,0,0,0.00
http://statistics.gov.scot/id/statistical-geography/S01011824,East Kirkwall - 02,"","","","","","","","","","","","",27.27,10,0,0,0,0.00
http://statistics.gov.scot/id/statistical-geography/S01011825,East Kirkwall - 03,"","","","","","","","","","","","",0,0,0,8.33,9.09,12.5
http://statistics.gov.scot/id/statistical-geography/S01011826,East Kirkwall - 04,"","","","","","","","","","","","",0,0,0,0,0,0.00
http://statistics.gov.scot/id/statistical-geography/S01011813,East Mainland - 01,"","","","","","","","","","","","",5.88,14.29,18.18,11.11,0,0.00
http://statistics.gov.scot/id/statistical-geography/S01011814,East Mainland - 02,"","","","","","","","","","","","",0,0,0,0,0,0.00
http://statistics.gov.scot/id/statistical-geography/S01011815,East Mainland - 03,"","","","","","","","","","","","",0,0,0,0,0,0.00
http://statistics.gov.scot/id/statistical-geography/S01011816,East Mainland - 04,"","","","","","","","","","","","",0,0,0,0,0,0.00
http://statistics.gov.scot/id/statistical-geography/S01011817,East Mainland - 05,"","","","","","","","","","","","",7.69,7.14,13.33,12.5,17.65,14.29
http://statistics.gov.scot/id/statistical-geography/S01012930,East Mains - 01,"","","","","","","","","","","","",11.11,0,0,0,0,0.00
http://statistics.gov.scot/id/statistical-geography/S01012931,East Mains - 02,"","","","","","","","","","","","",0,0,0,0,0,0.00
http://statistics.gov.scot/id/statistical-geography/S01012932,East Mains - 03,"","","","","","","","","","","","",0,0,0,33.33,16.67,16.67
http://statistics.gov.scot/id/statistical-geography/S01012933,East Mains - 04,"","","","","","","","","","","","",9.09,0,0,0,0,0.00
http://statistics.gov.scot/id/statistical-geography/S01009717,East Sands,"","","","","","","","","","","","",0,0,0,16.67,16.67,14.29
http://statistics.gov.scot/id/statistical-geography/S01009542,East Wemyss McDuff,"","","","","","","","","","","","",11.11,20,28.57,30,22.73,11.11
http://statistics.gov.scot/id/statistical-geography/S01009543,East Wemyss Shore,"","","","","","","","","","","","",0,0,0,0,0,0.00
http://statistics.gov.scot/id/statistical-geography/S01009541,East Wemyss and Standingstane,"","","","","","","","","","","","",0,0,20,16.67,11.11,7.69
http://statistics.gov.scot/id/statistical-geography/S01012406,East and West Mainland - 01,"","","","","","","","","","","","",0,0,0,0,0,0.00
http://statistics.gov.scot/id/statistical-geography/S01012407,East and West Mainland - 02,"","","","","","","","","","","","",7.41,3.57,4.55,0,0,0.00
http://statistics.gov.scot/id/statistical-geography/S01012408,East and West Mainland - 03,"","","","","","","","","","","","",0,11.11,9.52,16.67,0,0.00
http://statistics.gov.scot/id/statistical-geography/S01012409,East and West Mainland - 04,"","","","","","","","","","","","",4.76,4.55,0,0,0,0.00
http://statistics.gov.scot/id/statistical-geography/S01008798,Easter Road and Hawkhill Avenue - 01,"","","","","","","","","","","","",0,0,0,0,0,0.00
http://statistics.gov.scot/id/statistical-geography/S01008799,Easter Road and Hawkhill Avenue - 02,"","","","","","","","","","","","",0,0,0,0,0,0.00
http://statistics.gov.scot/id/statistical-geography/S01008800,Easter Road and Hawkhill Avenue - 03,"","","","","","","","","","","","",0,0,0,0,6.67,6.25
http://statistics.gov.scot/id/statistical-geography/S01008801,Easter Road and Hawkhill Avenue - 04,"","","","","","","","","","","","",0,6.67,6.67,6.67,0,0.00
http://statistics.gov.scot/id/statistical-geography/S01010105,Easterhouse East - 01,"","","","","","","","","","","","",25,20,30,27.27,25,0.00
http://statistics.gov.scot/id/statistical-geography/S01010106,Easterhouse East - 02,"","","","","","","","","","","","",100,100,100,0,0,0.00
http://statistics.gov.scot/id/statistical-geography/S01010107,Easterhouse East - 03,"","","","","","","","","","","","",11.76,23.08,14.29,9.09,0,0.00
http://statistics.gov.scot/id/statistical-geography/S01010108,Easterhouse East - 04,"","","","","","","","","","","","",10,12.5,0,0,14.29,20
http://statistics.gov.scot/id/statistical-geography/S01010109,Easterhouse East - 05,"","","","","","","","","","","","",25,14.29,4.76,4,4.17,9.52
http://statistics.gov.scot/id/statistical-geography/S01011021,Easthouses - 01,"","","","","","","","","","","","",7.69,0,0,0,16.67,11.11
http://statistics.gov.scot/id/statistical-geography/S01011022,Easthouses - 02,"","","","","","","","","","","","",0,0,0,0,0,16.67
http://statistics.gov.scot/id/statistical-geography/S01011023,Easthouses - 03,"","","","","","","","","","","","",28.57,20,14.29,14.29,0,0.00
http://statistics.gov.scot/id/statistical-geography/S01011024,Easthouses - 04,"","","","","","","","","","","","",54.55,45.45,37.5,33.33,25,0.00
http://statistics.gov.scot/id/statistical-geography/S01007672,Eastriggs - 01,"","","","","","","","","","","","",12.5,20,0,0,0,0.00
http://statistics.gov.scot/id/statistical-geography/S01007673,Eastriggs - 02,"","","","","","","","","","","","",12.5,11.11,0,0,0,0.00
http://statistics.gov.scot/id/statistical-geography/S01007674,Eastriggs - 03,"","","","","","","","","","","","",28.57,0,0,16.67,16.67,10
http://statistics.gov.scot/id/statistical-geography/S01007675,Eastriggs - 04,"","","","","","","","","","","","",0,0,33.33,14.29,12.5,0.00
http://statistics.gov.scot/id/statistical-geography/S01012247,Eddleston and Area,"","","","","","","","","","","","",0,0,0,0,0,0.00
http://statistics.gov.scot/id/statistical-geography/S01012703,Eddlewood - 01,"","","","","","","","","","","","",22.22,7.69,11.11,0,0,0.00
http://statistics.gov.scot/id/statistical-geography/S01012704,Eddlewood - 02,"","","","","","","","","","","","",20,18.18,0,11.11,11.11,12.5
http://statistics.gov.scot/id/statistical-geography/S01012705,Eddlewood - 03,"","","","","","","","","","","","",0,0,0,0,0,11.11
http://statistics.gov.scot/id/statistical-geography/S01012706,Eddlewood - 04,"","","","","","","","","","","","",8.33,6.25,0,0,0,0.00
http://statistics.gov.scot/id/statistical-geography/S01012707,Eddlewood - 05,"","","","","","","","","","","","",0,0,0,0,0,0.00
http://statistics.gov.scot/id/statistical-geography/S01012057,Elderslie and Phoenix - 01,"","","","","","","","","","","","",12.5,8.33,0,0,0,0.00
http://statistics.gov.scot/id/statistical-geography/S01012058,Elderslie and Phoenix - 02,"","","","","","","","","","","","",0,0,0,0,0,0.00
http://statistics.gov.scot/id/statistical-geography/S01012059,Elderslie and Phoenix - 03,"","","","","","","","","","","","",7.14,0,9.09,15.38,15.38,12.5
http://statistics.gov.scot/id/statistical-geography/S01012060,Elderslie and Phoenix - 04,"","","","","","","","","","","","",10,15.38,15.38,16.67,12.5,7.69
http://statistics.gov.scot/id/statistical-geography/S01012061,Elderslie and Phoenix - 05,"","","","","","","","","","","","",0,14.29,16.67,14.29,0,11.11
http://statistics.gov.scot/id/statistical-geography/S01012062,Elderslie and Phoenix - 06,"","","","","","","","","","","","",0,0,0,0,0,0.00
http://statistics.gov.scot/id/statistical-geography/S01011121,Elgin Bishopmill East and Ladyhill - 01,"","","","","","","","","","","","",30.77,20,16.67,0,0,0.00
http://statistics.gov.scot/id/statistical-geography/S01011122,Elgin Bishopmill East and Ladyhill - 02,"","","","","","","","","","","","",9.09,16.67,20,14.29,0,0.00
http://statistics.gov.scot/id/statistical-geography/S01011123,Elgin Bishopmill East and Ladyhill - 03,"","","","","","","","","","","","",11.76,10.53,5,0,0,6.67
http://statistics.gov.scot/id/statistical-geography/S01011124,Elgin Bishopmill East and Ladyhill - 04,"","","","","","","","","","","","",0,0,0,0,0,0.00
http://statistics.gov.scot/id/statistical-geography/S01011125,Elgin Bishopmill East and Ladyhill - 05,"","","","","","","","","","","","",33.33,28.57,25,25,28.57,0.00
http://statistics.gov.scot/id/statistical-geography/S01011126,Elgin Bishopmill West and Newfield - 01,"","","","","","","","","","","","",8.33,7.69,14.29,0,10,10
http://statistics.gov.scot/id/statistical-geography/S01011127,Elgin Bishopmill West and Newfield - 02,"","","","","","","","","","","","",9.09,8.7,4.35,0,0,0.00
http://statistics.gov.scot/id/statistical-geography/S01011128,Elgin Bishopmill West and Newfield - 03,"","","","","","","","","","","","",28.57,20,6.67,0,0,25
http://statistics.gov.scot/id/statistical-geography/S01011129,Elgin Bishopmill West and Newfield - 04,"","","","","","","","","","","","",0,8.33,7.14,5.88,0,0.00
http://statistics.gov.scot/id/statistical-geography/S01011130,Elgin Bishopmill West and Newfield - 05,"","","","","","","","","","","","",10,10,0,0,0,0.00
http://statistics.gov.scot/id/statistical-geography/S01011101,Elgin Cathedral to Ashgrove and Pinefield - 01,"","","","","","","","","","","","",14.29,10,0,0,14.29,20
http://statistics.gov.scot/id/statistical-geography/S01011102,Elgin Cathedral to Ashgrove and Pinefield - 02,"","","","","","","","","","","","",6.67,11.76,26.67,28.57,44.44,33.33
http://statistics.gov.scot/id/statistical-geography/S01011103,Elgin Cathedral to Ashgrove and Pinefield - 03,"","","","","","","","","","","","",12.5,16.67,0,0,0,20
http://statistics.gov.scot/id/statistical-geography/S01011104,Elgin Cathedral to Ashgrove and Pinefield - 04,"","","","","","","","","","","","",0,0,0,0,0,0.00
http://statistics.gov.scot/id/statistical-geography/S01011105,Elgin Cathedral to Ashgrove and Pinefield - 05,"","","","","","","","","","","","",7.14,10,21.05,25,25,16.67
http://statistics.gov.scot/id/statistical-geography/S01011106,Elgin Cathedral to Ashgrove and Pinefield - 06,"","","","","","","","","","","","",20,21.21,16.22,15.15,14.81,10.71
http://statistics.gov.scot/id/statistical-geography/S01011117,Elgin Central West - 01,"","","","","","","","","","","","",0,0,0,0,0,0.00
http://statistics.gov.scot/id/statistical-geography/S01011118,Elgin Central West - 02,"","","","","","","","","","","","",0,10,7.14,5.56,0,0.00
http://statistics.gov.scot/id/statistical-geography/S01011119,Elgin Central West - 03,"","","","","","","","","","","","",0,0,0,0,14.29,10
http://statistics.gov.scot/id/statistical-geography/S01011120,Elgin Central West - 04,"","","","","","","","","","","","",0,0,25,25,33.33,20
http://statistics.gov.scot/id/statistical-geography/S01009699,Elie,"","","","","","","","","","","","",0,0,0,"",0,0.00
http://statistics.gov.scot/id/statistical-geography/S01006958,Ellon East - 01,"","","","","","","","","","","","",0,0,0,4,3.12,3.13
http://statistics.gov.scot/id/statistical-geography/S01006959,Ellon East - 02,"","","","","","","","","","","","",16.67,14.29,11.11,0,0,0.00
http://statistics.gov.scot/id/statistical-geography/S01006960,Ellon East - 03,"","","","","","","","","","","","",5.56,0,0,0,0,20
http://statistics.gov.scot/id/statistical-geography/S01006961,Ellon East - 04,"","","","","","","","","","","","",6.67,6.67,0,0,0,0.00
http://statistics.gov.scot/id/statistical-geography/S01006962,Ellon East - 05,"","","","","","","","","","","","",0,0,5.56,7.14,7.14,0.00
http://statistics.gov.scot/id/statistical-geography/S01006963,Ellon East - 06,"","","","","","","","","","","","",7.69,0,0,0,0,0.00
http://statistics.gov.scot/id/statistical-geography/S01006964,Ellon East - 07,"","","","","","","","","","","","",12.5,11.76,6.25,0,0,0.00
http://statistics.gov.scot/id/statistical-geography/S01006965,Ellon West - 01,"","","","","","","","","","","","",0,0,0,0,0,""
http://statistics.gov.scot/id/statistical-geography/S01006966,Ellon West - 02,"","","","","","","","","","","","",36.36,27.27,25,9.09,11.11,0.00
http://statistics.gov.scot/id/statistical-geography/S01006967,Ellon West - 03,"","","","","","","","","","","","",0,0,0,0,0,0.00
http://statistics.gov.scot/id/statistical-geography/S01006968,Ellon West - 04,"","","","","","","","","","","","",12.5,10,0,0,0,0.00
http://statistics.gov.scot/id/statistical-geography/S01006969,Ellon West - 05,"","","","","","","","","","","","",0,0,0,0,0,0.00
http://statistics.gov.scot/id/statistical-geography/S01006970,Ellon West - 06,"","","","","","","","","","","","",0,20,16.67,14.29,0,0.00
http://statistics.gov.scot/id/statistical-geography/S01006971,Ellon West - 07,"","","","","","","","","","","","",36.36,50,37.5,0,0,0.00
http://statistics.gov.scot/id/statistical-geography/S01011960,Errol and Inchture - 01,"","","","","","","","","","","","",5.26,0,0,3.7,4.55,9.09
http://statistics.gov.scot/id/statistical-geography/S01011961,Errol and Inchture - 02,"","","","","","","","","","","","",11.76,4.35,0,0,0,0.00
http://statistics.gov.scot/id/statistical-geography/S01011962,Errol and Inchture - 03,"","","","","","","","","","","","",0,0,0,0,0,0.00
http://statistics.gov.scot/id/statistical-geography/S01011963,Errol and Inchture - 04,"","","","","","","","","","","","",0,8.33,9.09,11.11,0,0.00
http://statistics.gov.scot/id/statistical-geography/S01011964,Errol and Inchture - 05,"","","","","","","","","","","","",5.88,4.17,4.35,0,0,0.00
http://statistics.gov.scot/id/statistical-geography/S01012197,Erskine Central - 01,"","","","","","","","","","","","",30,25,0,0,0,0.00
http://statistics.gov.scot/id/statistical-geography/S01012198,Erskine Central - 02,"","","","","","","","","","","","",14.29,20,0,0,0,0.00
http://statistics.gov.scot/id/statistical-geography/S01012199,Erskine Central - 03,"","","","","","","","","","","","",25,0,0,0,0,14.29
http://statistics.gov.scot/id/statistical-geography/S01012200,Erskine Central - 04,"","","","","","","","","","","","",0,0,0,0,0,0.00
http://statistics.gov.scot/id/statistical-geography/S01012201,Erskine Central - 05,"","","","","","","","","","","","",40,33.33,14.29,0,0,0.00
http://statistics.gov.scot/id/statistical-geography/S01012202,Erskine Central - 06,"","","","","","","","","","","","",16.67,16.67,14.29,0,0,0.00
http://statistics.gov.scot/id/statistical-geography/S01012203,Erskine Central - 07,"","","","","","","","","","","","",0,0,0,0,0,0.00
http://statistics.gov.scot/id/statistical-geography/S01012188,Erskine East and Inchinnan - 01,"","","","","","","","","","","","",9.09,14.29,20,0,0,0.00
http://statistics.gov.scot/id/statistical-geography/S01012189,Erskine East and Inchinnan - 02,"","","","","","","","","","","","",0,0,0,0,0,0.00
http://statistics.gov.scot/id/statistical-geography/S01012190,Erskine East and Inchinnan - 03,"","","","","","","","","","","","",0,0,0,11.11,10,25
http://statistics.gov.scot/id/statistical-geography/S01012191,Erskine East and Inchinnan - 04,"","","","","","","","","","","","",0,0,0,0,0,0.00
http://statistics.gov.scot/id/statistical-geography/S01012192,Erskine East and Inchinnan - 05,"","","","","","","","","","","","",0,0,0,0,0,0.00
http://statistics.gov.scot/id/statistical-geography/S01012193,Erskine East and Inchinnan - 06,"","","","","","","","","","","","",0,0,0,0,0,0.00
http://statistics.gov.scot/id/statistical-geography/S01012194,Erskine East and Inchinnan - 07,"","","","","","","","","","","","",28.57,0,0,0,0,0.00
http://statistics.gov.scot/id/statistical-geography/S01012195,Erskine East and Inchinnan - 08,"","","","","","","","","","","","",0,0,8.33,7.14,6.67,0.00
http://statistics.gov.scot/id/statistical-geography/S01012196,Erskine East and Inchinnan - 09,"","","","","","","","","","","","",0,0,0,0,0,0.00
http://statistics.gov.scot/id/statistical-geography/S01012204,Erskine West - 01,"","","","","","","","","","","","",0,0,0,0,0,0.00
http://statistics.gov.scot/id/statistical-geography/S01012205,Erskine West - 02,"","","","","","","","","","","","",0,0,0,0,0,0.00
http://statistics.gov.scot/id/statistical-geography/S01012206,Erskine West - 03,"","","","","","","","","","","","",16.67,10,12.5,0,12.5,14.29
http://statistics.gov.scot/id/statistical-geography/S01012207,Erskine West - 04,"","","","","","","","","","","","",22.22,28.57,30,18.18,16.67,8.33
http://statistics.gov.scot/id/statistical-geography/S01012208,Erskine West - 05,"","","","","","","","","","","","",11.11,9.09,9.09,0,0,0.00
http://statistics.gov.scot/id/statistical-geography/S01012209,Erskine West - 06,"","","","","","","","","","","","",18.18,28.57,20,0,0,0.00
http://statistics.gov.scot/id/statistical-geography/S01012210,Erskine West - 07,"","","","","","","","","","","","",0,0,0,0,0,8.33
http://statistics.gov.scot/id/statistical-geography/S01010994,Eskbank - 01,"","","","","","","","","","","","",0,0,0,0,0,0.00
http://statistics.gov.scot/id/statistical-geography/S01010995,Eskbank - 02,"","","","","","","","","","","","",0,0,0,0,0,0.00
http://statistics.gov.scot/id/statistical-geography/S01010996,Eskbank - 03,"","","","","","","","","","","","",0,0,50,0,0,0.00
http://statistics.gov.scot/id/statistical-geography/S01010997,Eskbank - 04,"","","","","","","","","","","","",0,0,0,0,0,0.00
http://statistics.gov.scot/id/statistical-geography/S01010998,Eskbank - 05,"","","","","","","","","","","","",0,0,0,0,0,0.00
http://statistics.gov.scot/id/statistical-geography/S01010999,Eskbank - 06,"","","","","","","","","","","","",0,0,0,0,0,0.00
http://statistics.gov.scot/id/statistical-geography/S01012378,Ettrick Water and Bowhill Area,"","","","","","","","","","","","",0,0,0,11.11,11.11,12.5
http://statistics.gov.scot/id/statistical-geography/S01012316,Eyemouth - Central,"","","","","","","","","","","","",5,0,0,0,0,0.00
http://statistics.gov.scot/id/statistical-geography/S01012314,Eyemouth - Gunsgreen,"","","","","","","","","","","","",0,9.09,25,30,20,21.43
http://statistics.gov.scot/id/statistical-geography/S01012318,Eyemouth - North,"","","","","","","","","","","","",22.22,25,17.65,12.5,6.67,8.33
http://statistics.gov.scot/id/statistical-geography/S01012315,Eyemouth - Seafront Harbour,"","","","","","","","","","","","",0,0,0,0,20,20
http://statistics.gov.scot/id/statistical-geography/S01012317,Eyemouth - South,"","","","","","","","","","","","",0,0,0,0,0,0.00
http://statistics.gov.scot/id/statistical-geography/S01009500,Fair Isle,"","","","","","","","","","","","",8.33,18.18,18.18,25,14.29,15.79
http://statistics.gov.scot/id/statistical-geography/S01009515,Fair Isle North,"","","","","","","","","","","","",12.5,0,0,20,16.67,11.11
http://statistics.gov.scot/id/statistical-geography/S01012726,Fairhill - 01,"","","","","","","","","","","","",0,0,20,33.33,28.57,25
http://statistics.gov.scot/id/statistical-geography/S01012727,Fairhill - 02,"","","","","","","","","","","","",7.69,6.25,9.09,16.67,16.67,20
http://statistics.gov.scot/id/statistical-geography/S01012728,Fairhill - 03,"","","","","","","","","","","","",35,36.84,36.84,31.25,36.36,33.33
http://statistics.gov.scot/id/statistical-geography/S01011307,Fairlie and Rural - 01,"","","","","","","","","","","","",9.09,9.09,7.69,0,0,0.00
http://statistics.gov.scot/id/statistical-geography/S01011308,Fairlie and Rural - 02,"","","","","","","","","","","","",14.29,0,"",0,0,0.00
http://statistics.gov.scot/id/statistical-geography/S01011309,Fairlie and Rural - 03,"","","","","","","","","","","","",0,0,0,0,0,0.00
http://statistics.gov.scot/id/statistical-geography/S01011310,Fairlie and Rural - 04,"","","","","","","","","","","","",25,25,25,16.67,0,""
http://statistics.gov.scot/id/statistical-geography/S01008541,Fairmilehead - 01,"","","","","","","","","","","","",0,0,0,0,0,0.00
http://statistics.gov.scot/id/statistical-geography/S01008542,Fairmilehead - 02,"","","","","","","","","","","","",60,22.22,5,0,0,0.00
http://statistics.gov.scot/id/statistical-geography/S01008543,Fairmilehead - 03,"","","","","","","","","","","","",0,0,0,0,0,0.00
http://statistics.gov.scot/id/statistical-geography/S01008544,Fairmilehead - 04,"","","","","","","","","","","","",0,0,0,0,0,0.00
http://statistics.gov.scot/id/statistical-geography/S01008545,Fairmilehead - 05,"","","","","","","","","","","","",0,0,0,0,0,0.00
http://statistics.gov.scot/id/statistical-geography/S01008546,Fairmilehead - 06,"","","","","","","","","","","","","",0,0,0,0,0.00
http://statistics.gov.scot/id/statistical-geography/S01007823,Fairmuir - 01,"","","","","","","","","","","","",0,0,0,12.5,11.11,12.5
http://statistics.gov.scot/id/statistical-geography/S01007824,Fairmuir - 02,"","","","","","","","","","","","",0,11.11,9.09,7.14,0,0.00
http://statistics.gov.scot/id/statistical-geography/S01007825,Fairmuir - 03,"","","","","","","","","","","","",11.11,6.25,0,0,0,0.00
http://statistics.gov.scot/id/statistical-geography/S01007826,Fairmuir - 04,"","","","","","","","","","","","",25,16.67,11.11,12.5,42.86,50
http://statistics.gov.scot/id/statistical-geography/S01007827,Fairmuir - 05,"","","","","","","","","","","","",14.29,0,14.29,21.43,26.67,18.18
http://statistics.gov.scot/id/statistical-geography/S01009126,Falkirk - Bainsford and Langlees - 01,"","","","","","","","","","","","",27.27,33.33,37.5,30.43,31.58,40
http://statistics.gov.scot/id/statistical-geography/S01009127,Falkirk - Bainsford and Langlees - 02,"","","","","","","","","","","","",33.33,38.46,23.53,16.67,5.56,7.69
http://statistics.gov.scot/id/statistical-geography/S01009128,Falkirk - Bainsford and Langlees - 03,"","","","","","","","","","","","",5.88,13.64,18.75,22.22,9.09,7.69
http://statistics.gov.scot/id/statistical-geography/S01009129,Falkirk - Bainsford and Langlees - 04,"","","","","","","","","","","","",0,0,9.09,22.22,40,16.67
http://statistics.gov.scot/id/statistical-geography/S01009130,Falkirk - Bainsford and Langlees - 05,"","","","","","","","","","","","",15.38,16.67,0,0,6.25,6.67
http://statistics.gov.scot/id/statistical-geography/S01009131,Falkirk - Bainsford and Langlees - 06,"","","","","","","","","","","","",0,0,0,11.11,11.11,11.11
http://statistics.gov.scot/id/statistical-geography/S01009154,Falkirk - Bantaskin - 01,"","","","","","","","","","","","",8.33,14.29,13.33,14.29,7.14,6.67
http://statistics.gov.scot/id/statistical-geography/S01009155,Falkirk - Bantaskin - 02,"","","","","","","","","","","","",25,33.33,20,0,0,""
http://statistics.gov.scot/id/statistical-geography/S01009156,Falkirk - Bantaskin - 03,"","","","","","","","","","","","",0,0,0,0,0,""
http://statistics.gov.scot/id/statistical-geography/S01009157,Falkirk - Bantaskin - 04,"","","","","","","","","","","","",15.38,16.67,0,0,0,0.00
http://statistics.gov.scot/id/statistical-geography/S01009158,Falkirk - Bantaskin - 05,"","","","","","","","","","","","",0,0,0,0,0,9.09
http://statistics.gov.scot/id/statistical-geography/S01009159,Falkirk - Camelon East - 01,"","","","","","","","","","","","",27.27,23.08,25,25,33.33,25
http://statistics.gov.scot/id/statistical-geography/S01009160,Falkirk - Camelon East - 02,"","","","","","","","","","","","",0,0,0,20,20,20
http://statistics.gov.scot/id/statistical-geography/S01009161,Falkirk - Camelon East - 03,"","","","","","","","","","","","",0,0,9.09,7.69,5.88,0.00
http://statistics.gov.scot/id/statistical-geography/S01009162,Falkirk - Camelon East - 04,"","","","","","","","","","","","",18.18,20,8.33,8.33,0,0.00
http://statistics.gov.scot/id/statistical-geography/S01009163,Falkirk - Camelon East - 05,"","","","","","","","","","","","",0,0,0,0,0,0.00
http://statistics.gov.scot/id/statistical-geography/S01009164,Falkirk - Camelon West - 01,"","","","","","","","","","","","",0,0,0,0,0,0.00
http://statistics.gov.scot/id/statistical-geography/S01009165,Falkirk - Camelon West - 02,"","","","","","","","","","","","",7.14,10,0,0,14.29,25
http://statistics.gov.scot/id/statistical-geography/S01009166,Falkirk - Camelon West - 03,"","","","","","","","","","","","",40,35.71,37.5,33.33,22.22,11.11
http://statistics.gov.scot/id/statistical-geography/S01009167,Falkirk - Camelon West - 04,"","","","","","","","","","","","",12.5,7.69,7.69,20,33.33,50
http://statistics.gov.scot/id/statistical-geography/S01009138,Falkirk - Grahamston - 01,"","","","","","","","","","","","",4.76,14.29,15.38,7.14,0,0.00
http://statistics.gov.scot/id/statistical-geography/S01009139,Falkirk - Grahamston - 02,"","","","","","","","","","","","",18.18,12.5,0,0,0,0.00
http://statistics.gov.scot/id/statistical-geography/S01009140,Falkirk - Grahamston - 03,"","","","","","","","","","","","",15.38,11.11,7.14,0,0,0.00
http://statistics.gov.scot/id/statistical-geography/S01009141,Falkirk - Grahamston - 04,"","","","","","","","","","","","",16.67,9.52,4,0,0,0.00
http://statistics.gov.scot/id/statistical-geography/S01009142,Falkirk - Grahamston - 05,"","","","","","","","","","","","",0,6.25,12.5,11.11,25,21.43
http://statistics.gov.scot/id/statistical-geography/S01009172,Falkirk - Lochgreen and Lionthorn - 01,"","","","","","","","","","","","",12.5,12.5,0,0,0,0.00
http://statistics.gov.scot/id/statistical-geography/S01009173,Falkirk - Lochgreen and Lionthorn - 02,"","","","","","","","","","","","",0,0,0,0,0,0.00
http://statistics.gov.scot/id/statistical-geography/S01009174,Falkirk - Lochgreen and Lionthorn - 03,"","","","","","","","","","","","",0,0,0,0,0,0.00
http://statistics.gov.scot/id/statistical-geography/S01009175,Falkirk - Lochgreen and Lionthorn - 04,"","","","","","","","","","","","",0,0,0,0,0,0.00
http://statistics.gov.scot/id/statistical-geography/S01009176,Falkirk - Lochgreen and Lionthorn - 05,"","","","","","","","","","","","",0,0,0,0,0,0.00
http://statistics.gov.scot/id/statistical-geography/S01009132,Falkirk - Merchiston and New Carron Village - 01,"","","","","","","","","","","","",15.38,23.08,7.69,7.69,6.67,7.14
http://statistics.gov.scot/id/statistical-geography/S01009133,Falkirk - Merchiston and New Carron Village - 02,"","","","","","","","","","","","",11.11,10,8.33,8.33,16.67,16.67
http://statistics.gov.scot/id/statistical-geography/S01009134,Falkirk - Merchiston and New Carron Village - 03,"","","","","","","","","","","","",7.69,13.33,7.69,9.09,0,0.00
http://statistics.gov.scot/id/statistical-geography/S01009135,Falkirk - Merchiston and New Carron Village - 04,"","","","","","","","","","","","",7.14,9.09,0,14.29,16.67,10
http://statistics.gov.scot/id/statistical-geography/S01009136,Falkirk - Merchiston and New Carron Village - 05,"","","","","","","","","","","","",0,0,0,0,0,0.00
http://statistics.gov.scot/id/statistical-geography/S01009137,Falkirk - Merchiston and New Carron Village - 06,"","","","","","","","","","","","",0,0,0,4.76,4.35,4.35
http://statistics.gov.scot/id/statistical-geography/S01009143,Falkirk - Middlefield - 01,"","","","","","","","","","","","",33.33,25,0,0,0,0.00
http://statistics.gov.scot/id/statistical-geography/S01009144,Falkirk - Middlefield - 02,"","","","","","","","","","","","",4.55,4.55,3.57,4.35,5.56,5.88
http://statistics.gov.scot/id/statistical-geography/S01009145,Falkirk - Middlefield - 03,"","","","","","","","","","","","",0,0,7.14,8.33,15.38,15.38
http://statistics.gov.scot/id/statistical-geography/S01009146,Falkirk - Middlefield - 04,"","","","","","","","","","","","",13.64,12,14.29,5.56,7.14,5.88
http://statistics.gov.scot/id/statistical-geography/S01009147,Falkirk - Middlefield - 05,"","","","","","","","","","","","",8.33,9.09,9.09,9.09,10,8.33
http://statistics.gov.scot/id/statistical-geography/S01009148,Falkirk - Middlefield - 06,"","","","","","","","","","","","",40,20,7.69,9.09,0,0.00
http://statistics.gov.scot/id/statistical-geography/S01009168,Falkirk - Tamfourhill - 01,"","","","","","","","","","","","",0,0,0,0,0,0.00
http://statistics.gov.scot/id/statistical-geography/S01009169,Falkirk - Tamfourhill - 02,"","","","","","","","","","","","",28.57,20,0,0,0,0.00
http://statistics.gov.scot/id/statistical-geography/S01009170,Falkirk - Tamfourhill - 03,"","","","","","","","","","","","",22.22,25,22.22,25,20,16.67
http://statistics.gov.scot/id/statistical-geography/S01009171,Falkirk - Tamfourhill - 04,"","","","","","","","","","","","",8.33,18.18,36.36,44.44,50,27.27
http://statistics.gov.scot/id/statistical-geography/S01009149,Falkirk - Town Centre and Callendar Park - 01,"","","","","","","","","","","","",0,0,0,0,0,0.00
http://statistics.gov.scot/id/statistical-geography/S01009150,Falkirk - Town Centre and Callendar Park - 02,"","","","","","","","","","","","","",0,0,0,0,0.00
http://statistics.gov.scot/id/statistical-geography/S01009151,Falkirk - Town Centre and Callendar Park - 03,"","","","","","","","","","","","",8.33,8.33,0,8.33,10,14.29
http://statistics.gov.scot/id/statistical-geography/S01009152,Falkirk - Town Centre and Callendar Park - 04,"","","","","","","","","","","","",12.5,16.67,14.29,11.11,11.11,0.00
http://statistics.gov.scot/id/statistical-geography/S01009153,Falkirk - Town Centre and Callendar Park - 05,"","","","","","","","","","","","",9.09,0,0,0,0,0.00
http://statistics.gov.scot/id/statistical-geography/S01009670,Falkland East and East Lomond,"","","","","","","","","","","","",0,16.67,11.11,11.11,0,0.00
http://statistics.gov.scot/id/statistical-geography/S01009671,Falkland West and Craigmead,"","","","","","","","","","","","",0,0,0,0,0,0.00
http://statistics.gov.scot/id/statistical-geography/S01013033,Fallin - 01,"","","","","","","","","","","","",0,0,0,0,0,7.14
http://statistics.gov.scot/id/statistical-geography/S01013034,Fallin - 02,"","","","","","","","","","","","",10,22.22,25,27.27,30,18.18
http://statistics.gov.scot/id/statistical-geography/S01013035,Fallin - 03,"","","","","","","","","","","","",10,0,0,0,0,0.00
http://statistics.gov.scot/id/statistical-geography/S01013036,Fallin - 04,"","","","","","","","","","","","",12.5,7.69,7.69,7.69,7.14,0.00
http://statistics.gov.scot/id/statistical-geography/S01011532,Fallside - 01,"","","","","","","","","","","","",0,0,0,0,0,0.00
http://statistics.gov.scot/id/statistical-geography/S01011533,Fallside - 02,"","","","","","","","","","","","",50,40,22.22,20,22.22,14.29
http://statistics.gov.scot/id/statistical-geography/S01011534,Fallside - 03,"","","","","","","","","","","","",0,0,0,0,9.09,10
http://statistics.gov.scot/id/statistical-geography/S01011535,Fallside - 04,"","","","","","","","","","","","",31.58,33.33,23.08,21.43,26.67,17.65
http://statistics.gov.scot/id/statistical-geography/S01011536,Fallside - 05,"","","","","","","","","","","","",0,0,0,0,0,0.00
http://statistics.gov.scot/id/statistical-geography/S01011537,Fallside - 06,"","","","","","","","","","","","",0,0,0,0,0,0.00
http://statistics.gov.scot/id/statistical-geography/S01011538,Fallside - 07,"","","","","","","","","","","","",0,0,0,0,0,0.00
http://statistics.gov.scot/id/statistical-geography/S01009055,"Fankerton, Stoneywood and Denny Town - 01","","","","","","","","","","","","",0,0,7.69,7.69,5.26,0.00
http://statistics.gov.scot/id/statistical-geography/S01009056,"Fankerton, Stoneywood and Denny Town - 02","","","","","","","","","","","","",12.5,0,0,0,0,0.00
http://statistics.gov.scot/id/statistical-geography/S01009057,"Fankerton, Stoneywood and Denny Town - 03","","","","","","","","","","","","",11.11,25,12.5,14.29,10,16.67
http://statistics.gov.scot/id/statistical-geography/S01009058,"Fankerton, Stoneywood and Denny Town - 04","","","","","","","","","","","","",0,0,6.25,6.25,9.09,0.00
http://statistics.gov.scot/id/statistical-geography/S01009059,"Fankerton, Stoneywood and Denny Town - 05","","","","","","","","","","","","",7.14,17.65,15,12.5,0,0.00
http://statistics.gov.scot/id/statistical-geography/S01009060,"Fankerton, Stoneywood and Denny Town - 06","","","","","","","","","","","","",0,0,0,0,0,0.00
http://statistics.gov.scot/id/statistical-geography/S01012856,Farme Cross and Gallowflat North - 01,"","","","","","","","","","","","",8.33,0,0,0,0,0.00
http://statistics.gov.scot/id/statistical-geography/S01012857,Farme Cross and Gallowflat North - 02,"","","","","","","","","","","","",0,8.33,7.69,6.25,0,0.00
http://statistics.gov.scot/id/statistical-geography/S01012858,Farme Cross and Gallowflat North - 03,"","","","","","","","","","","","",5.56,5,11.76,16.67,25,0.00
http://statistics.gov.scot/id/statistical-geography/S01012859,Farme Cross and Gallowflat North - 04,"","","","","","","","","","","","",6.25,3.85,10.34,5.88,9.09,0.00
http://statistics.gov.scot/id/statistical-geography/S01013243,Fauldhouse - 01,"","","","","","","","","","","","",14.29,12.5,11.11,0,28.57,33.33
http://statistics.gov.scot/id/statistical-geography/S01013244,Fauldhouse - 02,"","","","","","","","","","","","",0,0,0,0,9.09,10
http://statistics.gov.scot/id/statistical-geography/S01013245,Fauldhouse - 03,"","","","","","","","","","","","",16.67,11.11,9.09,10,28.57,14.29
http://statistics.gov.scot/id/statistical-geography/S01013246,Fauldhouse - 04,"","","","","","","","","","","","",0,0,0,0,0,0.00
http://statistics.gov.scot/id/statistical-geography/S01013247,Fauldhouse - 05,"","","","","","","","","","","","",40,40,33.33,33.33,16.67,0.00
http://statistics.gov.scot/id/statistical-geography/S01013248,Fauldhouse - 06,"","","","","","","","","","","","",16.67,0,0,0,0,0.00
http://statistics.gov.scot/id/statistical-geography/S01013249,Fauldhouse - 07,"","","","","","","","","","","","",0,0,0,0,0,33.33
http://statistics.gov.scot/id/statistical-geography/S01009727,Feddinch and The Grange,"","","","","","","","","","","","",0,0,0,12.5,20,20
http://statistics.gov.scot/id/statistical-geography/S01012889,Fernhill and Cathkin - 01,"","","","","","","","","","","","",0,3.23,2.94,3.03,0,0.00
http://statistics.gov.scot/id/statistical-geography/S01012890,Fernhill and Cathkin - 02,"","","","","","","","","","","","",18.75,22.22,27.27,10,20,22.22
http://statistics.gov.scot/id/statistical-geography/S01012891,Fernhill and Cathkin - 03,"","","","","","","","","","","","",11.11,18.18,28.57,20,0,0.00
http://statistics.gov.scot/id/statistical-geography/S01012892,Fernhill and Cathkin - 04,"","","","","","","","","","","","",28.57,30.77,25,21.43,21.05,18.75
http://statistics.gov.scot/id/statistical-geography/S01012893,Fernhill and Cathkin - 05,"","","","","","","","","","","","",7.69,18.75,16.67,18.18,0,5.26
http://statistics.gov.scot/id/statistical-geography/S01008564,Fernieside and Moredun South - 01,"","","","","","","","","","","","",0,0,0,0,0,0.00
http://statistics.gov.scot/id/statistical-geography/S01008565,Fernieside and Moredun South - 02,"","","","","","","","","","","","",50,28.57,11.11,0,0,14.29
http://statistics.gov.scot/id/statistical-geography/S01008566,Fernieside and Moredun South - 03,"","","","","","","","","","","","",20,27.27,16.67,11.11,18.18,7.14
http://statistics.gov.scot/id/statistical-geography/S01008567,Fernieside and Moredun South - 04,"","","","","","","","","","","","",0,0,0,0,0,0.00
http://statistics.gov.scot/id/statistical-geography/S01008568,Fernieside and Moredun South - 05,"","","","","","","","","","","","",10,0,0,0,0,0.00
http://statistics.gov.scot/id/statistical-geography/S01006591,Ferryhill North - 01,"","","","","","","","","","","","",0,0,0,0,0,0.00
http://statistics.gov.scot/id/statistical-geography/S01006592,Ferryhill North - 02,"","","","","","","","","","","","",0,0,0,0,0,0.00
http://statistics.gov.scot/id/statistical-geography/S01006593,Ferryhill North - 03,"","","","","","","","","","","","",0,0,0,0,0,0.00
http://statistics.gov.scot/id/statistical-geography/S01006594,Ferryhill North - 04,"","","","","","","","","","","","",0,0,0,0,0,0.00
http://statistics.gov.scot/id/statistical-geography/S01006595,Ferryhill North - 05,"","","","","","","","","","","","",3.57,3.45,3.7,0,0,0.00
http://statistics.gov.scot/id/statistical-geography/S01006596,Ferryhill North - 06,"","","","","","","","","","","","",0,0,0,0,0,6.67
http://statistics.gov.scot/id/statistical-geography/S01006597,Ferryhill North - 07,"","","","","","","","","","","","",0,0,0,0,0,0.00
http://statistics.gov.scot/id/statistical-geography/S01006598,Ferryhill South - 01,"","","","","","","","","","","","",0,0,0,0,0,0.00
http://statistics.gov.scot/id/statistical-geography/S01006599,Ferryhill South - 02,"","","","","","","","","","","","",0,0,0,0,0,0.00
http://statistics.gov.scot/id/statistical-geography/S01006600,Ferryhill South - 03,"","","","","","","","","","","","",4.35,0,0,0,0,0.00
http://statistics.gov.scot/id/statistical-geography/S01006601,Ferryhill South - 04,"","","","","","","","","","","","",4,4.17,0,0,0,0.00
http://statistics.gov.scot/id/statistical-geography/S01006602,Ferryhill South - 05,"","","","","","","","","","","","",0,0,0,0,0,0.00
http://statistics.gov.scot/id/statistical-geography/S01006818,"Fetteresso, Netherley and Catter - 01","","","","","","","","","","","","",16.67,8.33,7.14,0,0,0.00
http://statistics.gov.scot/id/statistical-geography/S01006819,"Fetteresso, Netherley and Catter - 02","","","","","","","","","","","","",0,0,0,0,0,0.00
http://statistics.gov.scot/id/statistical-geography/S01006820,"Fetteresso, Netherley and Catter - 03","","","","","","","","","","","","",0,0,0,0,0,0.00
http://statistics.gov.scot/id/statistical-geography/S01006821,"Fetteresso, Netherley and Catter - 04","","","","","","","","","","","","",0,0,0,0,0,0.00
http://statistics.gov.scot/id/statistical-geography/S01006822,"Fetteresso, Netherley and Catter - 05","","","","","","","","","","","","",0,0,0,0,5.56,5.88
http://statistics.gov.scot/id/statistical-geography/S01011148,"Findhorn, Kinloss and Pluscarden Valley - 01","","","","","","","","","","","","",0,0,0,0,0,12.5
http://statistics.gov.scot/id/statistical-geography/S01011149,"Findhorn, Kinloss and Pluscarden Valley - 02","","","","","","","","","","","","",7.14,11.76,12.5,6.25,0,0.00
http://statistics.gov.scot/id/statistical-geography/S01011150,"Findhorn, Kinloss and Pluscarden Valley - 03","","","","","","","","","","","","",12.5,9.52,0,0,0,0.00
http://statistics.gov.scot/id/statistical-geography/S01011151,"Findhorn, Kinloss and Pluscarden Valley - 04","","","","","","","","","","","","",6.67,0,0,0,7.14,6.67
http://statistics.gov.scot/id/statistical-geography/S01011152,"Findhorn, Kinloss and Pluscarden Valley - 05","","","","","","","","","","","","",20,16.67,0,0,0,0.00
http://statistics.gov.scot/id/statistical-geography/S01009576,Finglassie North and Southfield,"","","","","","","","","","","","",14.29,14.29,0,0,0,0.00
http://statistics.gov.scot/id/statistical-geography/S01009577,Finglassie South,"","","","","","","","","","","","",16.67,0,0,16.67,33.33,25
http://statistics.gov.scot/id/statistical-geography/S01010282,Finnieston and Kelvinhaugh - 01,"","","","","","","","","","","","",0,0,0,0,5.26,7.69
http://statistics.gov.scot/id/statistical-geography/S01010283,Finnieston and Kelvinhaugh - 02,"","","","","","","","","","","","",0,0,0,0,0,0.00
http://statistics.gov.scot/id/statistical-geography/S01010284,Finnieston and Kelvinhaugh - 03,"","","","","","","","","","","","",0,0,0,0,0,0.00
http://statistics.gov.scot/id/statistical-geography/S01010285,Finnieston and Kelvinhaugh - 04,"","","","","","","","","","","","",0,0,0,0,0,0.00
http://statistics.gov.scot/id/statistical-geography/S01010286,Finnieston and Kelvinhaugh - 05,"","","","","","","","","","","","",0,0,0,0,0,0.00
http://statistics.gov.scot/id/statistical-geography/S01010287,Finnieston and Kelvinhaugh - 06,"","","","","","","","","","","","",0,0,0,0,0,0.00
http://statistics.gov.scot/id/statistical-geography/S01010288,Finnieston and Kelvinhaugh - 07,"","","","","","","","","","","","",0,0,0,0,0,0.00
http://statistics.gov.scot/id/statistical-geography/S01007791,Fintry - 01,"","","","","","","","","","","","",11.11,11.11,16.67,0,0,0.00
http://statistics.gov.scot/id/statistical-geography/S01007792,Fintry - 02,"","","","","","","","","","","","",11.11,12.5,12.5,25,30.77,30
http://statistics.gov.scot/id/statistical-geography/S01007793,Fintry - 03,"","","","","","","","","","","","",9.09,25,31.25,35.71,22.22,0.00
http://statistics.gov.scot/id/statistical-geography/S01007794,Fintry - 04,"","","","","","","","","","","","",45.45,36.36,16.67,12.5,0,0.00
http://statistics.gov.scot/id/statistical-geography/S01007795,Fintry - 05,"","","","","","","","","","","","",14.29,11.11,18.18,14.29,18.18,25
http://statistics.gov.scot/id/statistical-geography/S01007796,Fintry - 06,"","","","","","","","","","","","",9.09,14.29,11.11,11.11,11.11,12.5
http://statistics.gov.scot/id/statistical-geography/S01007797,Fintry - 07,"","","","","","","","","","","","",16.67,14.29,0,0,50,33.33
http://statistics.gov.scot/id/statistical-geography/S01007798,Fintry - 08,"","","","","","","","","","","","",0,0,0,0,0,0.00
http://statistics.gov.scot/id/statistical-geography/S01007799,Fintry - 09,"","","","","","","","","","","","",0,0,0,0,0,0.00
http://statistics.gov.scot/id/statistical-geography/S01010301,Firhill - 01,"","","","","","","","","","","","",4.76,0,0,0,0,0.00
http://statistics.gov.scot/id/statistical-geography/S01010302,Firhill - 02,"","","","","","","","","","","","",16.67,27.27,21.43,16.67,0,0.00
http://statistics.gov.scot/id/statistical-geography/S01010303,Firhill - 03,"","","","","","","","","","","","",11.11,22.22,16.67,12.5,0,0.00
http://statistics.gov.scot/id/statistical-geography/S01010304,Firhill - 04,"","","","","","","","","","","","",7.14,7.69,0,0,0,0.00
http://statistics.gov.scot/id/statistical-geography/S01010305,Firhill - 05,"","","","","","","","","","","","",14.29,11.11,7.69,0,0,6.67
http://statistics.gov.scot/id/statistical-geography/S01010306,Firhill - 06,"","","","","","","","","","","","",4.35,5,0,0,7.69,7.69
http://statistics.gov.scot/id/statistical-geography/S01010307,Firhill - 07,"","","","","","","","","","","","",0,0,0,0,0,0.00
http://statistics.gov.scot/id/statistical-geography/S01010308,Firhill - 08,"","","","","","","","","","","","",10.53,4.76,4.76,0,0,0.00
http://statistics.gov.scot/id/statistical-geography/S01007432,"Fishcross, Devon Village and Coalsnaughton - 01","","","","","","","","","","","","",15.38,37.5,40,16.67,7.69,0.00
http://statistics.gov.scot/id/statistical-geography/S01007433,"Fishcross, Devon Village and Coalsnaughton - 02","","","","","","","","","","","","",0,0,0,0,0,0.00
http://statistics.gov.scot/id/statistical-geography/S01007434,"Fishcross, Devon Village and Coalsnaughton - 03","","","","","","","","","","","","",28.57,20,25,20,28.57,12.5
http://statistics.gov.scot/id/statistical-geography/S01009677,Flisk Lindores and Luthrie,"","","","","","","","","","","","",0,0,0,0,0,0.00
http://statistics.gov.scot/id/statistical-geography/S01011088,"Fochabers, Aultmore, Clochan and Ordiquish - 01","","","","","","","","","","","","",0,0,0,0,0,0.00
http://statistics.gov.scot/id/statistical-geography/S01011089,"Fochabers, Aultmore, Clochan and Ordiquish - 02","","","","","","","","","","","","",16.67,42.86,50,46.67,33.33,23.53
http://statistics.gov.scot/id/statistical-geography/S01011090,"Fochabers, Aultmore, Clochan and Ordiquish - 03","","","","","","","","","","","","",0,0,12.5,20,14.29,12.5
http://statistics.gov.scot/id/statistical-geography/S01009590,Foresters Lodge,"","","","","","","","","","","","",0,0,0,0,0,0.00
http://statistics.gov.scot/id/statistical-geography/S01007254,Forfar Central - 01,"","","","","","","","","","","","",0,0,0,0,14.29,25
http://statistics.gov.scot/id/statistical-geography/S01007255,Forfar Central - 02,"","","","","","","","","","","","",28.57,23.53,15.79,16.67,23.08,27.27
http://statistics.gov.scot/id/statistical-geography/S01007256,Forfar Central - 03,"","","","","","","","","","","","",23.08,16.67,14.29,16.67,20,18.18
http://statistics.gov.scot/id/statistical-geography/S01007257,Forfar Central - 04,"","","","","","","","","","","","",43.75,36.36,25,16.67,10,11.11
http://statistics.gov.scot/id/statistical-geography/S01007258,Forfar Central - 05,"","","","","","","","","","","","",0,0,0,0,10,33.33
http://statistics.gov.scot/id/statistical-geography/S01007259,Forfar Central - 06,"","","","","","","","","","","","",20,28.57,10,7.14,6.67,7.14
http://statistics.gov.scot/id/statistical-geography/S01007248,Forfar East - 01,"","","","","","","","","","","","",0,25,50,50,0,0.00
http://statistics.gov.scot/id/statistical-geography/S01007249,Forfar East - 02,"","","","","","","","","","","","",16.67,50,100,100,"",0.00
http://statistics.gov.scot/id/statistical-geography/S01007250,Forfar East - 03,"","","","","","","","","","","","",13.33,7.69,0,0,66.67,50
http://statistics.gov.scot/id/statistical-geography/S01007251,Forfar East - 04,"","","","","","","","","","","","",16.67,18.18,10,9.09,0,0.00
http://statistics.gov.scot/id/statistical-geography/S01007252,Forfar East - 05,"","","","","","","","","","","","",0,0,0,0,0,0.00
http://statistics.gov.scot/id/statistical-geography/S01007253,Forfar East - 06,"","","","","","","","","","","","",0,0,6.67,5.88,5.88,0.00
http://statistics.gov.scot/id/statistical-geography/S01007260,Forfar West - 01,"","","","","","","","","","","","",25,20,5.56,6.25,6.67,8.33
http://statistics.gov.scot/id/statistical-geography/S01007261,Forfar West - 02,"","","","","","","","","","","","",11.11,12.5,0,0,25,16.67
http://statistics.gov.scot/id/statistical-geography/S01007262,Forfar West - 03,"","","","","","","","","","","","",14.29,11.11,0,9.09,10,10
http://statistics.gov.scot/id/statistical-geography/S01007263,Forfar West - 04,"","","","","","","","","","","","",14.29,12.5,11.11,14.29,0,14.29
http://statistics.gov.scot/id/statistical-geography/S01007264,Forfar West - 05,"","","","","","","","","","","","",20,0,0,0,0,0.00
http://statistics.gov.scot/id/statistical-geography/S01007265,Forfar West - 06,"","","","","","","","","","","","",6.25,5.88,15,21.43,21.43,33.33
http://statistics.gov.scot/id/statistical-geography/S01011490,Forgewood - 01,"","","","","","","","","","","","",12.5,13.33,11.76,5.56,5,6.25
http://statistics.gov.scot/id/statistical-geography/S01011491,Forgewood - 02,"","","","","","","","","","","","",0,0,0,0,0,0.00
http://statistics.gov.scot/id/statistical-geography/S01011492,Forgewood - 03,"","","","","","","","","","","","",4.17,4.55,0,0,0,0.00
http://statistics.gov.scot/id/statistical-geography/S01011493,Forgewood - 04,"","","","","","","","","","","","",0,0,0,0,0,0.00
http://statistics.gov.scot/id/statistical-geography/S01011494,Forgewood - 05,"","","","","","","","","","","","",0,0,0,0,12.5,14.29
http://statistics.gov.scot/id/statistical-geography/S01011495,Forgewood - 06,"","","","","","","","","","","","",13.33,11.11,5.56,16.67,38.46,44.44
http://statistics.gov.scot/id/statistical-geography/S01011496,Forgewood - 07,"","","","","","","","","","","","",10,22.22,42.86,37.5,14.29,0.00
http://statistics.gov.scot/id/statistical-geography/S01009594,Formonthills,"","","","","","","","","","","","",16.67,12.5,0,0,0,0.00
http://statistics.gov.scot/id/statistical-geography/S01011153,Forres Central East and seaward - 01,"","","","","","","","","","","","",0,0,0,0,0,0.00
http://statistics.gov.scot/id/statistical-geography/S01011154,Forres Central East and seaward - 02,"","","","","","","","","","","","",0,0,0,0,0,20
http://statistics.gov.scot/id/statistical-geography/S01011155,Forres Central East and seaward - 03,"","","","","","","","","","","","",20,0,11.11,25,40,25
http://statistics.gov.scot/id/statistical-geography/S01011156,Forres Central East and seaward - 04,"","","","","","","","","","","","",25,33.33,0,0,0,14.29
http://statistics.gov.scot/id/statistical-geography/S01011157,Forres Central East and seaward - 05,"","","","","","","","","","","","",0,0,0,0,0,0.00
http://statistics.gov.scot/id/statistical-geography/S01011158,Forres Central East and seaward - 06,"","","","","","","","","","","","",0,0,0,0,0,0.00
http://statistics.gov.scot/id/statistical-geography/S01011159,Forres South West and Mannachie - 01,"","","","","","","","","","","","",33.33,50,0,0,0,0.00
http://statistics.gov.scot/id/statistical-geography/S01011160,Forres South West and Mannachie - 02,"","","","","","","","","","","","",0,0,0,0,0,0.00
http://statistics.gov.scot/id/statistical-geography/S01011161,Forres South West and Mannachie - 03,"","","","","","","","","","","","",25,20,20,16.67,0,0.00
http://statistics.gov.scot/id/statistical-geography/S01011162,Forres South West and Mannachie - 04,"","","","","","","","","","","","",60,28.57,22.22,14.29,16.67,16.67
http://statistics.gov.scot/id/statistical-geography/S01011163,Forres South West and Mannachie - 05,"","","","","","","","","","","","",7.69,7.14,10,20,16.67,0.00
http://statistics.gov.scot/id/statistical-geography/S01011164,Forres South West and Mannachie - 06,"","","","","","","","","","","","",0,0,0,25,33.33,20
http://statistics.gov.scot/id/statistical-geography/S01011165,Forres South West and Mannachie - 07,"","","","","","","","","","","","",14.29,25,14.29,16.67,14.29,20
http://statistics.gov.scot/id/statistical-geography/S01011166,Forres South West and Mannachie - 08,"","","","","","","","","","","","",0,0,25,25,100,""
http://statistics.gov.scot/id/statistical-geography/S01010510,Fort William North - 01,"","","","","","","","","","","","",16.67,23.08,44.44,33.33,20,20
http://statistics.gov.scot/id/statistical-geography/S01010511,Fort William North - 02,"","","","","","","","","","","","",13.33,9.09,0,0,0,14.29
http://statistics.gov.scot/id/statistical-geography/S01010512,Fort William North - 03,"","","","","","","","","","","","",16.67,16.67,0,10,12.5,12.5
http://statistics.gov.scot/id/statistical-geography/S01010513,Fort William North - 04,"","","","","","","","","","","","",0,0,0,0,0,0.00
http://statistics.gov.scot/id/statistical-geography/S01010514,Fort William North - 05,"","","","","","","","","","","","",16.67,12.5,11.11,9.09,18.18,30
http://statistics.gov.scot/id/statistical-geography/S01010515,Fort William North - 06,"","","","","","","","","","","","",26.32,25,15.38,11.11,0,0.00
http://statistics.gov.scot/id/statistical-geography/S01010516,Fort William South - 01,"","","","","","","","","","","","",0,0,0,0,0,0.00
http://statistics.gov.scot/id/statistical-geography/S01010517,Fort William South - 02,"","","","","","","","","","","","",5,6.67,14.29,30,20,15.38
http://statistics.gov.scot/id/statistical-geography/S01010518,Fort William South - 03,"","","","","","","","","","","","",11.11,16.67,22.22,15.38,20,25
http://statistics.gov.scot/id/statistical-geography/S01010519,Fort William South - 04,"","","","","","","","","","","","",12.5,14.29,0,0,8.33,11.11
http://statistics.gov.scot/id/statistical-geography/S01010520,Fort William South - 05,"","","","","","","","","","","","",0,11.11,16.67,20,25,8.33
http://statistics.gov.scot/id/statistical-geography/S01010521,Fort William South - 06,"","","","","","","","","","","","",21.05,27.27,29.41,27.27,11.11,0.00
http://statistics.gov.scot/id/statistical-geography/S01010522,Fort William South - 07,"","","","","","","","","","","","",16.67,12.5,0,6.67,5.56,12.5
http://statistics.gov.scot/id/statistical-geography/S01010523,Fort William South - 08,"","","","","","","","","","","","",33.33,28.57,11.11,20,16.67,10
http://statistics.gov.scot/id/statistical-geography/S01013090,Forth - 01,"","","","","","","","","","","","",0,0,10,8.33,7.69,0.00
http://statistics.gov.scot/id/statistical-geography/S01013091,Forth - 02,"","","","","","","","","","","","",6.67,0,0,0,0,0.00
http://statistics.gov.scot/id/statistical-geography/S01013092,Forth - 03,"","","","","","","","","","","","",14.29,15.38,6.25,0,0,0.00
http://statistics.gov.scot/id/statistical-geography/S01013093,Forth - 04,"","","","","","","","","","","","",0,0,0,0,0,0.00
http://statistics.gov.scot/id/statistical-geography/S01009486,Forth Park,"","","","","","","","","","","","",40,0,0,0,0,0.00
http://statistics.gov.scot/id/statistical-geography/S01009487,Forth Park North,"","","","","","","","","","","","",18.18,20,14.29,7.69,10,16.67
http://statistics.gov.scot/id/statistical-geography/S01012587,"Forth, Braehead and Auchengray - 01","","","","","","","","","","","","",12.5,18.18,9.09,9.09,0,0.00
http://statistics.gov.scot/id/statistical-geography/S01012588,"Forth, Braehead and Auchengray - 02","","","","","","","","","","","","",40,20,20,0,0,0.00
http://statistics.gov.scot/id/statistical-geography/S01012589,"Forth, Braehead and Auchengray - 03","","","","","","","","","","","","",15.38,11.11,18.18,7.69,8.33,0.00
http://statistics.gov.scot/id/statistical-geography/S01012590,"Forth, Braehead and Auchengray - 04","","","","","","","","","","","","",20,6.67,27.78,41.18,54.55,44.44
http://statistics.gov.scot/id/statistical-geography/S01012591,"Forth, Braehead and Auchengray - 05","","","","","","","","","","","","",0,0,7.69,16.67,30,7.14
http://statistics.gov.scot/id/statistical-geography/S01012323,Foulden and Area,"","","","","","","","","","","","",0,0,0,0,0,0.00
http://statistics.gov.scot/id/statistical-geography/S01007121,Fraserburgh Central-Academy - 01,"","","","","","","","","","","","",0,0,0,0,0,0.00
http://statistics.gov.scot/id/statistical-geography/S01007122,Fraserburgh Central-Academy - 02,"","","","","","","","","","","","",0,0,7.69,9.09,16.67,0.00
http://statistics.gov.scot/id/statistical-geography/S01007123,Fraserburgh Central-Academy - 03,"","","","","","","","","","","","",20,25,12.5,25,17.65,25
http://statistics.gov.scot/id/statistical-geography/S01007124,Fraserburgh Central-Academy - 04,"","","","","","","","","","","","",0,0,0,0,0,0.00
http://statistics.gov.scot/id/statistical-geography/S01007125,Fraserburgh Harbour and Broadsea - 01,"","","","","","","","","","","","",35.71,36.36,28.57,14.29,20,14.29
http://statistics.gov.scot/id/statistical-geography/S01007126,Fraserburgh Harbour and Broadsea - 02,"","","","","","","","","","","","",18.18,20,16,28,33.33,20
http://statistics.gov.scot/id/statistical-geography/S01007127,Fraserburgh Harbour and Broadsea - 03,"","","","","","","","","","","","",13.64,11.76,21.43,25,33.33,30
http://statistics.gov.scot/id/statistical-geography/S01007128,Fraserburgh Harbour and Broadsea - 04,"","","","","","","","","","","","",18.18,36.36,37.5,25,22.22,20
http://statistics.gov.scot/id/statistical-geography/S01007118,Fraserburgh Lochpots - 01,"","","","","","","","","","","","",20,16.67,14.29,17.39,11.54,16.67
http://statistics.gov.scot/id/statistical-geography/S01007119,Fraserburgh Lochpots - 02,"","","","","","","","","","","","",20,14.29,12.5,10,18.75,6.67
http://statistics.gov.scot/id/statistical-geography/S01007120,Fraserburgh Lochpots - 03,"","","","","","","","","","","","",5.26,4.55,5.56,0,0,0.00
http://statistics.gov.scot/id/statistical-geography/S01007112,Fraserburgh Smiddyhill - 01,"","","","","","","","","","","","",0,0,0,0,0,50
http://statistics.gov.scot/id/statistical-geography/S01007113,Fraserburgh Smiddyhill - 02,"","","","","","","","","","","","",0,0,0,0,16.67,22.22
http://statistics.gov.scot/id/statistical-geography/S01007114,Fraserburgh Smiddyhill - 03,"","","","","","","","","","","","",0,0,0,0,0,0.00
http://statistics.gov.scot/id/statistical-geography/S01007115,Fraserburgh Smiddyhill - 04,"","","","","","","","","","","","",20,25,20,8.33,0,0.00
http://statistics.gov.scot/id/statistical-geography/S01007116,Fraserburgh Smiddyhill - 05,"","","","","","","","","","","","",9.09,9.09,10,0,0,0.00
http://statistics.gov.scot/id/statistical-geography/S01007117,Fraserburgh Smiddyhill - 06,"","","","","","","","","","","","",22.22,14.29,0,0,0,0.00
http://statistics.gov.scot/id/statistical-geography/S01009668,Freuchie North and New Inn,"","","","","","","","","","","","",14.29,11.11,12.5,11.11,0,0.00
http://statistics.gov.scot/id/statistical-geography/S01009669,Freuchie South and Muirhead,"","","","","","","","","","","","",12.5,25,33.33,25,0,0.00
http://statistics.gov.scot/id/statistical-geography/S01007226,Friockheim - 01,"","","","","","","","","","","","",7.14,0,0,0,0,0.00
http://statistics.gov.scot/id/statistical-geography/S01007227,Friockheim - 02,"","","","","","","","","","","","",0,0,0,10,8.33,9.09
http://statistics.gov.scot/id/statistical-geography/S01007228,Friockheim - 03,"","","","","","","","","","","","",0,0,0,0,25,16.67
http://statistics.gov.scot/id/statistical-geography/S01007229,Friockheim - 04,"","","","","","","","","","","","",30,16.67,12.5,0,0,9.09
http://statistics.gov.scot/id/statistical-geography/S01006658,"Froghall, Powis and Sunnybank - 01","","","","","","","","","","","","",6.25,6.25,6.67,7.41,10,7.41
http://statistics.gov.scot/id/statistical-geography/S01006659,"Froghall, Powis and Sunnybank - 02","","","","","","","","","","","","",15.38,0,0,0,0,0.00
http://statistics.gov.scot/id/statistical-geography/S01006660,"Froghall, Powis and Sunnybank - 03","","","","","","","","","","","","",9.09,9.09,0,25,33.33,25
http://statistics.gov.scot/id/statistical-geography/S01006661,"Froghall, Powis and Sunnybank - 04","","","","","","","","","","","","",0,0,0,0,0,0.00
http://statistics.gov.scot/id/statistical-geography/S01006662,"Froghall, Powis and Sunnybank - 05","","","","","","","","","","","","",0,7.14,7.14,8.33,0,0.00
http://statistics.gov.scot/id/statistical-geography/S01006663,"Froghall, Powis and Sunnybank - 06","","","","","","","","","","","","",0,0,0,0,0,0.00
http://statistics.gov.scot/id/statistical-geography/S01006664,"Froghall, Powis and Sunnybank - 07","","","","","","","","","","","","",0,0,0,0,0,0.00
http://statistics.gov.scot/id/statistical-geography/S01006665,"Froghall, Powis and Sunnybank - 08","","","","","","","","","","","","",0,0,0,7.14,16.67,15.38
http://statistics.gov.scot/id/statistical-geography/S01006991,Fyvie-Rothie - 01,"","","","","","","","","","","","",0,16.67,16.67,25,0,0.00
http://statistics.gov.scot/id/statistical-geography/S01006992,Fyvie-Rothie - 02,"","","","","","","","","","","","",0,0,0,0,0,0.00
http://statistics.gov.scot/id/statistical-geography/S01006993,Fyvie-Rothie - 03,"","","","","","","","","","","","",20,20,0,0,14.29,33.33
http://statistics.gov.scot/id/statistical-geography/S01006994,Fyvie-Rothie - 04,"","","","","","","","","","","","",16.67,16.67,12.5,0,0,0.00
http://statistics.gov.scot/id/statistical-geography/S01006995,Fyvie-Rothie - 05,"","","","","","","","","","","","",7.14,0,0,0,0,0.00
http://statistics.gov.scot/id/statistical-geography/S01006996,Fyvie-Rothie - 06,"","","","","","","","","","","","",12.5,21.43,13.33,6.25,0,9.09
http://statistics.gov.scot/id/statistical-geography/S01012287,Gala - Langlee - Central,"","","","","","","","","","","","",16.13,13.64,11.76,18.75,25,25
http://statistics.gov.scot/id/statistical-geography/S01012286,Gala - Langlee - East,"","","","","","","","","","","","",17.65,7.69,0,0,9.09,7.14
http://statistics.gov.scot/id/statistical-geography/S01012288,Gala - Langlee - West,"","","","","","","","","","","","",15.79,15.79,30.77,38.46,33.33,20
http://statistics.gov.scot/id/statistical-geography/S01012274,Galashiels - N - Halliburton,"","","","","","","","","","","","",13.33,11.11,9.09,11.11,16.67,14.29
http://statistics.gov.scot/id/statistical-geography/S01012275,Galashiels - N - Town Centre,"","","","","","","","","","","","",25,25,14.29,14.29,7.69,0.00
http://statistics.gov.scot/id/statistical-geography/S01012276,Galashiels - N - Windyknowe,"","","","","","","","","","","","",0,0,9.09,16.67,8.33,0.00
http://statistics.gov.scot/id/statistical-geography/S01012277,Galashiels - N - Wood St,"","","","","","","","","","","","",0,0,0,0,0,0.00
http://statistics.gov.scot/id/statistical-geography/S01012285,Galashiels - S - Glenfield,"","","","","","","","","","","","",0,0,0,0,0,0.00
http://statistics.gov.scot/id/statistical-geography/S01012284,Galashiels - S - Huddersfield,"","","","","","","","","","","","",25,15.38,25,16.67,21.43,15.38
http://statistics.gov.scot/id/statistical-geography/S01012282,Galashiels - S - Netherdale,"","","","","","","","","","","","",22.22,10,0,0,0,0.00
http://statistics.gov.scot/id/statistical-geography/S01012283,Galashiels - S - St Peters Sch,"","","","","","","","","","","","",10,14.29,0,0,0,0.00
http://statistics.gov.scot/id/statistical-geography/S01012281,Galashiels - W - Balmoral Pl,"","","","","","","","","","","","",22.22,11.11,6.67,0,0,11.11
http://statistics.gov.scot/id/statistical-geography/S01012280,Galashiels - W - Balmoral Rd,"","","","","","","","","","","","",28.57,22.22,22.22,16.67,10,8.33
http://statistics.gov.scot/id/statistical-geography/S01012278,Galashiels - W - Old Town,"","","","","","","","","","","","",30,22.22,20,15.38,9.09,0.00
http://statistics.gov.scot/id/statistical-geography/S01012279,Galashiels - W - Thistle St,"","","","","","","","","","","","",22.22,16.67,7.69,6.25,11.76,15
http://statistics.gov.scot/id/statistical-geography/S01009535,Gallatown West,"","","","","","","","","","","","",42.11,33.33,26.67,22.22,25,20
http://statistics.gov.scot/id/statistical-geography/S01010254,Gallowgate North and Bellgrove - 01,"","","","","","","","","","","","",0,0,6.25,7.69,9.09,0.00
http://statistics.gov.scot/id/statistical-geography/S01010255,Gallowgate North and Bellgrove - 02,"","","","","","","","","","","","",6.25,0,0,0,0,0.00
http://statistics.gov.scot/id/statistical-geography/S01010256,Gallowgate North and Bellgrove - 03,"","","","","","","","","","","","",14.29,11.76,7.14,0,0,0.00
http://statistics.gov.scot/id/statistical-geography/S01010257,Gallowgate North and Bellgrove - 04,"","","","","","","","","","","","",0,0,0,10,10,14.29
http://statistics.gov.scot/id/statistical-geography/S01010258,Gallowgate North and Bellgrove - 05,"","","","","","","","","","","","",0,0,0,0,16.67,25
http://statistics.gov.scot/id/statistical-geography/S01007949,Galston - 01,"","","","","","","","","","","","",12.5,25,10,9.09,0,12.5
http://statistics.gov.scot/id/statistical-geography/S01007950,Galston - 02,"","","","","","","","","","","","",0,0,0,0,0,0.00
http://statistics.gov.scot/id/statistical-geography/S01007951,Galston - 03,"","","","","","","","","","","","",20,44.44,62.5,50,28.57,16.67
http://statistics.gov.scot/id/statistical-geography/S01007952,Galston - 04,"","","","","","","","","","","","",22.22,14.29,16.67,18.75,25,20
http://statistics.gov.scot/id/statistical-geography/S01007953,Galston - 05,"","","","","","","","","","","","",23.08,25,17.65,7.69,9.09,0.00
http://statistics.gov.scot/id/statistical-geography/S01007954,Galston - 06,"","","","","","","","","","","","",14.29,28.57,18.18,21.43,14.29,22.22
http://statistics.gov.scot/id/statistical-geography/S01011944,Gannochy and Walnut Grove - 01,"","","","","","","","","","","","",0,0,0,0,0,0.00
http://statistics.gov.scot/id/statistical-geography/S01011945,Gannochy and Walnut Grove - 02,"","","","","","","","","","","","",0,0,0,0,0,0.00
http://statistics.gov.scot/id/statistical-geography/S01011946,Gannochy and Walnut Grove - 03,"","","","","","","","","","","","",40,50,10,0,0,0.00
http://statistics.gov.scot/id/statistical-geography/S01011947,Gannochy and Walnut Grove - 04,"","","","","","","","","","","","",0,0,"",0,0,0.00
http://statistics.gov.scot/id/statistical-geography/S01011948,Gannochy and Walnut Grove - 05,"","","","","","","","","","","","",0,0,0,0,0,0.00
http://statistics.gov.scot/id/statistical-geography/S01007042,Gardenstown and King Edward - 01,"","","","","","","","","","","","",25,18.18,23.08,0,0,0.00
http://statistics.gov.scot/id/statistical-geography/S01007043,Gardenstown and King Edward - 02,"","","","","","","","","","","","",0,0,0,0,0,0.00
http://statistics.gov.scot/id/statistical-geography/S01007044,Gardenstown and King Edward - 03,"","","","","","","","","","","","",0,0,0,0,0,0.00
http://statistics.gov.scot/id/statistical-geography/S01007045,Gardenstown and King Edward - 04,"","","","","","","","","","","","",25,20,12.5,0,0,0.00
http://statistics.gov.scot/id/statistical-geography/S01007373,Garelochhead - 01,"","","","","","","","","","","","",50,33.33,0,"",0,0.00
http://statistics.gov.scot/id/statistical-geography/S01007374,Garelochhead - 02,"","","","","","","","","","","","",25,0,0,0,0,0.00
http://statistics.gov.scot/id/statistical-geography/S01007375,Garelochhead - 03,"","","","","","","","","","","","",0,0,0,0,25,25
http://statistics.gov.scot/id/statistical-geography/S01007376,Garelochhead - 04,"","","","","","","","","","","","",0,22.22,22.22,33.33,0,0.00
http://statistics.gov.scot/id/statistical-geography/S01007377,Garelochhead - 05,"","","","","","","","","","","","",0,16.67,33.33,20,0,0.00
http://statistics.gov.scot/id/statistical-geography/S01007378,Garelochhead - 06,"","","","","","","","","","","","",0,0,0,"",0,0.00
http://statistics.gov.scot/id/statistical-geography/S01007379,Garelochhead - 07,"","","","","","","","","","","","",16.67,20,20,0,0,0.00
http://statistics.gov.scot/id/statistical-geography/S01007380,Garelochhead - 08,"","","","","","","","","","","","",20,0,0,0,0,0.00
http://statistics.gov.scot/id/statistical-geography/S01006941,Garlogie and Elrick - 01,"","","","","","","","","","","","",20,20,0,0,0,0.00
http://statistics.gov.scot/id/statistical-geography/S01006942,Garlogie and Elrick - 02,"","","","","","","","","","","","",0,0,0,0,0,10
http://statistics.gov.scot/id/statistical-geography/S01006943,Garlogie and Elrick - 03,"","","","","","","","","","","","",9.09,0,0,0,0,0.00
http://statistics.gov.scot/id/statistical-geography/S01006944,Garlogie and Elrick - 04,"","","","","","","","","","","","",0,0,0,0,0,0.00
http://statistics.gov.scot/id/statistical-geography/S01006945,Garlogie and Elrick - 05,"","","","","","","","","","","","",0,0,0,0,0,0.00
http://statistics.gov.scot/id/statistical-geography/S01010100,Garrowhill East and Swinton - 01,"","","","","","","","","","","","",0,0,0,0,0,0.00
http://statistics.gov.scot/id/statistical-geography/S01010101,Garrowhill East and Swinton - 02,"","","","","","","","","","","","",0,16.67,11.11,10,0,0.00
http://statistics.gov.scot/id/statistical-geography/S01010102,Garrowhill East and Swinton - 03,"","","","","","","","","","","","",0,0,12.5,7.69,6.67,0.00
http://statistics.gov.scot/id/statistical-geography/S01010103,Garrowhill East and Swinton - 04,"","","","","","","","","","","","",7.14,5,0,3.12,3.57,4.55
http://statistics.gov.scot/id/statistical-geography/S01010104,Garrowhill East and Swinton - 05,"","","","","","","","","","","","",11.11,4.76,0,0,8.33,6.67
http://statistics.gov.scot/id/statistical-geography/S01010094,Garrowhill West - 01,"","","","","","","","","","","","",11.11,14.29,0,0,0,0.00
http://statistics.gov.scot/id/statistical-geography/S01010095,Garrowhill West - 02,"","","","","","","","","","","","",0,0,0,0,0,0.00
http://statistics.gov.scot/id/statistical-geography/S01010096,Garrowhill West - 03,"","","","","","","","","","","","",11.11,0,0,0,0,0.00
http://statistics.gov.scot/id/statistical-geography/S01010097,Garrowhill West - 04,"","","","","","","","","","","","",0,0,0,0,0,0.00
http://statistics.gov.scot/id/statistical-geography/S01010098,Garrowhill West - 05,"","","","","","","","","","","","",0,0,0,0,0,0.00
http://statistics.gov.scot/id/statistical-geography/S01010099,Garrowhill West - 06,"","","","","","","","","","","","",0,0,0,0,0,0.00
http://statistics.gov.scot/id/statistical-geography/S01011689,Gartcosh and Marnock - 01,"","","","","","","","","","","","",7.69,10,0,0,0,0.00
http://statistics.gov.scot/id/statistical-geography/S01011690,Gartcosh and Marnock - 02,"","","","","","","","","","","","",0,0,8.33,8,8.33,0.00
http://statistics.gov.scot/id/statistical-geography/S01011691,Gartcosh and Marnock - 03,"","","","","","","","","","","","",10,0,0,0,0,0.00
http://statistics.gov.scot/id/statistical-geography/S01011692,Gartcosh and Marnock - 04,"","","","","","","","","","","","",20,26.32,30,33.33,25,25
http://statistics.gov.scot/id/statistical-geography/S01011693,Gartcosh and Marnock - 05,"","","","","","","","","","","","",5,5.88,6.67,0,0,0.00
http://statistics.gov.scot/id/statistical-geography/S01011694,Gartcosh and Marnock - 06,"","","","","","","","","","","","",9.09,8.33,0,0,0,0.00
http://statistics.gov.scot/id/statistical-geography/S01011695,Gartcosh and Marnock - 07,"","","","","","","","","","","","",0,0,0,0,2.7,4.65
http://statistics.gov.scot/id/statistical-geography/S01010113,"Garthamlock, Auchinlea and Gartloch - 01","","","","","","","","","","","","",20,33.33,33.33,23.08,11.76,0.00
http://statistics.gov.scot/id/statistical-geography/S01010114,"Garthamlock, Auchinlea and Gartloch - 02","","","","","","","","","","","","",0,0,6.67,12.5,13.33,9.09
http://statistics.gov.scot/id/statistical-geography/S01010115,"Garthamlock, Auchinlea and Gartloch - 03","","","","","","","","","","","","",0,0,0,0,0,10
http://statistics.gov.scot/id/statistical-geography/S01010116,"Garthamlock, Auchinlea and Gartloch - 04","","","","","","","","","","","","",12.9,8.82,3.45,0,2.5,2.22
http://statistics.gov.scot/id/statistical-geography/S01010117,"Garthamlock, Auchinlea and Gartloch - 05","","","","","","","","","","","","",0,2.63,2.08,2.13,0,0.00
http://statistics.gov.scot/id/statistical-geography/S01006526,Garthdee - 01,"","","","","","","","","","","","",5.26,5.88,9.09,7.69,5.88,0.00
http://statistics.gov.scot/id/statistical-geography/S01006527,Garthdee - 02,"","","","","","","","","","","","",12.5,0,6.25,4.76,4.76,0.00
http://statistics.gov.scot/id/statistical-geography/S01006528,Garthdee - 03,"","","","","","","","","","","","",7.69,7.14,0,10.53,5,5.88
http://statistics.gov.scot/id/statistical-geography/S01006529,Garthdee - 04,"","","","","","","","","","","","",0,0,0,0,0,0.00
http://statistics.gov.scot/id/statistical-geography/S01006530,Garthdee - 05,"","","","","","","","","","","","",0,6.67,20,20,9.09,14.29
http://statistics.gov.scot/id/statistical-geography/S01006531,Garthdee - 06,"","","","","","","","","","","","",26.32,25,13.64,5.26,7.69,0.00
http://statistics.gov.scot/id/statistical-geography/S01011636,Gartlea - 01,"","","","","","","","","","","","",30,57.14,66.67,50,16.67,11.11
http://statistics.gov.scot/id/statistical-geography/S01011637,Gartlea - 02,"","","","","","","","","","","","",22.22,33.33,28.57,25,14.29,25
http://statistics.gov.scot/id/statistical-geography/S01011638,Gartlea - 03,"","","","","","","","","","","","",0,0,0,0,0,0.00
http://statistics.gov.scot/id/statistical-geography/S01011639,Gartlea - 04,"","","","","","","","","","","","",8.33,12.5,16.67,16.67,10,0.00
http://statistics.gov.scot/id/statistical-geography/S01011640,Gartlea - 05,"","","","","","","","","","","","",20,20,12.5,0,0,0.00
http://statistics.gov.scot/id/statistical-geography/S01009319,Garvock Hill North East,"","","","","","","","","","","","",0,0,0,0,0,0.00
http://statistics.gov.scot/id/statistical-geography/S01009317,Garvock Hill South,"","","","","","","","","","","","",0,0,0,0,0,0.00
http://statistics.gov.scot/id/statistical-geography/S01009318,Garvock Hill West,"","","","","","","","","","","","",14.29,20,0,0,0,0.00
http://statistics.gov.scot/id/statistical-geography/S01007521,Gatehouse - 01,"","","","","","","","","","","","",0,12.5,14.29,14.29,0,0.00
http://statistics.gov.scot/id/statistical-geography/S01007522,Gatehouse - 02,"","","","","","","","","","","","",0,0,0,0,0,0.00
http://statistics.gov.scot/id/statistical-geography/S01007523,Gatehouse - 03,"","","","","","","","","","","","",0,0,0,0,25,25
http://statistics.gov.scot/id/statistical-geography/S01007524,Gatehouse - 04,"","","","","","","","","","","","",0,0,0,0,0,0.00
http://statistics.gov.scot/id/statistical-geography/S01007525,Gatehouse - 05,"","","","","","","","","","","","",0,0,16.67,16.67,12.5,0.00
http://statistics.gov.scot/id/statistical-geography/S01009676,Gateside Landward,"","","","","","","","","","","","",12.5,12.5,12.5,0,0,0.00
http://statistics.gov.scot/id/statistical-geography/S01012289,Gattonside - Darnick - Chiefswood,"","","","","","","","","","","","",0,0,0,0,0,0.00
http://statistics.gov.scot/id/statistical-geography/S01009743,Gauldry and Balmerino,"","","","","","","","","","","","",0,10,10,9.09,0,0.00
http://statistics.gov.scot/id/statistical-geography/S01006645,George Street - 01,"","","","","","","","","","","","",0,0,0,0,0,7.14
http://statistics.gov.scot/id/statistical-geography/S01006646,George Street - 02,"","","","","","","","","","","","",0,0,0,0,0,0.00
http://statistics.gov.scot/id/statistical-geography/S01006647,George Street - 03,"","","","","","","","","","","","",6.25,6.25,6.67,13.33,14.29,33.33
http://statistics.gov.scot/id/statistical-geography/S01006648,George Street - 04,"","","","","","","","","","","","",0,0,0,0,0,5.26
http://statistics.gov.scot/id/statistical-geography/S01006649,George Street - 05,"","","","","","","","","","","","",5.13,5.71,6.67,0,0,4.55
http://statistics.gov.scot/id/statistical-geography/S01006650,George Street - 06,"","","","","","","","","","","","",0,0,0,5.56,7.14,7.69
http://statistics.gov.scot/id/statistical-geography/S01006651,George Street - 07,"","","","","","","","","","","","",0,0,0,0,0,0.00
http://statistics.gov.scot/id/statistical-geography/S01006652,George Street - 08,"","","","","","","","","","","","",0,0,0,0,0,0.00
http://statistics.gov.scot/id/statistical-geography/S01007605,Georgetown - 01,"","","","","","","","","","","","",5.26,11.76,13.33,11.11,0,0.00
http://statistics.gov.scot/id/statistical-geography/S01007606,Georgetown - 02,"","","","","","","","","","","","",20,14.29,11.11,0,0,0.00
http://statistics.gov.scot/id/statistical-geography/S01007607,Georgetown - 03,"","","","","","","","","","","","",0,0,0,0,16.67,14.29
http://statistics.gov.scot/id/statistical-geography/S01007608,Georgetown - 04,"","","","","","","","","","","","",0,12.5,12.5,12.5,0,0.00
http://statistics.gov.scot/id/statistical-geography/S01009667,Giffordtown to Lathrisk,"","","","","","","","","","","","",0,0,0,0,0,0.00
http://statistics.gov.scot/id/statistical-geography/S01008547,Gilmerton South and the Murrays - 01,"","","","","","","","","","","","",0,0,0,0,0,0.00
http://statistics.gov.scot/id/statistical-geography/S01008548,Gilmerton South and the Murrays - 02,"","","","","","","","","","","","",7.69,7.14,0,0,0,0.00
http://statistics.gov.scot/id/statistical-geography/S01008549,Gilmerton South and the Murrays - 03,"","","","","","","","","","","","",0,0,0,0,0,0.00
http://statistics.gov.scot/id/statistical-geography/S01012429,Girvan Ailsa - 01,"","","","","","","","","","","","",25,33.33,28.57,22.22,0,0.00
http://statistics.gov.scot/id/statistical-geography/S01012430,Girvan Ailsa - 02,"","","","","","","","","","","","",16.67,0,20,20,20,0.00
http://statistics.gov.scot/id/statistical-geography/S01012431,Girvan Ailsa - 03,"","","","","","","","","","","","",0,0,0,0,16.67,11.11
http://statistics.gov.scot/id/statistical-geography/S01012432,Girvan Ailsa - 04,"","","","","","","","","","","","",20,20,33.33,14.29,0,0.00
http://statistics.gov.scot/id/statistical-geography/S01012433,Girvan Ailsa - 05,"","","","","","","","","","","","",0,0,0,0,25,28.57
http://statistics.gov.scot/id/statistical-geography/S01012424,Girvan Glendoune - 01,"","","","","","","","","","","","",26.67,42.86,27.27,0,0,0.00
http://statistics.gov.scot/id/statistical-geography/S01012425,Girvan Glendoune - 02,"","","","","","","","","","","","",22.22,37.5,20,33.33,0,0.00
http://statistics.gov.scot/id/statistical-geography/S01012426,Girvan Glendoune - 03,"","","","","","","","","","","","",29.41,38.46,33.33,40,22.22,28.57
http://statistics.gov.scot/id/statistical-geography/S01012427,Girvan Glendoune - 04,"","","","","","","","","","","","",47.06,37.5,25,9.09,30,33.33
http://statistics.gov.scot/id/statistical-geography/S01012428,Girvan Glendoune - 05,"","","","","","","","","","","","",25,11.11,0,0,0,0.00
http://statistics.gov.scot/id/statistical-geography/S01010388,Glasgow Harbour and Partick South - 01,"","","","","","","","","","","","",0,0,0,0,0,0.00
http://statistics.gov.scot/id/statistical-geography/S01010389,Glasgow Harbour and Partick South - 02,"","","","","","","","","","","","",0,0,3.23,3.85,4.17,0.00
http://statistics.gov.scot/id/statistical-geography/S01010390,Glasgow Harbour and Partick South - 03,"","","","","","","","","","","","",5,6.25,0,0,0,0.00
http://statistics.gov.scot/id/statistical-geography/S01010391,Glasgow Harbour and Partick South - 04,"","","","","","","","","","","","",0,0,0,0,0,0.00
http://statistics.gov.scot/id/statistical-geography/S01010392,Glasgow Harbour and Partick South - 05,"","","","","","","","","","","","",0,0,0,0,0,0.00
http://statistics.gov.scot/id/statistical-geography/S01012699,"Glassford, Quarter and Allanton - 01","","","","","","","","","","","","",0,0,0,0,0,0.00
http://statistics.gov.scot/id/statistical-geography/S01012700,"Glassford, Quarter and Allanton - 02","","","","","","","","","","","","",12.5,14.29,11.11,16.67,10,11.11
http://statistics.gov.scot/id/statistical-geography/S01012701,"Glassford, Quarter and Allanton - 03","","","","","","","","","","","","",0,0,0,0,0,0.00
http://statistics.gov.scot/id/statistical-geography/S01012702,"Glassford, Quarter and Allanton - 04","","","","","","","","","","","","",0,0,0,0,0,0.00
http://statistics.gov.scot/id/statistical-geography/S01009431,Glencraig Landward,"","","","","","","","","","","","",6.67,7.69,6.67,0,0,18.18
http://statistics.gov.scot/id/statistical-geography/S01011876,"Glenfarg, Dunning and Rhynd - 01","","","","","","","","","","","","",0,0,0,0,0,0.00
http://statistics.gov.scot/id/statistical-geography/S01011877,"Glenfarg, Dunning and Rhynd - 02","","","","","","","","","","","","",0,0,0,0,0,0.00
http://statistics.gov.scot/id/statistical-geography/S01011878,"Glenfarg, Dunning and Rhynd - 03","","","","","","","","","","","","",0,0,0,0,0,0.00
http://statistics.gov.scot/id/statistical-geography/S01011879,"Glenfarg, Dunning and Rhynd - 04","","","","","","","","","","","","",0,0,0,0,0,0.00
http://statistics.gov.scot/id/statistical-geography/S01011880,"Glenfarg, Dunning and Rhynd - 05","","","","","","","","","","","","",50,33.33,14.29,0,0,0.00
http://statistics.gov.scot/id/statistical-geography/S01007547,Glenkens - 01,"","","","","","","","","","","","",0,0,"","",0,0.00
http://statistics.gov.scot/id/statistical-geography/S01007548,Glenkens - 02,"","","","","","","","","","","","",16.67,16.67,0,11.11,12.5,14.29
http://statistics.gov.scot/id/statistical-geography/S01007549,Glenkens - 03,"","","","","","","","","","","","",0,0,0,0,0,0.00
http://statistics.gov.scot/id/statistical-geography/S01007550,Glenkens - 04,"","","","","","","","","","","","",0,0,0,0,0,0.00
http://statistics.gov.scot/id/statistical-geography/S01007551,Glenkens - 05,"","","","","","","","","","","","",0,0,0,0,0,0.00
http://statistics.gov.scot/id/statistical-geography/S01011683,Glenmavis and Greengairs - 01,"","","","","","","","","","","","",17.65,15.79,7.69,10.34,2.78,2.7
http://statistics.gov.scot/id/statistical-geography/S01011684,Glenmavis and Greengairs - 02,"","","","","","","","","","","","",16.67,0,0,0,0,0.00
http://statistics.gov.scot/id/statistical-geography/S01011685,Glenmavis and Greengairs - 03,"","","","","","","","","","","","",0,0,0,0,0,0.00
http://statistics.gov.scot/id/statistical-geography/S01011686,Glenmavis and Greengairs - 04,"","","","","","","","","","","","",0,0,9.09,7.14,12.5,0.00
http://statistics.gov.scot/id/statistical-geography/S01011687,Glenmavis and Greengairs - 05,"","","","","","","","","","","","",9.09,15.38,11.11,7.69,0,0.00
http://statistics.gov.scot/id/statistical-geography/S01011688,Glenmavis and Greengairs - 06,"","","","","","","","","","","","",0,9.09,5.56,3.03,0,0.00
http://statistics.gov.scot/id/statistical-geography/S01012250,Glentress and Manor Valley,"","","","","","","","","","","","",0,0,0,0,0,0.00
http://statistics.gov.scot/id/statistical-geography/S01009980,Glenwood North - 01,"","","","","","","","","","","","",6.25,6.25,13.33,11.11,27.27,28.57
http://statistics.gov.scot/id/statistical-geography/S01009981,Glenwood North - 02,"","","","","","","","","","","","",16.67,21.43,30,14.29,100,50
http://statistics.gov.scot/id/statistical-geography/S01009982,Glenwood North - 03,"","","","","","","","","","","","",12,13.04,5,12.5,14.29,16.67
http://statistics.gov.scot/id/statistical-geography/S01009983,Glenwood North - 04,"","","","","","","","","","","","",25,16.67,14.29,23.53,26.67,10
http://statistics.gov.scot/id/statistical-geography/S01009984,Glenwood North - 05,"","","","","","","","","","","","",16.67,11.11,0,0,0,0.00
http://statistics.gov.scot/id/statistical-geography/S01009985,Glenwood North - 06,"","","","","","","","","","","","",14.29,10,14.29,20,0,10
http://statistics.gov.scot/id/statistical-geography/S01009973,Glenwood South - 01,"","","","","","","","","","","","",8.33,11.11,0,0,0,16.67
http://statistics.gov.scot/id/statistical-geography/S01009974,Glenwood South - 02,"","","","","","","","","","","","",0,10,7.69,16.67,6.67,16.67
http://statistics.gov.scot/id/statistical-geography/S01009975,Glenwood South - 03,"","","","","","","","","","","","",22.22,44.44,50,50,12.5,28.57
http://statistics.gov.scot/id/statistical-geography/S01009976,Glenwood South - 04,"","","","","","","","","","","","",16.67,10,10,22.22,22.22,40
http://statistics.gov.scot/id/statistical-geography/S01009977,Glenwood South - 05,"","","","","","","","","","","","",25,27.27,25,25,11.11,0.00
http://statistics.gov.scot/id/statistical-geography/S01009978,Glenwood South - 06,"","","","","","","","","","","","",18.75,6.25,11.11,23.53,16.67,18.75
http://statistics.gov.scot/id/statistical-geography/S01009979,Glenwood South - 07,"","","","","","","","","","","","",0,11.11,20,20,0,0.00
http://statistics.gov.scot/id/statistical-geography/S01010023,Gorbals and Hutchesontown - 01,"","","","","","","","","","","","",14.29,16.67,33.33,20,16.67,0.00
http://statistics.gov.scot/id/statistical-geography/S01010024,Gorbals and Hutchesontown - 02,"","","","","","","","","","","","",0,4.76,7.14,33.33,"",16.67
http://statistics.gov.scot/id/statistical-geography/S01010025,Gorbals and Hutchesontown - 03,"","","","","","","","","","","","",0,14.29,20,18.18,7.69,9.09
http://statistics.gov.scot/id/statistical-geography/S01010026,Gorbals and Hutchesontown - 04,"","","","","","","","","","","","",16.67,20.83,18.75,13.04,0,4.17
http://statistics.gov.scot/id/statistical-geography/S01010027,Gorbals and Hutchesontown - 05,"","","","","","","","","","","","",12,4.17,12.5,6.67,16.67,8.33
http://statistics.gov.scot/id/statistical-geography/S01010028,Gorbals and Hutchesontown - 06,"","","","","","","","","","","","",8.33,11.11,0,0,0,0.00
http://statistics.gov.scot/id/statistical-geography/S01010029,Gorbals and Hutchesontown - 07,"","","","","","","","","","","","",22.22,20,11.11,0,11.11,23.08
http://statistics.gov.scot/id/statistical-geography/S01010030,Gorbals and Hutchesontown - 08,"","","","","","","","","","","","",0,0,0,0,12.5,11.76
http://statistics.gov.scot/id/statistical-geography/S01012304,Gordon and Hume Area,"","","","","","","","","","","","",11.11,0,0,0,0,0.00
http://statistics.gov.scot/id/statistical-geography/S01011040,Gorebridge and Middleton - 01,"","","","","","","","","","","","",16.67,25,16.67,25,25,33.33
http://statistics.gov.scot/id/statistical-geography/S01011041,Gorebridge and Middleton - 02,"","","","","","","","","","","","",0,0,9.09,11.11,16.67,25
http://statistics.gov.scot/id/statistical-geography/S01011042,Gorebridge and Middleton - 03,"","","","","","","","","","","","",14.29,25,22.22,12.5,0,0.00
http://statistics.gov.scot/id/statistical-geography/S01011043,Gorebridge and Middleton - 04,"","","","","","","","","","","","",0,10,8.33,10,9.09,0.00
http://statistics.gov.scot/id/statistical-geography/S01011044,Gorebridge and Middleton - 05,"","","","","","","","","","","","",0,25,33.33,20,0,0.00
http://statistics.gov.scot/id/statistical-geography/S01008497,Gorgie East - 01,"","","","","","","","","","","","",0,0,0,0,0,0.00
http://statistics.gov.scot/id/statistical-geography/S01008498,Gorgie East - 02,"","","","","","","","","","","","",6.25,5.88,0,0,11.11,8.33
http://statistics.gov.scot/id/statistical-geography/S01008499,Gorgie East - 03,"","","","","","","","","","","","",0,0,0,0,0,0.00
http://statistics.gov.scot/id/statistical-geography/S01008500,Gorgie East - 04,"","","","","","","","","","","","",0,0,0,0,0,20
http://statistics.gov.scot/id/statistical-geography/S01008501,Gorgie East - 05,"","","","","","","","","","","","",0,0,0,0,0,0.00
http://statistics.gov.scot/id/statistical-geography/S01008492,Gorgie West - 01,"","","","","","","","","","","","",5.88,4.76,3.57,0,0,0.00
http://statistics.gov.scot/id/statistical-geography/S01008493,Gorgie West - 02,"","","","","","","","","","","","",8.33,15.38,13.33,14.29,8.33,14.29
http://statistics.gov.scot/id/statistical-geography/S01008494,Gorgie West - 03,"","","","","","","","","","","","",12.5,11.11,5.56,5,0,0.00
http://statistics.gov.scot/id/statistical-geography/S01008495,Gorgie West - 04,"","","","","","","","","","","","",0,0,0,0,0,0.00
http://statistics.gov.scot/id/statistical-geography/S01008496,Gorgie West - 05,"","","","","","","","","","","","",5.56,0,0,0,0,0.00
http://statistics.gov.scot/id/statistical-geography/S01010842,"Gourock Central, Upper East and IRH - 01","","","","","","","","","","","","",5.88,5.56,7.69,0,0,0.00
http://statistics.gov.scot/id/statistical-geography/S01010843,"Gourock Central, Upper East and IRH - 02","","","","","","","","","","","","",11.11,0,0,0,0,0.00
http://statistics.gov.scot/id/statistical-geography/S01010844,"Gourock Central, Upper East and IRH - 03","","","","","","","","","","","","",0,0,0,0,0,0.00
http://statistics.gov.scot/id/statistical-geography/S01010845,"Gourock Central, Upper East and IRH - 04","","","","","","","","","","","","",25,40,66.67,100,0,0.00
http://statistics.gov.scot/id/statistical-geography/S01010846,"Gourock Central, Upper East and IRH - 05","","","","","","","","","","","","",0,0,0,0,0,22.22
http://statistics.gov.scot/id/statistical-geography/S01010847,"Gourock Central, Upper East and IRH - 06","","","","","","","","","","","","",0,0,0,0,0,0.00
http://statistics.gov.scot/id/statistical-geography/S01010863,"Gourock East, Greenock West and Lyle Road - 01","","","","","","","","","","","","",14.29,14.29,20,25,20,12.5
http://statistics.gov.scot/id/statistical-geography/S01010864,"Gourock East, Greenock West and Lyle Road - 02","","","","","","","","","","","","",12.5,9.09,0,0,0,0.00
http://statistics.gov.scot/id/statistical-geography/S01010865,"Gourock East, Greenock West and Lyle Road - 03","","","","","","","","","","","","",0,0,0,0,0,0.00
http://statistics.gov.scot/id/statistical-geography/S01010866,"Gourock East, Greenock West and Lyle Road - 04","","","","","","","","","","","","",10,12.5,0,0,0,0.00
http://statistics.gov.scot/id/statistical-geography/S01010867,"Gourock East, Greenock West and Lyle Road - 05","","","","","","","","","","","","",16.67,0,0,0,0,0.00
http://statistics.gov.scot/id/statistical-geography/S01010868,"Gourock East, Greenock West and Lyle Road - 06","","","","","","","","","","","","",0,0,0,0,0,0.00
http://statistics.gov.scot/id/statistical-geography/S01010869,"Gourock East, Greenock West and Lyle Road - 07","","","","","","","","","","","","",0,0,0,0,0,0.00
http://statistics.gov.scot/id/statistical-geography/S01010836,Gourock Upper and West Central and Upper Larkfield - 01,"","","","","","","","","","","","",0,0,0,0,0,0.00
http://statistics.gov.scot/id/statistical-geography/S01010837,Gourock Upper and West Central and Upper Larkfield - 02,"","","","","","","","","","","","",0,0,0,0,0,40
http://statistics.gov.scot/id/statistical-geography/S01010838,Gourock Upper and West Central and Upper Larkfield - 03,"","","","","","","","","","","","",16.67,12.5,14.29,0,0,0.00
http://statistics.gov.scot/id/statistical-geography/S01010839,Gourock Upper and West Central and Upper Larkfield - 04,"","","","","","","","","","","","",0,0,12.5,11.11,10,0.00
http://statistics.gov.scot/id/statistical-geography/S01010840,Gourock Upper and West Central and Upper Larkfield - 05,"","","","","","","","","","","","",25,0,0,0,0,0.00
http://statistics.gov.scot/id/statistical-geography/S01010841,Gourock Upper and West Central and Upper Larkfield - 06,"","","","","","","","","","","","",11.11,0,0,0,0,0.00
http://statistics.gov.scot/id/statistical-geography/S01009841,Govan and Linthouse - 01,"","","","","","","","","","","","",11.43,6.45,3.7,0,0,0.00
http://statistics.gov.scot/id/statistical-geography/S01009842,Govan and Linthouse - 02,"","","","","","","","","","","","",0,0,0,0,15.38,18.18
http://statistics.gov.scot/id/statistical-geography/S01009843,Govan and Linthouse - 03,"","","","","","","","","","","","",18.18,14.29,5.88,0,0,12.5
http://statistics.gov.scot/id/statistical-geography/S01009844,Govan and Linthouse - 04,"","","","","","","","","","","","",15,11.11,4.17,4,4.76,5
http://statistics.gov.scot/id/statistical-geography/S01009845,Govan and Linthouse - 05,"","","","","","","","","","","","",4.55,5.26,14.29,16.67,28.57,26.67
http://statistics.gov.scot/id/statistical-geography/S01009846,Govan and Linthouse - 06,"","","","","","","","","","","","",10.71,7.14,11.11,7.14,5.88,8.33
http://statistics.gov.scot/id/statistical-geography/S01009847,Govan and Linthouse - 07,"","","","","","","","","","","","",28.57,16.67,0,0,7.14,7.14
http://statistics.gov.scot/id/statistical-geography/S01009894,Govanhill East and Aikenhead - 01,"","","","","","","","","","","","",14.29,9.09,4.55,5.56,9.52,16.67
http://statistics.gov.scot/id/statistical-geography/S01009895,Govanhill East and Aikenhead - 02,"","","","","","","","","","","","",14.29,15.79,25,5.56,5.26,9.52
http://statistics.gov.scot/id/statistical-geography/S01009896,Govanhill East and Aikenhead - 03,"","","","","","","","","","","","",9.52,26.32,26.92,25,11.54,5.26
http://statistics.gov.scot/id/statistical-geography/S01009897,Govanhill East and Aikenhead - 04,"","","","","","","","","","","","",4.35,3.7,7.69,11.76,30,18.18
http://statistics.gov.scot/id/statistical-geography/S01009898,Govanhill East and Aikenhead - 05,"","","","","","","","","","","","",14.29,33.33,20,14.29,0,0.00
http://statistics.gov.scot/id/statistical-geography/S01009887,Govanhill West - 01,"","","","","","","","","","","","",6.25,18.52,30.77,40,40,31.58
http://statistics.gov.scot/id/statistical-geography/S01009888,Govanhill West - 02,"","","","","","","","","","","","",18.75,21.05,20,40,59.09,60.87
http://statistics.gov.scot/id/statistical-geography/S01009889,Govanhill West - 03,"","","","","","","","","","","","",19.05,21.05,15.38,14.29,15,23.53
http://statistics.gov.scot/id/statistical-geography/S01009890,Govanhill West - 04,"","","","","","","","","","","","",23.08,20,18.18,8.33,0,8.33
http://statistics.gov.scot/id/statistical-geography/S01009891,Govanhill West - 05,"","","","","","","","","","","","",7.69,7.14,0,0,0,25
http://statistics.gov.scot/id/statistical-geography/S01009892,Govanhill West - 06,"","","","","","","","","","","","",0,10,12.5,17.65,16.67,23.53
http://statistics.gov.scot/id/statistical-geography/S01009893,Govanhill West - 07,"","","","","","","","","","","","",17.86,28.57,25,21.05,22.73,26.92
http://statistics.gov.scot/id/statistical-geography/S01009277,Gowkhall and Landward,"","","","","","","","","","","","",0,0,0,0,0,0.00
http://statistics.gov.scot/id/statistical-geography/S01008553,"Gracemount, Southhouse and Burdiehouse - 01","","","","","","","","","","","","",0,0,0,0,0,0.00
http://statistics.gov.scot/id/statistical-geography/S01008554,"Gracemount, Southhouse and Burdiehouse - 02","","","","","","","","","","","","",40,22.22,23.08,27.27,37.5,42.86
http://statistics.gov.scot/id/statistical-geography/S01008555,"Gracemount, Southhouse and Burdiehouse - 03","","","","","","","","","","","","",25,23.08,16.67,0,0,0.00
http://statistics.gov.scot/id/statistical-geography/S01008556,"Gracemount, Southhouse and Burdiehouse - 04","","","","","","","","","","","","",33.33,11.11,14.29,0,11.11,11.11
http://statistics.gov.scot/id/statistical-geography/S01008557,"Gracemount, Southhouse and Burdiehouse - 05","","","","","","","","","","","","",7.69,7.69,18.75,13.04,9.52,0.00
http://statistics.gov.scot/id/statistical-geography/S01008558,"Gracemount, Southhouse and Burdiehouse - 06","","","","","","","","","","","","",12.5,12.5,6.67,20,0,10
http://statistics.gov.scot/id/statistical-geography/S01008017,"Grange, Howard and Gargieston - 01","","","","","","","","","","","","",0,0,0,0,0,0.00
http://statistics.gov.scot/id/statistical-geography/S01008018,"Grange, Howard and Gargieston - 02","","","","","","","","","","","","",20,25,20,0,0,0.00
http://statistics.gov.scot/id/statistical-geography/S01008019,"Grange, Howard and Gargieston - 03","","","","","","","","","","","","",0,0,0,0,0,0.00
http://statistics.gov.scot/id/statistical-geography/S01008020,"Grange, Howard and Gargieston - 04","","","","","","","","","","","","",0,0,0,0,0,0.00
http://statistics.gov.scot/id/statistical-geography/S01008021,"Grange, Howard and Gargieston - 05","","","","","","","","","","","","",0,0,0,0,0,0.00
http://statistics.gov.scot/id/statistical-geography/S01008022,"Grange, Howard and Gargieston - 06","","","","","","","","","","","","",0,0,0,0,0,0.00
http://statistics.gov.scot/id/statistical-geography/S01008023,"Grange, Howard and Gargieston - 07","","","","","","","","","","","","",11.11,10,20,16.67,25,0.00
http://statistics.gov.scot/id/statistical-geography/S01008024,"Grange, Howard and Gargieston - 08","","","","","","","","","","","","",0,0,0,0,0,0.00
http://statistics.gov.scot/id/statistical-geography/S01009238,Grangemouth - Bowhouse - 01,"","","","","","","","","","","","",14.29,14.29,16.67,16.67,16.67,0.00
http://statistics.gov.scot/id/statistical-geography/S01009239,Grangemouth - Bowhouse - 02,"","","","","","","","","","","","",14.29,14.29,9.09,14.29,15.38,20
http://statistics.gov.scot/id/statistical-geography/S01009240,Grangemouth - Bowhouse - 03,"","","","","","","","","","","","",38.1,35,9.09,20.83,27.27,40
http://statistics.gov.scot/id/statistical-geography/S01009241,Grangemouth - Bowhouse - 04,"","","","","","","","","","","","",6.25,10,0,12.5,9.09,20
http://statistics.gov.scot/id/statistical-geography/S01009242,Grangemouth - Bowhouse - 05,"","","","","","","","","","","","",16.67,14.29,10,0,0,0.00
http://statistics.gov.scot/id/statistical-geography/S01009232,Grangemouth - Kersiebank - 01,"","","","","","","","","","","","",27.27,40,41.67,46.15,23.08,25
http://statistics.gov.scot/id/statistical-geography/S01009233,Grangemouth - Kersiebank - 02,"","","","","","","","","","","","",66.67,33.33,0,20,25,16.67
http://statistics.gov.scot/id/statistical-geography/S01009234,Grangemouth - Kersiebank - 03,"","","","","","","","","","","","",34.62,36.84,15.79,16.67,13.04,19.05
http://statistics.gov.scot/id/statistical-geography/S01009235,Grangemouth - Kersiebank - 04,"","","","","","","","","","","","",11.11,21.05,16.67,16.67,5.56,6.25
http://statistics.gov.scot/id/statistical-geography/S01009236,Grangemouth - Kersiebank - 05,"","","","","","","","","","","","",0,0,0,0,0,0.00
http://statistics.gov.scot/id/statistical-geography/S01009237,Grangemouth - Kersiebank - 06,"","","","","","","","","","","","",0,0,0,0,0,0.00
http://statistics.gov.scot/id/statistical-geography/S01009219,Grangemouth - Newlands - 01,"","","","","","","","","","","","",0,0,0,0,0,0.00
http://statistics.gov.scot/id/statistical-geography/S01009220,Grangemouth - Newlands - 02,"","","","","","","","","","","","",0,12.5,16.67,16.67,0,0.00
http://statistics.gov.scot/id/statistical-geography/S01009221,Grangemouth - Newlands - 03,"","","","","","","","","","","","",16.67,0,0,0,0,0.00
http://statistics.gov.scot/id/statistical-geography/S01009222,Grangemouth - Newlands - 04,"","","","","","","","","","","","",45.45,50,35.71,23.08,27.27,16.67
http://statistics.gov.scot/id/statistical-geography/S01009223,Grangemouth - Newlands - 05,"","","","","","","","","","","","",20,0,0,0,0,0.00
http://statistics.gov.scot/id/statistical-geography/S01009224,Grangemouth - Newlands - 06,"","","","","","","","","","","","",11.11,36.36,37.5,37.5,0,0.00
http://statistics.gov.scot/id/statistical-geography/S01009225,Grangemouth - Newlands - 07,"","","","","","","","","","","","",20,16.67,10,0,0,0.00
http://statistics.gov.scot/id/statistical-geography/S01009226,Grangemouth - Newlands - 08,"","","","","","","","","","","","",15.38,14.29,0,8.33,7.14,7.69
http://statistics.gov.scot/id/statistical-geography/S01009227,Grangemouth - Town Centre - 01,"","","","","","","","","","","","",0,0,0,0,0,8.33
http://statistics.gov.scot/id/statistical-geography/S01009228,Grangemouth - Town Centre - 02,"","","","","","","","","","","","",11.11,0,0,12.5,16.67,16.67
http://statistics.gov.scot/id/statistical-geography/S01009229,Grangemouth - Town Centre - 03,"","","","","","","","","","","","",25,42.86,42.86,12.5,0,0.00
http://statistics.gov.scot/id/statistical-geography/S01009230,Grangemouth - Town Centre - 04,"","","","","","","","","","","","",0,0,0,0,0,0.00
http://statistics.gov.scot/id/statistical-geography/S01009231,Grangemouth - Town Centre - 05,"","","","","","","","","","","","",7.69,11.11,10,0,0,0.00
http://statistics.gov.scot/id/statistical-geography/S01008916,Granton South and Wardieburn - 01,"","","","","","","","","","","","",18.18,20,14.29,16.67,0,0.00
http://statistics.gov.scot/id/statistical-geography/S01008917,Granton South and Wardieburn - 02,"","","","","","","","","","","","",25,10,25,12.5,40,50
http://statistics.gov.scot/id/statistical-geography/S01008918,Granton South and Wardieburn - 03,"","","","","","","","","","","","",37.5,33.33,11.11,22.22,33.33,20
http://statistics.gov.scot/id/statistical-geography/S01008919,Granton South and Wardieburn - 04,"","","","","","","","","","","","",10,8.33,9.09,20,33.33,0.00
http://statistics.gov.scot/id/statistical-geography/S01008924,Granton West and Salvesen - 01,"","","","","","","","","","","","",16.67,33.33,30.77,25,26.67,27.27
http://statistics.gov.scot/id/statistical-geography/S01008925,Granton West and Salvesen - 02,"","","","","","","","","","","","",18.18,22.22,25,44.44,21.43,16.67
http://statistics.gov.scot/id/statistical-geography/S01008926,Granton West and Salvesen - 03,"","","","","","","","","","","","",0,0,0,0,0,0.00
http://statistics.gov.scot/id/statistical-geography/S01008927,Granton West and Salvesen - 04,"","","","","","","","","","","","",14.29,9.52,4.76,5.88,3.85,3.7
http://statistics.gov.scot/id/statistical-geography/S01008928,Granton West and Salvesen - 05,"","","","","","","","","","","","",9.09,8.33,6.25,5.56,0,0.00
http://statistics.gov.scot/id/statistical-geography/S01008920,Granton and Royston Mains - 01,"","","","","","","","","","","","",0,0,0,0,0,3.03
http://statistics.gov.scot/id/statistical-geography/S01008921,Granton and Royston Mains - 02,"","","","","","","","","","","","",10,22.22,16.67,6.67,12.5,14.29
http://statistics.gov.scot/id/statistical-geography/S01008922,Granton and Royston Mains - 03,"","","","","","","","","","","","",16.67,14.29,16.67,12.5,9.09,0.00
http://statistics.gov.scot/id/statistical-geography/S01008923,Granton and Royston Mains - 04,"","","","","","","","","","","","",16.67,14.29,11.11,0,0,0.00
http://statistics.gov.scot/id/statistical-geography/S01008785,Great Junction Street - 01,"","","","","","","","","","","","",0,0,8.33,18.18,13.33,0.00
http://statistics.gov.scot/id/statistical-geography/S01008786,Great Junction Street - 02,"","","","","","","","","","","","",6.67,9.09,7.69,0,5.56,6.25
http://statistics.gov.scot/id/statistical-geography/S01008787,Great Junction Street - 03,"","","","","","","","","","","","",0,0,0,0,0,25
http://statistics.gov.scot/id/statistical-geography/S01008788,Great Junction Street - 04,"","","","","","","","","","","","",0,0,0,6.25,0,0.00
http://statistics.gov.scot/id/statistical-geography/S01008789,Great Junction Street - 05,"","","","","","","","","","","","",0,0,0,0,0,0.00
http://statistics.gov.scot/id/statistical-geography/S01008790,Great Junction Street - 06,"","","","","","","","","","","","",12.5,12.5,28.57,16.67,11.11,0.00
http://statistics.gov.scot/id/statistical-geography/S01008791,Great Junction Street - 07,"","","","","","","","","","","","",0,0,0,0,0,0.00
http://statistics.gov.scot/id/statistical-geography/S01007315,Greater Lochgilphead - 01,"","","","","","","","","","","","",14.29,20,25,11.76,10,5.26
http://statistics.gov.scot/id/statistical-geography/S01007316,Greater Lochgilphead - 02,"","","","","","","","","","","","",15.79,13.33,7.69,0,0,0.00
http://statistics.gov.scot/id/statistical-geography/S01007317,Greater Lochgilphead - 03,"","","","","","","","","","","","",16.67,15.38,0,0,0,20
http://statistics.gov.scot/id/statistical-geography/S01007318,Greater Lochgilphead - 04,"","","","","","","","","","","","",25,20,20,0,0,0.00
http://statistics.gov.scot/id/statistical-geography/S01007319,Greater Lochgilphead - 05,"","","","","","","","","","","","",0,0,0,0,0,0.00
http://statistics.gov.scot/id/statistical-geography/S01008519,Greenbank and The Braids - 01,"","","","","","","","","","","","",0,0,0,0,0,0.00
http://statistics.gov.scot/id/statistical-geography/S01008520,Greenbank and The Braids - 02,"","","","","","","","","","","","",0,0,0,0,0,0.00
http://statistics.gov.scot/id/statistical-geography/S01008521,Greenbank and The Braids - 03,"","","","","","","","","","","","","","",0,0,0,0.00
http://statistics.gov.scot/id/statistical-geography/S01008522,Greenbank and The Braids - 04,"","","","","","","","","","","","",0,"",0,0,0,0.00
http://statistics.gov.scot/id/statistical-geography/S01008523,Greenbank and The Braids - 05,"","","","","","","","","","","","",0,0,0,0,0,0.00
http://statistics.gov.scot/id/statistical-geography/S01011606,Greenend and Carnbroe - 01,"","","","","","","","","","","","",7.69,0,0,0,0,0.00
http://statistics.gov.scot/id/statistical-geography/S01011607,Greenend and Carnbroe - 02,"","","","","","","","","","","","",0,0,0,0,0,14.29
http://statistics.gov.scot/id/statistical-geography/S01011608,Greenend and Carnbroe - 03,"","","","","","","","","","","","",0,0,0,0,9.09,20
http://statistics.gov.scot/id/statistical-geography/S01011609,Greenend and Carnbroe - 04,"","","","","","","","","","","","",20,28.57,22.73,13.04,0,18.75
http://statistics.gov.scot/id/statistical-geography/S01011610,Greenend and Carnbroe - 05,"","","","","","","","","","","","",22.73,25,13.33,0,0,0.00
http://statistics.gov.scot/id/statistical-geography/S01011611,Greenend and Carnbroe - 06,"","","","","","","","","","","","",0,0,0,0,0,4.35
http://statistics.gov.scot/id/statistical-geography/S01011612,Greenend and Carnbroe - 07,"","","","","","","","","","","","",0,0,0,0,0,0.00
http://statistics.gov.scot/id/statistical-geography/S01011734,Greenfaulds - 01,"","","","","","","","","","","","",0,0,0,0,0,0.00
http://statistics.gov.scot/id/statistical-geography/S01011735,Greenfaulds - 02,"","","","","","","","","","","","",8.33,0,0,12.5,14.29,20
http://statistics.gov.scot/id/statistical-geography/S01011736,Greenfaulds - 03,"","","","","","","","","","","","",23.08,8.33,0,0,0,0.00
http://statistics.gov.scot/id/statistical-geography/S01011737,Greenfaulds - 04,"","","","","","","","","","","","",33.33,50,30,12.5,9.09,0.00
http://statistics.gov.scot/id/statistical-geography/S01011738,Greenfaulds - 05,"","","","","","","","","","","","",5.26,0,6.67,20,25,21.05
http://statistics.gov.scot/id/statistical-geography/S01010131,Greenfield - 01,"","","","","","","","","","","","",0,0,0,0,0,0.00
http://statistics.gov.scot/id/statistical-geography/S01010132,Greenfield - 02,"","","","","","","","","","","","",0,5.26,7.69,9.09,0,0.00
http://statistics.gov.scot/id/statistical-geography/S01010133,Greenfield - 03,"","","","","","","","","","","","",14.29,0,9.09,13.33,15.38,12.5
http://statistics.gov.scot/id/statistical-geography/S01010134,Greenfield - 04,"","","","","","","","","","","","",0,0,0,0,0,0.00
http://statistics.gov.scot/id/statistical-geography/S01010135,Greenfield - 05,"","","","","","","","","","","","",14.29,25,37.5,30,22.22,7.69
http://statistics.gov.scot/id/statistical-geography/S01010136,Greenfield - 06,"","","","","","","","","","","","",7.69,7.69,10,0,0,0.00
http://statistics.gov.scot/id/statistical-geography/S01012975,Greenhills - 01,"","","","","","","","","","","","",16.67,14.29,0,0,8.33,9.09
http://statistics.gov.scot/id/statistical-geography/S01012976,Greenhills - 02,"","","","","","","","","","","","",20,40,40,16.67,0,10
http://statistics.gov.scot/id/statistical-geography/S01012977,Greenhills - 03,"","","","","","","","","","","","",28.57,30,42.86,30,27.27,16.67
http://statistics.gov.scot/id/statistical-geography/S01012978,Greenhills - 04,"","","","","","","","","","","","",17.65,9.09,0,0,9.09,18.18
http://statistics.gov.scot/id/statistical-geography/S01012979,Greenhills - 05,"","","","","","","","","","","","",22.22,12.5,0,0,0,0.00
http://statistics.gov.scot/id/statistical-geography/S01012300,Greenlaw,"","","","","","","","","","","","",0,0,0,0,0,20
http://statistics.gov.scot/id/statistical-geography/S01010898,Greenock East - 01,"","","","","","","","","","","","",27.27,40,12.5,14.29,0,6.25
http://statistics.gov.scot/id/statistical-geography/S01010899,Greenock East - 02,"","","","","","","","","","","","",0,0,0,0,14.29,12.5
http://statistics.gov.scot/id/statistical-geography/S01010900,Greenock East - 03,"","","","","","","","","","","","",14.29,11.76,11.76,7.14,14.29,7.69
http://statistics.gov.scot/id/statistical-geography/S01010901,Greenock East - 04,"","","","","","","","","","","","",25,40,12.5,0,0,25
http://statistics.gov.scot/id/statistical-geography/S01010902,Greenock East - 05,"","","","","","","","","","","","",11.76,10.53,0,0,0,5.88
http://statistics.gov.scot/id/statistical-geography/S01010903,Greenock East - 06,"","","","","","","","","","","","",23.08,13.33,16.67,8.33,28.57,22.22
http://statistics.gov.scot/id/statistical-geography/S01010904,Greenock East - 07,"","","","","","","","","","","","",21.43,20,0,20,18.18,30
http://statistics.gov.scot/id/statistical-geography/S01010905,Greenock East - 08,"","","","","","","","","","","","",11.76,12.5,5,5.26,4.55,5
http://statistics.gov.scot/id/statistical-geography/S01010906,Greenock East - 09,"","","","","","","","","","","","",21.43,14.29,7.69,7.14,8.33,10
http://statistics.gov.scot/id/statistical-geography/S01010890,Greenock Town Centre and East Central - 01,"","","","","","","","","","","","",0,0,12.5,12.5,22.22,7.69
http://statistics.gov.scot/id/statistical-geography/S01010891,Greenock Town Centre and East Central - 02,"","","","","","","","","","","","",16.67,16.67,16.67,28.57,37.5,28.57
http://statistics.gov.scot/id/statistical-geography/S01010892,Greenock Town Centre and East Central - 03,"","","","","","","","","","","","",4.55,6.25,0,0,0,16.67
http://statistics.gov.scot/id/statistical-geography/S01010893,Greenock Town Centre and East Central - 04,"","","","","","","","","","","","",0,0,0,20,20,22.22
http://statistics.gov.scot/id/statistical-geography/S01010894,Greenock Town Centre and East Central - 05,"","","","","","","","","","","","",26.32,16.67,17.65,6.67,7.69,0.00
http://statistics.gov.scot/id/statistical-geography/S01010895,Greenock Town Centre and East Central - 06,"","","","","","","","","","","","",20,20,14.29,0,"",""
http://statistics.gov.scot/id/statistical-geography/S01010896,Greenock Town Centre and East Central - 07,"","","","","","","","","","","","",27.27,10,0,0,0,0.00
http://statistics.gov.scot/id/statistical-geography/S01010897,Greenock Town Centre and East Central - 08,"","","","","","","","","","","","",8.33,0,0,0,0,0.00
http://statistics.gov.scot/id/statistical-geography/S01010884,Greenock Upper Central - 01,"","","","","","","","","","","","",33.33,0,0,20,25,40
http://statistics.gov.scot/id/statistical-geography/S01010885,Greenock Upper Central - 02,"","","","","","","","","","","","",15,8.33,8.33,13.33,14.29,15.38
http://statistics.gov.scot/id/statistical-geography/S01010886,Greenock Upper Central - 03,"","","","","","","","","","","","",16.67,0,0,0,0,28.57
http://statistics.gov.scot/id/statistical-geography/S01010887,Greenock Upper Central - 04,"","","","","","","","","","","","",12.5,22.22,28.57,14.29,0,16.67
http://statistics.gov.scot/id/statistical-geography/S01010888,Greenock Upper Central - 05,"","","","","","","","","","","","",5.88,6.25,14.29,11.11,9.09,0.00
http://statistics.gov.scot/id/statistical-geography/S01010889,Greenock Upper Central - 06,"","","","","","","","","","","","",11.11,10,11.11,0,20,16.67
http://statistics.gov.scot/id/statistical-geography/S01010870,Greenock West and Central - 01,"","","","","","","","","","","","",7.69,8.33,7.14,0,0,0.00
http://statistics.gov.scot/id/statistical-geography/S01010871,Greenock West and Central - 02,"","","","","","","","","","","","",6.25,0,0,0,0,0.00
http://statistics.gov.scot/id/statistical-geography/S01010872,Greenock West and Central - 03,"","","","","","","","","","","","",0,0,0,0,0,0.00
http://statistics.gov.scot/id/statistical-geography/S01010873,Greenock West and Central - 04,"","","","","","","","","","","","",22.22,25,0,0,0,0.00
http://statistics.gov.scot/id/statistical-geography/S01010874,Greenock West and Central - 05,"","","","","","","","","","","","",7.69,7.14,10,14.29,12.5,11.11
http://statistics.gov.scot/id/statistical-geography/S01010875,Greenock West and Central - 06,"","","","","","","","","","","","",0,0,0,0,0,0.00
http://statistics.gov.scot/id/statistical-geography/S01010876,Greenock West and Central - 07,"","","","","","","","","","","","",5,5.26,5.88,7.14,7.69,0.00
http://statistics.gov.scot/id/statistical-geography/S01010877,Greenock West and Central - 08,"","","","","","","","","","","","",20,22.22,7.69,13.33,13.33,22.22
http://statistics.gov.scot/id/statistical-geography/S01007676,Gretna - 01,"","","","","","","","","","","","",40,33.33,0,0,0,0.00
http://statistics.gov.scot/id/statistical-geography/S01007677,Gretna - 02,"","","","","","","","","","","","",0,0,33.33,25,16.67,0.00
http://statistics.gov.scot/id/statistical-geography/S01007678,Gretna - 03,"","","","","","","","","","","","",40,16.67,10,0,0,0.00
http://statistics.gov.scot/id/statistical-geography/S01007679,Gretna - 04,"","","","","","","","","","","","",37.5,37.5,30.77,25,12.5,0.00
http://statistics.gov.scot/id/statistical-geography/S01007680,Gretna - 05,"","","","","","","","","","","","",0,0,0,0,0,6.67
http://statistics.gov.scot/id/statistical-geography/S01007681,Gretna - 06,"","","","","","","","","","","","",0,0,0,0,0,0.00
http://statistics.gov.scot/id/statistical-geography/S01009738,Guardbridge,"","","","","","","","","","","","",0,0,0,0,0,0.00
http://statistics.gov.scot/id/statistical-geography/S01011956,"Guildtown, Balbeggie and St Madoes - 01","","","","","","","","","","","","",0,7.69,9.09,7.69,0,0.00
http://statistics.gov.scot/id/statistical-geography/S01011957,"Guildtown, Balbeggie and St Madoes - 02","","","","","","","","","","","","",11.11,0,0,0,0,0.00
http://statistics.gov.scot/id/statistical-geography/S01011958,"Guildtown, Balbeggie and St Madoes - 03","","","","","","","","","","","","",0,6.67,12.5,11.76,7.69,0.00
http://statistics.gov.scot/id/statistical-geography/S01011959,"Guildtown, Balbeggie and St Madoes - 04","","","","","","","","","","","","",0,0,0,0,0,0.00
http://statistics.gov.scot/id/statistical-geography/S01012953,Hairmyres and Westwood West - 01,"","","","","","","","","","","","",0,0,0,0,0,0.00
http://statistics.gov.scot/id/statistical-geography/S01012954,Hairmyres and Westwood West - 02,"","","","","","","","","","","","",0,0,0,0,0,0.00
http://statistics.gov.scot/id/statistical-geography/S01012955,Hairmyres and Westwood West - 03,"","","","","","","","","","","","",0,0,0,4.76,0,0.00
http://statistics.gov.scot/id/statistical-geography/S01012956,Hairmyres and Westwood West - 04,"","","","","","","","","","","","",11.11,14.29,9.09,0,11.11,14.29
http://statistics.gov.scot/id/statistical-geography/S01012957,Hairmyres and Westwood West - 05,"","","","","","","","","","","","",12.5,0,0,0,10,12.5
http://statistics.gov.scot/id/statistical-geography/S01009404,Halbeath,"","","","","","","","","","","","",7.14,0,0,0,0,20
http://statistics.gov.scot/id/statistical-geography/S01012814,"Halfway, Hallside and Drumsagard - 01","","","","","","","","","","","","",11.76,5.88,0,0,0,0.00
http://statistics.gov.scot/id/statistical-geography/S01012815,"Halfway, Hallside and Drumsagard - 02","","","","","","","","","","","","",3.85,0,0,0,0,0.00
http://statistics.gov.scot/id/statistical-geography/S01012816,"Halfway, Hallside and Drumsagard - 03","","","","","","","","","","","","",0,0,0,0,0,0.00
http://statistics.gov.scot/id/statistical-geography/S01012817,"Halfway, Hallside and Drumsagard - 04","","","","","","","","","","","","",15.38,20,12.5,0,16.67,20
http://statistics.gov.scot/id/statistical-geography/S01012818,"Halfway, Hallside and Drumsagard - 05","","","","","","","","","","","","",10,0,0,0,0,8.33
http://statistics.gov.scot/id/statistical-geography/S01012819,"Halfway, Hallside and Drumsagard - 06","","","","","","","","","","","","",16.67,6.25,0,8.33,12.5,11.11
http://statistics.gov.scot/id/statistical-geography/S01012820,"Halfway, Hallside and Drumsagard - 07","","","","","","","","","","","","",2.63,2,1.52,1.2,0,0.00
http://statistics.gov.scot/id/statistical-geography/S01009177,Hallglen and Glen Village - 01,"","","","","","","","","","","","",0,6.25,6.25,7.14,7.69,16.67
http://statistics.gov.scot/id/statistical-geography/S01009178,Hallglen and Glen Village - 02,"","","","","","","","","","","","",9.09,5.26,7.69,33.33,35.71,25
http://statistics.gov.scot/id/statistical-geography/S01009179,Hallglen and Glen Village - 03,"","","","","","","","","","","","",21.43,11.11,0,14.29,11.11,14.29
http://statistics.gov.scot/id/statistical-geography/S01009180,Hallglen and Glen Village - 04,"","","","","","","","","","","","",21.05,16.67,23.53,25,26.67,21.43
http://statistics.gov.scot/id/statistical-geography/S01009729,Hallow Hill,"","","","","","","","","","","","",0,0,0,0,0,0.00
http://statistics.gov.scot/id/statistical-geography/S01009728,Hallow Hill South,"","","","","","","","","","","","",0,0,0,0,0,0.00
http://statistics.gov.scot/id/statistical-geography/S01012716,Hamilton Centre and Low Parks - 01,"","","","","","","","","","","","",0,0,0,0,0,0.00
http://statistics.gov.scot/id/statistical-geography/S01012717,Hamilton Centre and Low Parks - 02,"","","","","","","","","","","","",0,0,0,0,0,5.56
http://statistics.gov.scot/id/statistical-geography/S01012718,Hamilton Centre and Low Parks - 03,"","","","","","","","","","","","",5.56,5.88,0,0,0,0.00
http://statistics.gov.scot/id/statistical-geography/S01012719,Hamilton Centre and Low Parks - 04,"","","","","","","","","","","","",17.65,7.14,0,0,14.29,8.7
http://statistics.gov.scot/id/statistical-geography/S01012720,Hamilton Centre and Low Parks - 05,"","","","","","","","","","","","",0,0,0,7.14,10,11.11
http://statistics.gov.scot/id/statistical-geography/S01006641,Hanover North - 01,"","","","","","","","","","","","",4,4.35,0,4.55,5.26,4.76
http://statistics.gov.scot/id/statistical-geography/S01006642,Hanover North - 02,"","","","","","","","","","","","",0,7.14,8.33,6.25,0,0.00
http://statistics.gov.scot/id/statistical-geography/S01006643,Hanover North - 03,"","","","","","","","","","","","",0,0,0,0,0,0.00
http://statistics.gov.scot/id/statistical-geography/S01006644,Hanover North - 04,"","","","","","","","","","","","",5,4.55,4.76,3.85,4.17,0.00
http://statistics.gov.scot/id/statistical-geography/S01006637,Hanover South - 01,"","","","","","","","","","","","",16.67,13.33,11.11,0,0,14.29
http://statistics.gov.scot/id/statistical-geography/S01006638,Hanover South - 02,"","","","","","","","","","","","",0,0,0,9.09,7.69,12.5
http://statistics.gov.scot/id/statistical-geography/S01006639,Hanover South - 03,"","","","","","","","","","","","",17.65,17.65,15,0,0,0.00
http://statistics.gov.scot/id/statistical-geography/S01006640,Hanover South - 04,"","","","","","","","","","","","",0,0,0,0,0,0.00
http://statistics.gov.scot/id/statistical-geography/S01012665,Hareleeshill - 01,"","","","","","","","","","","","",10,9.09,28.57,18.18,22.22,0.00
http://statistics.gov.scot/id/statistical-geography/S01012666,Hareleeshill - 02,"","","","","","","","","","","","",0,0,0,12.5,14.29,12.5
http://statistics.gov.scot/id/statistical-geography/S01012667,Hareleeshill - 03,"","","","","","","","","","","","",0,33.33,33.33,30,11.11,16.67
http://statistics.gov.scot/id/statistical-geography/S01012668,Hareleeshill - 04,"","","","","","","","","","","","",21.43,25,22.22,25,22.22,28.57
http://statistics.gov.scot/id/statistical-geography/S01012669,Hareleeshill - 05,"","","","","","","","","","","","",8.33,9.09,9.09,0,0,0.00
http://statistics.gov.scot/id/statistical-geography/S01012670,Hareleeshill - 06,"","","","","","","","","","","","",9.09,11.11,11.11,0,0,0.00
http://statistics.gov.scot/id/statistical-geography/S01008149,Harestanes - 01,"","","","","","","","","","","","",7.14,8.33,8.33,0,0,10
http://statistics.gov.scot/id/statistical-geography/S01008150,Harestanes - 02,"","","","","","","","","","","","",15.38,8.33,0,5.88,12.5,13.33
http://statistics.gov.scot/id/statistical-geography/S01008151,Harestanes - 03,"","","","","","","","","","","","",14.29,16.67,22.22,20,0,12.5
http://statistics.gov.scot/id/statistical-geography/S01008152,Harestanes - 04,"","","","","","","","","","","","",0,0,0,0,12.5,11.11
http://statistics.gov.scot/id/statistical-geography/S01009023,Harris - 01,"","","","","","","","","","","","",12.5,11.11,0,0,0,0.00
http://statistics.gov.scot/id/statistical-geography/S01009024,Harris - 02,"","","","","","","","","","","","",0,0,0,0,0,0.00
http://statistics.gov.scot/id/statistical-geography/S01011439,Harthill and Salsburgh - 01,"","","","","","","","","","","","",0,9.09,7.69,18.75,11.11,16.67
http://statistics.gov.scot/id/statistical-geography/S01011440,Harthill and Salsburgh - 02,"","","","","","","","","","","","",9.09,12.5,16.67,25,16.67,14.29
http://statistics.gov.scot/id/statistical-geography/S01011441,Harthill and Salsburgh - 03,"","","","","","","","","","","","",41.18,45.45,33.33,23.08,12.5,13.33
http://statistics.gov.scot/id/statistical-geography/S01011442,Harthill and Salsburgh - 04,"","","","","","","","","","","","",15.38,18.18,11.11,0,0,20
http://statistics.gov.scot/id/statistical-geography/S01011443,Harthill and Salsburgh - 05,"","","","","","","","","","","","",0,0,0,0,0,0.00
http://statistics.gov.scot/id/statistical-geography/S01011444,Harthill and Salsburgh - 06,"","","","","","","","","","","","",27.27,25,18.18,7.69,9.09,0.00
http://statistics.gov.scot/id/statistical-geography/S01011445,Harthill and Salsburgh - 07,"","","","","","","","","","","","",16.67,7.69,6.67,0,0,0.00
http://statistics.gov.scot/id/statistical-geography/S01011446,Harthill and Salsburgh - 08,"","","","","","","","","","","","",8.33,11.11,0,0,5.56,3.85
http://statistics.gov.scot/id/statistical-geography/S01011525,Hattonrigg - 01,"","","","","","","","","","","","",14.29,12.5,0,14.29,0,0.00
http://statistics.gov.scot/id/statistical-geography/S01011526,Hattonrigg - 02,"","","","","","","","","","","","",0,0,6.25,7.69,13.33,8.33
http://statistics.gov.scot/id/statistical-geography/S01011527,Hattonrigg - 03,"","","","","","","","","","","","",9.09,10,0,0,0,0.00
http://statistics.gov.scot/id/statistical-geography/S01012360,Hawick - Burnfoot - Central,"","","","","","","","","","","","",38.46,10,14.29,7.69,9.09,0.00
http://statistics.gov.scot/id/statistical-geography/S01012362,Hawick - Burnfoot - North,"","","","","","","","","","","","",10,16.67,33.33,54.55,33.33,20
http://statistics.gov.scot/id/statistical-geography/S01012359,Hawick - Burnfoot - South East,"","","","","","","","","","","","",55.56,55.56,15.38,16.67,8.33,25
http://statistics.gov.scot/id/statistical-geography/S01012361,Hawick - Burnfoot - West,"","","","","","","","","","","","",14.29,25,22.22,25,14.29,20
http://statistics.gov.scot/id/statistical-geography/S01012370,Hawick Central - Drumlanrig,"","","","","","","","","","","","",7.14,18.18,18.18,37.5,33.33,25
http://statistics.gov.scot/id/statistical-geography/S01012365,Hawick Central - Millers Knowes,"","","","","","","","","","","","",12.5,0,0,0,0,0.00
http://statistics.gov.scot/id/statistical-geography/S01012366,Hawick Central - Town Centre,"","","","","","","","","","","","",11.11,16.67,7.14,15.38,13.33,8.33
http://statistics.gov.scot/id/statistical-geography/S01012364,Hawick Central - Trinity,"","","","","","","","","","","","",8.33,8.33,12.5,7.69,0,0.00
http://statistics.gov.scot/id/statistical-geography/S01012367,Hawick Central - Weensland,"","","","","","","","","","","","",0,0,0,0,0,0.00
http://statistics.gov.scot/id/statistical-geography/S01012363,Hawick Central - Wellogate,"","","","","","","","","","","","",14.29,15,9.09,13.33,9.09,0.00
http://statistics.gov.scot/id/statistical-geography/S01012372,Hawick North - Commercial Road,"","","","","","","","","","","","",25,16.67,16.67,15.38,9.09,7.14
http://statistics.gov.scot/id/statistical-geography/S01012375,Hawick North - Silverbuthall,"","","","","","","","","","","","",25,22.22,0,0,0,10
http://statistics.gov.scot/id/statistical-geography/S01012374,Hawick North - Stirtches,"","","","","","","","","","","","",22.22,16.67,15.38,11.11,12.5,12.5
http://statistics.gov.scot/id/statistical-geography/S01012373,Hawick North - Wilton Hill,"","","","","","","","","","","","",16.67,13.33,18.18,10,11.11,20
http://statistics.gov.scot/id/statistical-geography/S01012371,Hawick West End - Crumhaugh,"","","","","","","","","","","","",18.75,16.67,14.29,7.69,0,6.67
http://statistics.gov.scot/id/statistical-geography/S01012369,Hawick West End - Crumhaughill and Parkdaill,"","","","","","","","","","","","",8.33,9.09,18.18,8.33,9.09,0.00
http://statistics.gov.scot/id/statistical-geography/S01012368,Hawick West End - Wilton Dean,"","","","","","","","","","","","",0,0,0,0,0,0.00
http://statistics.gov.scot/id/statistical-geography/S01009523,Hayfield North,"","","","","","","","","","","","",38.89,50,63.64,50,25,20
http://statistics.gov.scot/id/statistical-geography/S01009525,Hayfield South,"","","","","","","","","","","","",22.22,15.38,9.09,11.11,0,0.00
http://statistics.gov.scot/id/statistical-geography/S01012632,Hazelbank and Kirkfieldbank - 01,"","","","","","","","","","","","",0,0,0,0,0,0.00
http://statistics.gov.scot/id/statistical-geography/S01012633,Hazelbank and Kirkfieldbank - 02,"","","","","","","","","","","","",0,9.09,11.11,12.5,0,0.00
http://statistics.gov.scot/id/statistical-geography/S01012634,Hazelbank and Kirkfieldbank - 03,"","","","","","","","","","","","",42.86,33.33,28.57,0,0,11.11
http://statistics.gov.scot/id/statistical-geography/S01012635,Hazelbank and Kirkfieldbank - 04,"","","","","","","","","","","","",10,14.29,14.29,14.29,9.09,8.33
http://statistics.gov.scot/id/statistical-geography/S01012636,Hazelbank and Kirkfieldbank - 05,"","","","","","","","","","","","",14.29,12.5,0,0,0,0.00
http://statistics.gov.scot/id/statistical-geography/S01006547,Hazlehead - 01,"","","","","","","","","","","","",0,0,4.35,11.76,6.67,0.00
http://statistics.gov.scot/id/statistical-geography/S01006548,Hazlehead - 02,"","","","","","","","","","","","",0,0,0,0,0,0.00
http://statistics.gov.scot/id/statistical-geography/S01006549,Hazlehead - 03,"","","","","","","","","","","","",0,0,0,0,0,0.00
http://statistics.gov.scot/id/statistical-geography/S01006550,Hazlehead - 04,"","","","","","","","","","","","",0,0,0,0,0,0.00
http://statistics.gov.scot/id/statistical-geography/S01006551,Hazlehead - 05,"","","","","","","","","","","","",7.69,7.69,15.38,18.18,20,0.00
http://statistics.gov.scot/id/statistical-geography/S01006552,Hazlehead - 06,"","","","","","","","","","","","",0,0,0,7.69,7.69,8.33
http://statistics.gov.scot/id/statistical-geography/S01009067,Head of Muir and Dennyloanhead - 01,"","","","","","","","","","","","",4.76,11.76,18.18,9.09,0,0.00
http://statistics.gov.scot/id/statistical-geography/S01009068,Head of Muir and Dennyloanhead - 02,"","","","","","","","","","","","",12.5,8.33,7.14,0,7.14,10
http://statistics.gov.scot/id/statistical-geography/S01009069,Head of Muir and Dennyloanhead - 03,"","","","","","","","","","","","",0,0,0,0,0,0.00
http://statistics.gov.scot/id/statistical-geography/S01009070,Head of Muir and Dennyloanhead - 04,"","","","","","","","","","","","",0,0,0,20,22.22,18.18
http://statistics.gov.scot/id/statistical-geography/S01009305,Headwell Central,"","","","","","","","","","","","",21.43,18.18,11.11,0,6.25,6.67
http://statistics.gov.scot/id/statistical-geography/S01009302,Headwell East,"","","","","","","","","","","","",15,11.11,10,6.67,12.5,14.29
http://statistics.gov.scot/id/statistical-geography/S01009304,Headwell North,"","","","","","","","","","","","",8.33,15.38,20,21.43,8.33,0.00
http://statistics.gov.scot/id/statistical-geography/S01009306,Headwell South West,"","","","","","","","","","","","",14.29,14.29,8.33,6.67,6.45,8
http://statistics.gov.scot/id/statistical-geography/S01012512,Heathfield - 01,"","","","","","","","","","","","",8.33,16.67,20,28.57,25,0.00
http://statistics.gov.scot/id/statistical-geography/S01012513,Heathfield - 02,"","","","","","","","","","","","",0,0,0,0,0,0.00
http://statistics.gov.scot/id/statistical-geography/S01012514,Heathfield - 03,"","","","","","","","","","","","",0,0,6.25,8.33,6.25,0.00
http://statistics.gov.scot/id/statistical-geography/S01012515,Heathfield - 04,"","","","","","","","","","","","",22.22,0,14.29,11.11,14.29,0.00
http://statistics.gov.scot/id/statistical-geography/S01012516,Heathfield - 05,"","","","","","","","","","","","",33.33,33.33,33.33,0,0,16.67
http://statistics.gov.scot/id/statistical-geography/S01012517,Heathfield - 06,"","","","","","","","","","","","",9.09,8.33,7.69,9.09,8.33,0.00
http://statistics.gov.scot/id/statistical-geography/S01007622,Heathhall - 01,"","","","","","","","","","","","",0,0,0,0,0,11.11
http://statistics.gov.scot/id/statistical-geography/S01007623,Heathhall - 02,"","","","","","","","","","","","",11.11,11.11,14.29,0,0,0.00
http://statistics.gov.scot/id/statistical-geography/S01007624,Heathhall - 03,"","","","","","","","","","","","",0,0,0,0,0,0.00
http://statistics.gov.scot/id/statistical-geography/S01007625,Heathhall - 04,"","","","","","","","","","","","",0,0,0,0,0,0.00
http://statistics.gov.scot/id/statistical-geography/S01007626,Heathhall - 05,"","","","","","","","","","","","",6.67,18.18,22.22,18.18,7.14,0.00
http://statistics.gov.scot/id/statistical-geography/S01006726,Heathryfold and Middlefield - 01,"","","","","","","","","","","","",16.67,25.93,20,21.74,21.74,16.67
http://statistics.gov.scot/id/statistical-geography/S01006727,Heathryfold and Middlefield - 02,"","","","","","","","","","","","",15.79,9.52,11.11,25,38.46,43.75
http://statistics.gov.scot/id/statistical-geography/S01006728,Heathryfold and Middlefield - 03,"","","","","","","","","","","","",0,4.35,12.5,17.65,6.67,0.00
http://statistics.gov.scot/id/statistical-geography/S01006729,Heathryfold and Middlefield - 04,"","","","","","","","","","","","",60,35.29,18.18,6.25,15.38,18.75
http://statistics.gov.scot/id/statistical-geography/S01006730,Heathryfold and Middlefield - 05,"","","","","","","","","","","","",10,12.5,10,8.33,11.11,0.00
http://statistics.gov.scot/id/statistical-geography/S01006731,Heathryfold and Middlefield - 06,"","","","","","","","","","","","",50,40,33.33,8.33,0,0.00
http://statistics.gov.scot/id/statistical-geography/S01011091,"Heldon West, Fogwatt to Inchberry - 01","","","","","","","","","","","","",0,0,0,0,0,0.00
http://statistics.gov.scot/id/statistical-geography/S01011092,"Heldon West, Fogwatt to Inchberry - 02","","","","","","","","","","","","",28.57,16.67,16.67,0,0,0.00
http://statistics.gov.scot/id/statistical-geography/S01011093,"Heldon West, Fogwatt to Inchberry - 03","","","","","","","","","","","","",11.76,0,0,0,0,0.00
http://statistics.gov.scot/id/statistical-geography/S01011094,"Heldon West, Fogwatt to Inchberry - 04","","","","","","","","","","","","",0,0,9.09,7.69,6.67,0.00
http://statistics.gov.scot/id/statistical-geography/S01011095,"Heldon West, Fogwatt to Inchberry - 05","","","","","","","","","","","","",11.11,0,0,0,0,0.00
http://statistics.gov.scot/id/statistical-geography/S01007394,Helensburgh Centre - 01,"","","","","","","","","","","","",0,0,0,0,0,0.00
http://statistics.gov.scot/id/statistical-geography/S01007395,Helensburgh Centre - 02,"","","","","","","","","","","","",7.69,7.14,7.14,0,0,18.18
http://statistics.gov.scot/id/statistical-geography/S01007396,Helensburgh Centre - 03,"","","","","","","","","","","","",21.74,16.67,20,20,15.79,7.14
http://statistics.gov.scot/id/statistical-geography/S01007397,Helensburgh Centre - 04,"","","","","","","","","","","","",12.5,0,0,12.5,8.33,11.11
http://statistics.gov.scot/id/statistical-geography/S01007398,Helensburgh East - 01,"","","","","","","","","","","","",12.5,25,25,20,16.67,12.5
http://statistics.gov.scot/id/statistical-geography/S01007399,Helensburgh East - 02,"","","","","","","","","","","","",55.56,50,38.46,36.36,16.67,10
http://statistics.gov.scot/id/statistical-geography/S01007400,Helensburgh East - 03,"","","","","","","","","","","","",0,0,0,0,0,0.00
http://statistics.gov.scot/id/statistical-geography/S01007401,Helensburgh East - 04,"","","","","","","","","","","","",0,0,0,0,0,0.00
http://statistics.gov.scot/id/statistical-geography/S01007402,Helensburgh East - 05,"","","","","","","","","","","","",0,33.33,50,50,20,16.67
http://statistics.gov.scot/id/statistical-geography/S01007403,Helensburgh East - 06,"","","","","","","","","","","","",18.18,7.14,5.88,0,0,0.00
http://statistics.gov.scot/id/statistical-geography/S01007387,Helensburgh North - 01,"","","","","","","","","","","","",0,0,0,0,0,0.00
http://statistics.gov.scot/id/statistical-geography/S01007388,Helensburgh North - 02,"","","","","","","","","","","","",20,0,0,0,0,0.00
http://statistics.gov.scot/id/statistical-geography/S01007389,Helensburgh North - 03,"","","","","","","","","","","","",14.29,10.53,0,4.55,4.76,6.25
http://statistics.gov.scot/id/statistical-geography/S01007390,Helensburgh North - 04,"","","","","","","","","","","","",0,0,0,8.33,8.33,14.29
http://statistics.gov.scot/id/statistical-geography/S01007391,Helensburgh North - 05,"","","","","","","","","","","","",0,0,0,0,0,0.00
http://statistics.gov.scot/id/statistical-geography/S01007392,Helensburgh North - 06,"","","","","","","","","","","","",0,0,0,0,0,0.00
http://statistics.gov.scot/id/statistical-geography/S01007393,Helensburgh North - 07,"","","","","","","","","","","","",0,0,0,0,0,0.00
http://statistics.gov.scot/id/statistical-geography/S01007381,Helensburgh West and Rhu - 01,"","","","","","","","","","","","",0,0,0,0,0,20
http://statistics.gov.scot/id/statistical-geography/S01007382,Helensburgh West and Rhu - 02,"","","","","","","","","","","","",0,0,0,16.67,14.29,12.5
http://statistics.gov.scot/id/statistical-geography/S01007383,Helensburgh West and Rhu - 03,"","","","","","","","","","","","",0,0,0,0,0,0.00
http://statistics.gov.scot/id/statistical-geography/S01007384,Helensburgh West and Rhu - 04,"","","","","","","","","","","","",10.53,0,0,0,0,0.00
http://statistics.gov.scot/id/statistical-geography/S01007385,Helensburgh West and Rhu - 05,"","","","","","","","","","","","",11.11,0,0,0,0,0.00
http://statistics.gov.scot/id/statistical-geography/S01007386,Helensburgh West and Rhu - 06,"","","","","","","","","","","","",0,0,0,0,0,0.00
http://statistics.gov.scot/id/statistical-geography/S01012271,Heriot - Fountainhall - Stow Landward,"","","","","","","","","","","","",0,0,5.88,5,11.54,8
http://statistics.gov.scot/id/statistical-geography/S01012752,High Blantyre - 01,"","","","","","","","","","","","",18.18,0,0,8.33,9.09,11.11
http://statistics.gov.scot/id/statistical-geography/S01012753,High Blantyre - 02,"","","","","","","","","","","","",14.29,16.67,0,20,16.67,14.29
http://statistics.gov.scot/id/statistical-geography/S01012754,High Blantyre - 03,"","","","","","","","","","","","",0,0,0,0,0,0.00
http://statistics.gov.scot/id/statistical-geography/S01012755,High Blantyre - 04,"","","","","","","","","","","","",18.18,9.09,0,0,9.09,15.38
http://statistics.gov.scot/id/statistical-geography/S01012756,High Blantyre - 05,"","","","","","","","","","","","",0,0,0,0,0,0.00
http://statistics.gov.scot/id/statistical-geography/S01012757,High Blantyre - 06,"","","","","","","","","","","","",0,0,0,0,0,0.00
http://statistics.gov.scot/id/statistical-geography/S01012758,High Blantyre - 07,"","","","","","","","","","","","",0,0,0,0,0,0.00
http://statistics.gov.scot/id/statistical-geography/S01009083,High Bonnybridge and Greenhill - 01,"","","","","","","","","","","","",16.67,18.18,15.38,0,0,0.00
http://statistics.gov.scot/id/statistical-geography/S01009084,High Bonnybridge and Greenhill - 02,"","","","","","","","","","","","",16.67,0,0,0,0,0.00
http://statistics.gov.scot/id/statistical-geography/S01009085,High Bonnybridge and Greenhill - 03,"","","","","","","","","","","","",0,0,0,0,0,0.00
http://statistics.gov.scot/id/statistical-geography/S01009086,High Bonnybridge and Greenhill - 04,"","","","","","","","","","","","",0,0,14.29,18.18,22.22,0.00
http://statistics.gov.scot/id/statistical-geography/S01009087,High Bonnybridge and Greenhill - 05,"","","","","","","","","","","","",25,50,50,42.86,14.29,14.29
http://statistics.gov.scot/id/statistical-geography/S01012878,High Crosshill - 01,"","","","","","","","","","","","",6.25,3.7,3.03,3.23,0,0.00
http://statistics.gov.scot/id/statistical-geography/S01012879,High Crosshill - 02,"","","","","","","","","","","","",0,6.67,7.69,7.69,0,0.00
http://statistics.gov.scot/id/statistical-geography/S01012880,High Crosshill - 03,"","","","","","","","","","","","",0,0,0,0,0,0.00
http://statistics.gov.scot/id/statistical-geography/S01012881,High Crosshill - 04,"","","","","","","","","","","","",0,0,0,0,0,0.00
http://statistics.gov.scot/id/statistical-geography/S01009280,High Valleyfield East,"","","","","","","","","","","","",35.71,40,40,31.25,9.09,23.08
http://statistics.gov.scot/id/statistical-geography/S01009281,High Valleyfield West,"","","","","","","","","","","","",44.44,22.22,33.33,33.33,40,25
http://statistics.gov.scot/id/statistical-geography/S01013117,Highland - 01,"","","","","","","","","","","","",0,0,0,0,0,10
http://statistics.gov.scot/id/statistical-geography/S01013118,Highland - 02,"","","","","","","","","","","","",0,0,0,0,0,0.00
http://statistics.gov.scot/id/statistical-geography/S01013119,Highland - 03,"","","","","","","","","","","","",0,0,0,0,0,0.00
http://statistics.gov.scot/id/statistical-geography/S01013120,Highland - 04,"","","","","","","","","","","","",9.09,0,0,0,0,0.00
http://statistics.gov.scot/id/statistical-geography/S01013121,Highland - 05,"","","","","","","","","","","","",0,0,0,0,0,0.00
http://statistics.gov.scot/id/statistical-geography/S01009411,Hill of Beath,"","","","","","","","","","","","",14.29,10,15.38,15.38,14.29,0.00
http://statistics.gov.scot/id/statistical-geography/S01009409,Hill of Beath and Landward,"","","","","","","","","","","","",33.33,20,10,11.11,14.29,12.5
http://statistics.gov.scot/id/statistical-geography/S01009393,Hillend,"","","","","","","","","","","","",0,0,0,0,0,0.00
http://statistics.gov.scot/id/statistical-geography/S01008136,Hillhead - 01,"","","","","","","","","","","","",16.67,0,0,0,0,0.00
http://statistics.gov.scot/id/statistical-geography/S01010381,Hillhead - 01,"","","","","","","","","","","","",0,0,0,0,0,0.00
http://statistics.gov.scot/id/statistical-geography/S01008137,Hillhead - 02,"","","","","","","","","","","","",6.25,9.09,10,22.22,22.22,8.33
http://statistics.gov.scot/id/statistical-geography/S01010382,Hillhead - 02,"","","","","","","","","","","","",7.14,9.09,10,0,0,0.00
http://statistics.gov.scot/id/statistical-geography/S01008138,Hillhead - 03,"","","","","","","","","","","","",18.18,30.77,40,38.89,31.25,25
http://statistics.gov.scot/id/statistical-geography/S01010383,Hillhead - 03,"","","","","","","","","","","","",0,0,0,"",0,0.00
http://statistics.gov.scot/id/statistical-geography/S01008139,Hillhead - 04,"","","","","","","","","","","","",33.33,36.36,16.67,6.25,0,0.00
http://statistics.gov.scot/id/statistical-geography/S01010384,Hillhead - 04,"","","","","","","","","","","","",0,0,0,0,0,6.25
http://statistics.gov.scot/id/statistical-geography/S01008140,Hillhead - 05,"","","","","","","","","","","","",50,25,0,16.67,14.29,12.5
http://statistics.gov.scot/id/statistical-geography/S01010385,Hillhead - 05,"","","","","","","","","","","","",0,0,0,0,0,0.00
http://statistics.gov.scot/id/statistical-geography/S01010386,Hillhead - 06,"","","","","","","","","","","","",0,0,0,0,0,0.00
http://statistics.gov.scot/id/statistical-geography/S01010387,Hillhead - 07,"","","","","","","","","","","","",7.14,5.26,5,3.85,4.17,0.00
http://statistics.gov.scot/id/statistical-geography/S01012747,Hillhouse - 01,"","","","","","","","","","","","",18.75,18.75,15.38,9.09,20,16.67
http://statistics.gov.scot/id/statistical-geography/S01012748,Hillhouse - 02,"","","","","","","","","","","","",23.81,20,12.5,15.38,8.33,10
http://statistics.gov.scot/id/statistical-geography/S01012749,Hillhouse - 03,"","","","","","","","","","","","",31.25,15.79,10,6.25,7.69,6.67
http://statistics.gov.scot/id/statistical-geography/S01012750,Hillhouse - 04,"","","","","","","","","","","","",20,7.69,14.29,21.43,38.46,21.43
http://statistics.gov.scot/id/statistical-geography/S01012751,Hillhouse - 05,"","","","","","","","","","","","",27.78,35.71,16.67,0,10,18.18
http://statistics.gov.scot/id/statistical-geography/S01009829,Hillington - 01,"","","","","","","","","","","","",8.7,10,5.88,7.69,6.25,6.67
http://statistics.gov.scot/id/statistical-geography/S01009830,Hillington - 02,"","","","","","","","","","","","",22.22,25,23.08,6.25,7.69,7.14
http://statistics.gov.scot/id/statistical-geography/S01009831,Hillington - 03,"","","","","","","","","","","","",30,38.46,18.18,23.08,11.11,25
http://statistics.gov.scot/id/statistical-geography/S01009832,Hillington - 04,"","","","","","","","","","","","",8,7.69,10,7.14,7.14,6.67
http://statistics.gov.scot/id/statistical-geography/S01013042,Hillpark - 01,"","","","","","","","","","","","",5,12.5,15.38,6.25,0,0.00
http://statistics.gov.scot/id/statistical-geography/S01013043,Hillpark - 02,"","","","","","","","","","","","",42.86,35.71,18.18,15.38,9.09,25
http://statistics.gov.scot/id/statistical-geography/S01013044,Hillpark - 03,"","","","","","","","","","","","",23.08,33.33,7.69,0,0,0.00
http://statistics.gov.scot/id/statistical-geography/S01013045,Hillpark - 04,"","","","","","","","","","","","",7.14,7.14,0,9.09,9.09,10
http://statistics.gov.scot/id/statistical-geography/S01013046,Hillpark - 05,"","","","","","","","","","","","",25,25,33.33,25,16.67,0.00
http://statistics.gov.scot/id/statistical-geography/S01007221,Hillside - 01,"","","","","","","","","","","","",0,0,0,0,0,0.00
http://statistics.gov.scot/id/statistical-geography/S01007222,Hillside - 02,"","","","","","","","","","","","",0,0,12.5,10,11.11,0.00
http://statistics.gov.scot/id/statistical-geography/S01007223,Hillside - 03,"","","","","","","","","","","","",0,0,0,0,0,0.00
http://statistics.gov.scot/id/statistical-geography/S01007224,Hillside - 04,"","","","","","","","","","","","",0,0,0,0,0,0.00
http://statistics.gov.scot/id/statistical-geography/S01007225,Hillside - 05,"","","","","","","","","","","","",0,9.09,10,18.18,12.5,11.11
http://statistics.gov.scot/id/statistical-geography/S01008806,Hillside and Calton Hill - 01,"","","","","","","","","","","","",5.56,6.67,0,0,0,0.00
http://statistics.gov.scot/id/statistical-geography/S01008807,Hillside and Calton Hill - 02,"","","","","","","","","","","","",6.25,8.33,5.56,6.67,5.88,0.00
http://statistics.gov.scot/id/statistical-geography/S01008808,Hillside and Calton Hill - 03,"","","","","","","","","","","","",7.14,6.25,5.56,0,0,0.00
http://statistics.gov.scot/id/statistical-geography/S01008809,Hillside and Calton Hill - 04,"","","","","","","","","","","","",0,0,0,0,0,0.00
http://statistics.gov.scot/id/statistical-geography/S01008810,Hillside and Calton Hill - 05,"","","","","","","","","","","","",0,0,0,0,0,0.00
http://statistics.gov.scot/id/statistical-geography/S01008811,Hillside and Calton Hill - 06,"","","","","","","","","","","","",0,0,0,0,0,0.00
http://statistics.gov.scot/id/statistical-geography/S01008812,Hillside and Calton Hill - 07,"","","","","","","","","","","","",0,0,0,0,0,0.00
http://statistics.gov.scot/id/statistical-geography/S01007714,Hilltown - 01,"","","","","","","","","","","","",0,0,0,0,0,12.5
http://statistics.gov.scot/id/statistical-geography/S01007715,Hilltown - 02,"","","","","","","","","","","","",10,0,0,0,0,0.00
http://statistics.gov.scot/id/statistical-geography/S01007716,Hilltown - 03,"","","","","","","","","","","","",10.34,10.34,18.18,15.79,20,7.69
http://statistics.gov.scot/id/statistical-geography/S01007717,Hilltown - 04,"","","","","","","","","","","","",12.9,20,13.79,18.52,5,9.52
http://statistics.gov.scot/id/statistical-geography/S01007718,Hilltown - 05,"","","","","","","","","","","","",5.56,6.25,5.26,7.14,6.67,0.00
http://statistics.gov.scot/id/statistical-geography/S01007719,Hilltown - 06,"","","","","","","","","","","","",9.09,12.5,10.34,9.09,0,0.00
http://statistics.gov.scot/id/statistical-geography/S01011918,"Hillyland, Tulloch and Inveralmond - 01","","","","","","","","","","","","",46.15,38.46,26.67,12.5,10,28.57
http://statistics.gov.scot/id/statistical-geography/S01011919,"Hillyland, Tulloch and Inveralmond - 02","","","","","","","","","","","","",20,21.74,27.59,23.08,20,10
http://statistics.gov.scot/id/statistical-geography/S01011920,"Hillyland, Tulloch and Inveralmond - 03","","","","","","","","","","","","",14.29,25,20,11.11,0,0.00
http://statistics.gov.scot/id/statistical-geography/S01011921,"Hillyland, Tulloch and Inveralmond - 04","","","","","","","","","","","","",36.36,30,37.5,50,12.5,12.5
http://statistics.gov.scot/id/statistical-geography/S01011922,"Hillyland, Tulloch and Inveralmond - 05","","","","","","","","","","","","",9.09,17.65,18.75,20,10,18.18
http://statistics.gov.scot/id/statistical-geography/S01011923,"Hillyland, Tulloch and Inveralmond - 06","","","","","","","","","","","","",30,33.33,18.18,14.29,10.53,15
http://statistics.gov.scot/id/statistical-geography/S01011924,"Hillyland, Tulloch and Inveralmond - 07","","","","","","","","","","","","",0,0,0,14.29,20,40
http://statistics.gov.scot/id/statistical-geography/S01011925,"Hillyland, Tulloch and Inveralmond - 08","","","","","","","","","","","","",0,0,0,0,12.5,16.67
http://statistics.gov.scot/id/statistical-geography/S01006686,Hilton - 01,"","","","","","","","","","","","",4.76,5.56,5.56,7.14,6.67,0.00
http://statistics.gov.scot/id/statistical-geography/S01006687,Hilton - 02,"","","","","","","","","","","","",9.09,7.69,4.17,0,8.33,11.11
http://statistics.gov.scot/id/statistical-geography/S01006688,Hilton - 03,"","","","","","","","","","","","",22.22,15.38,20,16.67,9.09,0.00
http://statistics.gov.scot/id/statistical-geography/S01006689,Hilton - 04,"","","","","","","","","","","","",0,0,0,0,0,0.00
http://statistics.gov.scot/id/statistical-geography/S01006690,Hilton - 05,"","","","","","","","","","","","",5.26,0,0,7.69,8.33,7.69
http://statistics.gov.scot/id/statistical-geography/S01006691,Hilton - 06,"","","","","","","","","","","","",0,0,0,0,0,0.00
http://statistics.gov.scot/id/statistical-geography/S01006692,Hilton - 07,"","","","","","","","","","","","",0,0,0,8.33,0,0.00
http://statistics.gov.scot/id/statistical-geography/S01006693,Hilton - 08,"","","","","","","","","","","","",21.05,10.53,10,4.76,0,0.00
http://statistics.gov.scot/id/statistical-geography/S01012473,Holmston and Forehill - 01,"","","","","","","","","","","","",0,0,0,0,33.33,14.29
http://statistics.gov.scot/id/statistical-geography/S01012474,Holmston and Forehill - 02,"","","","","","","","","","","","",0,20,10,0,0,0.00
http://statistics.gov.scot/id/statistical-geography/S01012475,Holmston and Forehill - 03,"","","","","","","","","","","","",0,0,0,20,0,0.00
http://statistics.gov.scot/id/statistical-geography/S01012476,Holmston and Forehill - 04,"","","","","","","","","","","","",10.53,7.69,9.09,0,0,0.00
http://statistics.gov.scot/id/statistical-geography/S01012477,Holmston and Forehill - 05,"","","","","","","","","","","","",0,0,0,0,0,0.00
http://statistics.gov.scot/id/statistical-geography/S01012478,Holmston and Forehill - 06,"","","","","","","","","","","","",0,0,0,5.56,7.14,11.11
http://statistics.gov.scot/id/statistical-geography/S01012479,Holmston and Forehill - 07,"","","","","","","","","","","","",0,0,0,0,0,0.00
http://statistics.gov.scot/id/statistical-geography/S01011497,Holytown - 01,"","","","","","","","","","","","",0,0,5,6.67,5.56,0.00
http://statistics.gov.scot/id/statistical-geography/S01011498,Holytown - 02,"","","","","","","","","","","","",0,0,0,16.67,11.11,9.09
http://statistics.gov.scot/id/statistical-geography/S01011499,Holytown - 03,"","","","","","","","","","","","",0,0,0,0,0,0.00
http://statistics.gov.scot/id/statistical-geography/S01011500,Holytown - 04,"","","","","","","","","","","","",10,10,14.29,33.33,22.22,18.18
http://statistics.gov.scot/id/statistical-geography/S01011501,Holytown - 05,"","","","","","","","","","","","",22.22,33.33,50,12.5,0,0.00
http://statistics.gov.scot/id/statistical-geography/S01011502,Holytown - 06,"","","","","","","","","","","","",0,10,23.08,33.33,36.36,50
http://statistics.gov.scot/id/statistical-geography/S01011503,Holytown - 07,"","","","","","","","","","","","",30.77,27.27,12.5,0,0,14.29
http://statistics.gov.scot/id/statistical-geography/S01011504,Holytown - 08,"","","","","","","","","","","","",10,12.5,0,0,0,5.88
http://statistics.gov.scot/id/statistical-geography/S01012233,Houston North - 01,"","","","","","","","","","","","",0,0,0,0,0,0.00
http://statistics.gov.scot/id/statistical-geography/S01012234,Houston North - 02,"","","","","","","","","","","","",11.76,8.33,0,0,0,0.00
http://statistics.gov.scot/id/statistical-geography/S01012235,Houston North - 03,"","","","","","","","","","","","",0,0,0,0,0,0.00
http://statistics.gov.scot/id/statistical-geography/S01012236,Houston North - 04,"","","","","","","","","","","","",0,0,0,0,0,0.00
http://statistics.gov.scot/id/statistical-geography/S01012229,Houston South - 01,"","","","","","","","","","","","",0,0,0,0,0,0.00
http://statistics.gov.scot/id/statistical-geography/S01012230,Houston South - 02,"","","","","","","","","","","","",0,0,0,0,0,0.00
http://statistics.gov.scot/id/statistical-geography/S01012231,Houston South - 03,"","","","","","","","","","","","",12.5,0,0,0,0,0.00
http://statistics.gov.scot/id/statistical-geography/S01012232,Houston South - 04,"","","","","","","","","","","","",0,0,0,0,0,0.00
http://statistics.gov.scot/id/statistical-geography/S01013309,Howden - 01,"","","","","","","","","","","","",0,0,0,0,0,0.00
http://statistics.gov.scot/id/statistical-geography/S01013310,Howden - 02,"","","","","","","","","","","","",0,0,0,0,0,0.00
http://statistics.gov.scot/id/statistical-geography/S01013311,Howden - 03,"","","","","","","","","","","","",0,0,0,12.5,0,16.67
http://statistics.gov.scot/id/statistical-geography/S01013312,Howden - 04,"","","","","","","","","","","","",11.11,25,22.22,0,0,0.00
http://statistics.gov.scot/id/statistical-geography/S01013313,Howden - 05,"","","","","","","","","","","","",20,12.5,10,0,0,20
http://statistics.gov.scot/id/statistical-geography/S01013314,Howden - 06,"","","","","","","","","","","","",57.14,25,0,0,0,0.00
http://statistics.gov.scot/id/statistical-geography/S01006880,Howe of Alford - 01,"","","","","","","","","","","","",0,0,0,0,0,0.00
http://statistics.gov.scot/id/statistical-geography/S01006881,Howe of Alford - 02,"","","","","","","","","","","","",0,0,0,0,0,0.00
http://statistics.gov.scot/id/statistical-geography/S01006882,Howe of Alford - 03,"","","","","","","","","","","","",33.33,0,0,0,0,25
http://statistics.gov.scot/id/statistical-geography/S01006883,Howe of Alford - 04,"","","","","","","","","","","","",33.33,28.57,0,0,0,0.00
http://statistics.gov.scot/id/statistical-geography/S01006884,Howe of Alford - 05,"","","","","","","","","","","","",11.11,11.11,0,0,0,0.00
http://statistics.gov.scot/id/statistical-geography/S01006885,Howe of Alford - 06,"","","","","","","","","","","","",16.67,12.5,9.09,0,5.56,8.33
http://statistics.gov.scot/id/statistical-geography/S01006886,Howe of Alford - 07,"","","","","","","","","","","","",0,0,0,0,0,0.00
http://statistics.gov.scot/id/statistical-geography/S01006887,Howe of Alford - 08,"","","","","","","","","","","","",0,0,0,9.09,9.09,11.11
http://statistics.gov.scot/id/statistical-geography/S01006888,Howe of Alford - 09,"","","","","","","","","","","","",18.18,12.5,0,6.67,5,16.67
http://statistics.gov.scot/id/statistical-geography/S01007359,Hunter's Quay - 01,"","","","","","","","","","","","",18.18,9.09,16.67,10,0,0.00
http://statistics.gov.scot/id/statistical-geography/S01007360,Hunter's Quay - 02,"","","","","","","","","","","","",0,0,0,0,0,0.00
http://statistics.gov.scot/id/statistical-geography/S01007361,Hunter's Quay - 03,"","","","","","","","","","","","",36.36,25,14.29,11.11,0,0.00
http://statistics.gov.scot/id/statistical-geography/S01007362,Hunter's Quay - 04,"","","","","","","","","","","","",0,0,0,0,0,0.00
http://statistics.gov.scot/id/statistical-geography/S01007363,Hunter's Quay - 05,"","","","","","","","","","","","",33.33,25,20,0,20,20
http://statistics.gov.scot/id/statistical-geography/S01007364,Hunter's Quay - 06,"","","","","","","","","","","","",23.53,36.36,35.71,13.33,5.88,0.00
http://statistics.gov.scot/id/statistical-geography/S01007365,Hunter's Quay - 07,"","","","","","","","","","","","",22.22,0,0,0,0,0.00
http://statistics.gov.scot/id/statistical-geography/S01007008,Huntly - 01,"","","","","","","","","","","","",6.67,19.05,13.64,21.05,9.09,10
http://statistics.gov.scot/id/statistical-geography/S01007009,Huntly - 02,"","","","","","","","","","","","",11.11,16.67,23.08,23.53,13.33,12.5
http://statistics.gov.scot/id/statistical-geography/S01007010,Huntly - 03,"","","","","","","","","","","","",0,0,0,0,0,0.00
http://statistics.gov.scot/id/statistical-geography/S01007011,Huntly - 04,"","","","","","","","","","","","",0,0,12.5,28.57,26.67,22.22
http://statistics.gov.scot/id/statistical-geography/S01007012,Huntly - 05,"","","","","","","","","","","","",0,0,0,0,0,0.00
http://statistics.gov.scot/id/statistical-geography/S01008559,Hyvots and Gilmerton - 01,"","","","","","","","","","","","",0,0,20,0,0,0.00
http://statistics.gov.scot/id/statistical-geography/S01008560,Hyvots and Gilmerton - 02,"","","","","","","","","","","","",33.33,22.22,16.67,7.69,10,25
http://statistics.gov.scot/id/statistical-geography/S01008561,Hyvots and Gilmerton - 03,"","","","","","","","","","","","",11.11,28.57,33.33,25,14.29,0.00
http://statistics.gov.scot/id/statistical-geography/S01008562,Hyvots and Gilmerton - 04,"","","","","","","","","","","","",40,42.86,50,20,25,14.29
http://statistics.gov.scot/id/statistical-geography/S01008563,Hyvots and Gilmerton - 05,"","","","","","","","","","","","",20,33.33,50,25,25,16.67
http://statistics.gov.scot/id/statistical-geography/S01008163,IZ01 - 01,"","","","","","","","","","","","",20,14.29,14.29,16.67,25,16.67
http://statistics.gov.scot/id/statistical-geography/S01013122,IZ01 - 01,"","","","","","","","","","","","",21.43,25,28.57,16.67,16.67,25
http://statistics.gov.scot/id/statistical-geography/S01008164,IZ01 - 02,"","","","","","","","","","","","",25,100,0,0,0,0.00
http://statistics.gov.scot/id/statistical-geography/S01013123,IZ01 - 02,"","","","","","","","","","","","",9.09,6.25,5.26,0,0,0.00
http://statistics.gov.scot/id/statistical-geography/S01008165,IZ01 - 03,"","","","","","","","","","","","",0,0,0,0,0,0.00
http://statistics.gov.scot/id/statistical-geography/S01013124,IZ01 - 03,"","","","","","","","","","","","",0,0,0,0,0,0.00
http://statistics.gov.scot/id/statistical-geography/S01008166,IZ01 - 04,"","","","","","","","","","","","",25,20,0,20,0,0.00
http://statistics.gov.scot/id/statistical-geography/S01013125,IZ01 - 04,"","","","","","","","","","","","",25,14.29,20,14.29,7.69,7.14
http://statistics.gov.scot/id/statistical-geography/S01008167,IZ01 - 05,"","","","","","","","","","","","",57.14,66.67,45.45,57.14,40,25
http://statistics.gov.scot/id/statistical-geography/S01013126,IZ01 - 05,"","","","","","","","","","","","",11.11,22.22,22.22,12.5,0,0.00
http://statistics.gov.scot/id/statistical-geography/S01008168,IZ01 - 06,"","","","","","","","","","","","",14.29,8.33,9.09,0,0,0.00
http://statistics.gov.scot/id/statistical-geography/S01013127,IZ01 - 06,"","","","","","","","","","","","",10,20,21.43,26.67,18.75,26.67
http://statistics.gov.scot/id/statistical-geography/S01008169,IZ01 - 07,"","","","","","","","","","","","",42.86,22.22,20,15.38,11.11,0.00
http://statistics.gov.scot/id/statistical-geography/S01008170,IZ02 - 01,"","","","","","","","","","","","",0,0,0,0,0,0.00
http://statistics.gov.scot/id/statistical-geography/S01013128,IZ02 - 01,"","","","","","","","","","","","",0,14.29,16.67,20,0,0.00
http://statistics.gov.scot/id/statistical-geography/S01008171,IZ02 - 02,"","","","","","","","","","","","",0,11.11,9.09,12.5,0,0.00
http://statistics.gov.scot/id/statistical-geography/S01013129,IZ02 - 02,"","","","","","","","","","","","",4.17,0,4.55,4.55,6.25,0.00
http://statistics.gov.scot/id/statistical-geography/S01008172,IZ02 - 03,"","","","","","","","","","","","",0,0,0,0,0,0.00
http://statistics.gov.scot/id/statistical-geography/S01013130,IZ02 - 03,"","","","","","","","","","","","",11.11,13.33,17.65,18.75,16.67,11.11
http://statistics.gov.scot/id/statistical-geography/S01008173,IZ02 - 04,"","","","","","","","","","","","",0,0,"",66.67,40,33.33
http://statistics.gov.scot/id/statistical-geography/S01013131,IZ02 - 04,"","","","","","","","","","","","",9.09,10,7.69,7.14,0,8.33
http://statistics.gov.scot/id/statistical-geography/S01008174,IZ02 - 05,"","","","","","","","","","","","",14.29,0,0,0,0,0.00
http://statistics.gov.scot/id/statistical-geography/S01013132,IZ02 - 05,"","","","","","","","","","","","",18.18,20,11.11,14.29,11.11,14.29
http://statistics.gov.scot/id/statistical-geography/S01008175,IZ02 - 06,"","","","","","","","","","","","",0,0,0,0,0,0.00
http://statistics.gov.scot/id/statistical-geography/S01013133,IZ02 - 06,"","","","","","","","","","","","",13.33,11.11,15,12.5,18.75,15.38
http://statistics.gov.scot/id/statistical-geography/S01008176,IZ02 - 07,"","","","","","","","","","","","",20,25,12.5,0,0,0.00
http://statistics.gov.scot/id/statistical-geography/S01008177,IZ03 - 01,"","","","","","","","","","","","",0,0,6.25,0,0,12.5
http://statistics.gov.scot/id/statistical-geography/S01013134,IZ03 - 01,"","","","","","","","","","","","",0,0,0,0,0,0.00
http://statistics.gov.scot/id/statistical-geography/S01008178,IZ03 - 02,"","","","","","","","","","","","",0,0,0,0,0,0.00
http://statistics.gov.scot/id/statistical-geography/S01013135,IZ03 - 02,"","","","","","","","","","","","",30,27.27,13.33,0,0,0.00
http://statistics.gov.scot/id/statistical-geography/S01013136,IZ03 - 03,"","","","","","","","","","","","",0,25,16.67,11.76,5.88,14.29
http://statistics.gov.scot/id/statistical-geography/S01008179,IZ03 - 03,"","","","","","","","","","","","",0,0,0,0,0,0.00
http://statistics.gov.scot/id/statistical-geography/S01008180,IZ03 - 04,"","","","","","","","","","","","",20,0,0,0,0,0.00
http://statistics.gov.scot/id/statistical-geography/S01013137,IZ03 - 04,"","","","","","","","","","","","",0,0,0,0,0,0.00
http://statistics.gov.scot/id/statistical-geography/S01008181,IZ03 - 05,"","","","","","","","","","","","",0,0,0,0,0,0.00
http://statistics.gov.scot/id/statistical-geography/S01013138,IZ03 - 05,"","","","","","","","","","","","",11.11,11.11,13.33,11.11,21.05,16.67
http://statistics.gov.scot/id/statistical-geography/S01013139,IZ03 - 06,"","","","","","","","","","","","",50,44.44,35.29,15.38,8.33,20
http://statistics.gov.scot/id/statistical-geography/S01013140,IZ03 - 07,"","","","","","","","","","","","",0,11.11,18.18,20,8.33,10
http://statistics.gov.scot/id/statistical-geography/S01008182,IZ04 - 01,"","","","","","","","","","","","",0,0,5.88,0,0,0.00
http://statistics.gov.scot/id/statistical-geography/S01013141,IZ04 - 01,"","","","","","","","","","","","",28.57,16.67,14.29,0,0,0.00
http://statistics.gov.scot/id/statistical-geography/S01008183,IZ04 - 02,"","","","","","","","","","","","",10,9.09,0,0,0,0.00
http://statistics.gov.scot/id/statistical-geography/S01013142,IZ04 - 02,"","","","","","","","","","","","",23.08,23.08,22.22,22.22,16.67,22.22
http://statistics.gov.scot/id/statistical-geography/S01008184,IZ04 - 03,"","","","","","","","","","","","",0,0,0,8.33,8.33,10
http://statistics.gov.scot/id/statistical-geography/S01013143,IZ04 - 03,"","","","","","","","","","","","",11.76,12.5,13.33,8.33,0,0.00
http://statistics.gov.scot/id/statistical-geography/S01008185,IZ04 - 04,"","","","","","","","","","","","",11.76,0,0,0,0,0.00
http://statistics.gov.scot/id/statistical-geography/S01013144,IZ04 - 04,"","","","","","","","","","","","",7.69,6.25,8.33,0,10,11.11
http://statistics.gov.scot/id/statistical-geography/S01008186,IZ04 - 05,"","","","","","","","","","","","",0,0,11.11,14.29,15.38,8.33
http://statistics.gov.scot/id/statistical-geography/S01013145,IZ04 - 05,"","","","","","","","","","","","",16.67,0,0,0,0,0.00
http://statistics.gov.scot/id/statistical-geography/S01008187,IZ04 - 06,"","","","","","","","","","","","",0,16.67,14.29,0,0,20
http://statistics.gov.scot/id/statistical-geography/S01013146,IZ04 - 06,"","","","","","","","","","","","",0,0,0,0,0,0.00
http://statistics.gov.scot/id/statistical-geography/S01008188,IZ05 - 01,"","","","","","","","","","","","",18.18,21.43,25,21.43,15.38,7.69
http://statistics.gov.scot/id/statistical-geography/S01013147,IZ05 - 01,"","","","","","","","","","","","",0,12.5,16.67,13.33,8.33,0.00
http://statistics.gov.scot/id/statistical-geography/S01008189,IZ05 - 02,"","","","","","","","","","","","",0,25,25,33.33,0,0.00
http://statistics.gov.scot/id/statistical-geography/S01013148,IZ05 - 02,"","","","","","","","","","","","",5.88,7.14,7.69,0,0,0.00
http://statistics.gov.scot/id/statistical-geography/S01008190,IZ05 - 03,"","","","","","","","","","","","",0,0,16.67,0,0,20
http://statistics.gov.scot/id/statistical-geography/S01013149,IZ05 - 03,"","","","","","","","","","","","",0,0,0,0,0,0.00
http://statistics.gov.scot/id/statistical-geography/S01008191,IZ05 - 04,"","","","","","","","","","","","",25,33.33,12.5,7.69,0,0.00
http://statistics.gov.scot/id/statistical-geography/S01013150,IZ05 - 04,"","","","","","","","","","","","",16.67,11.11,0,6.25,6.25,15.38
http://statistics.gov.scot/id/statistical-geography/S01008192,IZ05 - 05,"","","","","","","","","","","","",25,40,33.33,0,0,0.00
http://statistics.gov.scot/id/statistical-geography/S01013151,IZ05 - 05,"","","","","","","","","","","","",22.22,10,20,16.67,0,0.00
http://statistics.gov.scot/id/statistical-geography/S01008193,IZ05 - 06,"","","","","","","","","","","","",14.29,25,18.18,12.5,9.09,22.22
http://statistics.gov.scot/id/statistical-geography/S01008194,IZ06 - 01,"","","","","","","","","","","","",33.33,0,20,0,7.14,18.75
http://statistics.gov.scot/id/statistical-geography/S01013152,IZ06 - 01,"","","","","","","","","","","","",14.29,12.5,16.67,14.29,0,0.00
http://statistics.gov.scot/id/statistical-geography/S01008195,IZ06 - 02,"","","","","","","","","","","","",20,22.22,28.57,0,10,8.33
http://statistics.gov.scot/id/statistical-geography/S01013153,IZ06 - 02,"","","","","","","","","","","","",33.33,31.25,27.27,25,36.36,28.57
http://statistics.gov.scot/id/statistical-geography/S01008196,IZ06 - 03,"","","","","","","","","","","","",27.27,27.27,14.29,0,7.14,8.33
http://statistics.gov.scot/id/statistical-geography/S01013154,IZ06 - 03,"","","","","","","","","","","","",26.67,37.5,45.45,36.36,14.29,15.79
http://statistics.gov.scot/id/statistical-geography/S01013155,IZ06 - 04,"","","","","","","","","","","","",30.43,21.05,18.18,23.81,23.53,21.43
http://statistics.gov.scot/id/statistical-geography/S01013156,IZ06 - 05,"","","","","","","","","","","","",25,11.11,23.08,23.08,44.44,20
http://statistics.gov.scot/id/statistical-geography/S01013157,IZ06 - 06,"","","","","","","","","","","","",12.5,0,0,0,8.33,11.11
http://statistics.gov.scot/id/statistical-geography/S01008197,IZ07 - 01,"","","","","","","","","","","","",9.09,6.25,4,0,3.57,3.45
http://statistics.gov.scot/id/statistical-geography/S01013158,IZ07 - 01,"","","","","","","","","","","","",0,0,0,0,0,0.00
http://statistics.gov.scot/id/statistical-geography/S01008198,IZ07 - 02,"","","","","","","","","","","","",33.33,20,33.33,0,0,0.00
http://statistics.gov.scot/id/statistical-geography/S01013159,IZ07 - 02,"","","","","","","","","","","","",0,0,0,0,0,0.00
http://statistics.gov.scot/id/statistical-geography/S01013160,IZ07 - 03,"","","","","","","","","","","","",33.33,25,25,33.33,50,0.00
http://statistics.gov.scot/id/statistical-geography/S01008199,IZ07 - 03,"","","","","","","","","","","","",33.33,33.33,0,0,33.33,50
http://statistics.gov.scot/id/statistical-geography/S01013161,IZ07 - 04,"","","","","","","","","","","","",4.55,5,8.33,5.26,0,5
http://statistics.gov.scot/id/statistical-geography/S01008200,IZ07 - 04,"","","","","","","","","","","","",12.5,0,20,33.33,40,50
http://statistics.gov.scot/id/statistical-geography/S01008201,IZ07 - 05,"","","","","","","","","","","","",20,25,20,0,0,14.29
http://statistics.gov.scot/id/statistical-geography/S01013162,IZ07 - 05,"","","","","","","","","","","","",12.5,20,20,0,0,0.00
http://statistics.gov.scot/id/statistical-geography/S01008202,IZ07 - 06,"","","","","","","","","","","","",0,0,0,0,14.29,16.67
http://statistics.gov.scot/id/statistical-geography/S01013163,IZ07 - 06,"","","","","","","","","","","","",0,0,0,14.29,16.67,20
http://statistics.gov.scot/id/statistical-geography/S01008203,IZ07 - 07,"","","","","","","","","","","","",40,50,40,22.22,14.29,10
http://statistics.gov.scot/id/statistical-geography/S01008204,IZ08 - 01,"","","","","","","","","","","","",16.67,0,0,12.5,0,0.00
http://statistics.gov.scot/id/statistical-geography/S01013164,IZ08 - 01,"","","","","","","","","","","","",16.67,22.22,33.33,14.29,0,0.00
http://statistics.gov.scot/id/statistical-geography/S01008205,IZ08 - 02,"","","","","","","","","","","","",11.11,0,0,14.29,0,0.00
http://statistics.gov.scot/id/statistical-geography/S01013165,IZ08 - 02,"","","","","","","","","","","","",22.22,14.29,0,0,0,14.29
http://statistics.gov.scot/id/statistical-geography/S01008206,IZ08 - 03,"","","","","","","","","","","","",33.33,33.33,33.33,0,0,0.00
http://statistics.gov.scot/id/statistical-geography/S01013166,IZ08 - 03,"","","","","","","","","","","","",38.89,23.53,17.65,12.5,16.67,25
http://statistics.gov.scot/id/statistical-geography/S01008207,IZ08 - 04,"","","","","","","","","","","","",0,0,20,50,33.33,50
http://statistics.gov.scot/id/statistical-geography/S01013167,IZ08 - 04,"","","","","","","","","","","","",25,12.5,13.64,9.09,5.88,25
http://statistics.gov.scot/id/statistical-geography/S01008208,IZ08 - 05,"","","","","","","","","","","","",0,0,12.5,26.67,15.38,18.18
http://statistics.gov.scot/id/statistical-geography/S01013168,IZ08 - 05,"","","","","","","","","","","","",27.27,10,10,22.22,28.57,42.86
http://statistics.gov.scot/id/statistical-geography/S01008209,IZ08 - 06,"","","","","","","","","","","","",0,0,0,0,0,0.00
http://statistics.gov.scot/id/statistical-geography/S01013169,IZ08 - 06,"","","","","","","","","","","","",0,0,0,0,0,0.00
http://statistics.gov.scot/id/statistical-geography/S01013170,IZ08 - 07,"","","","","","","","","","","","",12.5,8.33,0,0,0,0.00
http://statistics.gov.scot/id/statistical-geography/S01008210,IZ09 - 01,"","","","","","","","","","","","",14.29,20,14.29,22.22,25,16.67
http://statistics.gov.scot/id/statistical-geography/S01013171,IZ09 - 01,"","","","","","","","","","","","",12.5,11.11,0,0,0,10
http://statistics.gov.scot/id/statistical-geography/S01008211,IZ09 - 02,"","","","","","","","","","","","",10,0,0,0,0,0.00
http://statistics.gov.scot/id/statistical-geography/S01013172,IZ09 - 02,"","","","","","","","","","","","",0,10,9.09,10,0,0.00
http://statistics.gov.scot/id/statistical-geography/S01008212,IZ09 - 03,"","","","","","","","","","","","",0,0,0,0,0,0.00
http://statistics.gov.scot/id/statistical-geography/S01013173,IZ09 - 03,"","","","","","","","","","","","",33.33,14.29,12.5,8.33,9.09,0.00
http://statistics.gov.scot/id/statistical-geography/S01008213,IZ09 - 04,"","","","","","","","","","","","",66.67,0,0,0,0,20
http://statistics.gov.scot/id/statistical-geography/S01013174,IZ09 - 04,"","","","","","","","","","","","",0,10,16.67,22.22,14.29,0.00
http://statistics.gov.scot/id/statistical-geography/S01008214,IZ09 - 05,"","","","","","","","","","","","",0,0,0,0,0,0.00
http://statistics.gov.scot/id/statistical-geography/S01013175,IZ09 - 05,"","","","","","","","","","","","",7.14,0,0,0,0,0.00
http://statistics.gov.scot/id/statistical-geography/S01008215,IZ09 - 06,"","","","","","","","","","","","",0,0,0,0,0,0.00
http://statistics.gov.scot/id/statistical-geography/S01013176,IZ09 - 06,"","","","","","","","","","","","",12.5,14.29,13.33,8.33,8.33,0.00
http://statistics.gov.scot/id/statistical-geography/S01008216,IZ09 - 07,"","","","","","","","","","","","",0,0,0,0,0,0.00
http://statistics.gov.scot/id/statistical-geography/S01013177,IZ09 - 07,"","","","","","","","","","","","",0,7.69,9.09,18.18,10,14.29
http://statistics.gov.scot/id/statistical-geography/S01008217,IZ09 - 08,"","","","","","","","","","","","",0,0,0,0,0,0.00
http://statistics.gov.scot/id/statistical-geography/S01008218,IZ10 - 01,"","","","","","","","","","","","",0,18.18,11.76,10,0,0.00
http://statistics.gov.scot/id/statistical-geography/S01013178,IZ10 - 01,"","","","","","","","","","","","",7.69,5.88,15.38,7.69,9.09,0.00
http://statistics.gov.scot/id/statistical-geography/S01008219,IZ10 - 02,"","","","","","","","","","","","",0,0,0,28.57,22.22,25
http://statistics.gov.scot/id/statistical-geography/S01013179,IZ10 - 02,"","","","","","","","","","","","",0,0,6.67,6.67,6.67,7.69
http://statistics.gov.scot/id/statistical-geography/S01013180,IZ10 - 03,"","","","","","","","","","","","",0,0,0,0,0,0.00
http://statistics.gov.scot/id/statistical-geography/S01008220,IZ10 - 03,"","","","","","","","","","","","",16.67,25,20,14.29,30,25
http://statistics.gov.scot/id/statistical-geography/S01008221,IZ10 - 04,"","","","","","","","","","","","",33.33,33.33,28.57,18.18,15.38,23.53
http://statistics.gov.scot/id/statistical-geography/S01013181,IZ10 - 04,"","","","","","","","","","","","",20,20,0,0,0,0.00
http://statistics.gov.scot/id/statistical-geography/S01013182,IZ10 - 05,"","","","","","","","","","","","",14.29,0,0,10,12.5,14.29
http://statistics.gov.scot/id/statistical-geography/S01008222,IZ10 - 05,"","","","","","","","","","","","",33.33,66.67,66.67,33.33,25,20
http://statistics.gov.scot/id/statistical-geography/S01008223,IZ10 - 06,"","","","","","","","","","","","",0,0,0,20,20,0.00
http://statistics.gov.scot/id/statistical-geography/S01013183,IZ10 - 06,"","","","","","","","","","","","",11.11,10,0,0,0,0.00
http://statistics.gov.scot/id/statistical-geography/S01008224,IZ10 - 07,"","","","","","","","","","","","",16.67,20,7.14,14.29,9.09,12.5
http://statistics.gov.scot/id/statistical-geography/S01008225,IZ10 - 08,"","","","","","","","","","","","",0,0,0,0,0,0.00
http://statistics.gov.scot/id/statistical-geography/S01008226,IZ11 - 01,"","","","","","","","","","","","",22.22,40,16.67,0,0,22.22
http://statistics.gov.scot/id/statistical-geography/S01013184,IZ11 - 01,"","","","","","","","","","","","",11.11,21.43,18.75,17.65,9.09,10
http://statistics.gov.scot/id/statistical-geography/S01008227,IZ11 - 02,"","","","","","","","","","","","",16.67,12.5,0,0,0,9.09
http://statistics.gov.scot/id/statistical-geography/S01013185,IZ11 - 02,"","","","","","","","","","","","",18.18,33.33,36.36,28.57,15.38,15.38
http://statistics.gov.scot/id/statistical-geography/S01008228,IZ11 - 03,"","","","","","","","","","","","",0,0,0,0,0,0.00
http://statistics.gov.scot/id/statistical-geography/S01013186,IZ11 - 03,"","","","","","","","","","","","",0,25,27.27,28.57,20,14.29
http://statistics.gov.scot/id/statistical-geography/S01013187,IZ11 - 04,"","","","","","","","","","","","",8.33,12.5,0,0,0,6.67
http://statistics.gov.scot/id/statistical-geography/S01008229,IZ11 - 04,"","","","","","","","","","","","",50,0,0,11.11,9.09,14.29
http://statistics.gov.scot/id/statistical-geography/S01008230,IZ11 - 05,"","","","","","","","","","","","",0,0,12.5,10,14.29,0.00
http://statistics.gov.scot/id/statistical-geography/S01013188,IZ11 - 05,"","","","","","","","","","","","",22.22,10,10,0,0,0.00
http://statistics.gov.scot/id/statistical-geography/S01008231,IZ11 - 06,"","","","","","","","","","","","","",25,16.67,28.57,11.11,12.5
http://statistics.gov.scot/id/statistical-geography/S01013189,IZ11 - 06,"","","","","","","","","","","","",0,0,0,0,0,0.00
http://statistics.gov.scot/id/statistical-geography/S01008232,IZ11 - 07,"","","","","","","","","","","","",25,16.67,7.14,11.76,16.67,25
http://statistics.gov.scot/id/statistical-geography/S01013190,IZ11 - 07,"","","","","","","","","","","","",0,10,11.11,7.14,0,0.00
http://statistics.gov.scot/id/statistical-geography/S01008233,IZ11 - 08,"","","","","","","","","","","","",0,0,0,0,0,0.00
http://statistics.gov.scot/id/statistical-geography/S01008234,IZ12 - 01,"","","","","","","","","","","","",16.67,0,0,0,0,0.00
http://statistics.gov.scot/id/statistical-geography/S01013191,IZ12 - 01,"","","","","","","","","","","","",0,0,0,0,0,4.35
http://statistics.gov.scot/id/statistical-geography/S01008235,IZ12 - 02,"","","","","","","","","","","","",16.67,25,25,16.67,16.67,33.33
http://statistics.gov.scot/id/statistical-geography/S01013192,IZ12 - 02,"","","","","","","","","","","","",7.14,10,0,0,0,0.00
http://statistics.gov.scot/id/statistical-geography/S01008236,IZ12 - 03,"","","","","","","","","","","","",42.86,20,20,14.29,25,12.5
http://statistics.gov.scot/id/statistical-geography/S01013193,IZ12 - 03,"","","","","","","","","","","","",0,0,0,7.14,6.67,8.33
http://statistics.gov.scot/id/statistical-geography/S01008237,IZ12 - 04,"","","","","","","","","","","","",0,0,0,0,12.5,27.27
http://statistics.gov.scot/id/statistical-geography/S01013194,IZ12 - 04,"","","","","","","","","","","","",0,0,0,0,0,0.00
http://statistics.gov.scot/id/statistical-geography/S01013195,IZ12 - 05,"","","","","","","","","","","","",4,4.17,3.7,4.76,5.56,0.00
http://statistics.gov.scot/id/statistical-geography/S01013196,IZ12 - 06,"","","","","","","","","","","","",5.88,7.14,11.11,0,0,0.00
http://statistics.gov.scot/id/statistical-geography/S01013197,IZ12 - 07,"","","","","","","","","","","","",0,0,0,0,0,0.00
http://statistics.gov.scot/id/statistical-geography/S01013198,IZ12 - 08,"","","","","","","","","","","","",5.88,4,5.56,2.86,3.33,0.00
http://statistics.gov.scot/id/statistical-geography/S01008238,IZ13 - 01,"","","","","","","","","","","","",0,20,20,20,0,0.00
http://statistics.gov.scot/id/statistical-geography/S01013199,IZ13 - 01,"","","","","","","","","","","","",0,0,0,0,8.33,6.25
http://statistics.gov.scot/id/statistical-geography/S01008239,IZ13 - 02,"","","","","","","","","","","","","",0,0,22.22,14.29,16.67
http://statistics.gov.scot/id/statistical-geography/S01013200,IZ13 - 02,"","","","","","","","","","","","",33.33,28.57,0,0,20,17.65
http://statistics.gov.scot/id/statistical-geography/S01008240,IZ13 - 03,"","","","","","","","","","","","",0,0,0,0,0,0.00
http://statistics.gov.scot/id/statistical-geography/S01013201,IZ13 - 03,"","","","","","","","","","","","",0,7.69,5.56,5.88,0,0.00
http://statistics.gov.scot/id/statistical-geography/S01008241,IZ13 - 04,"","","","","","","","","","","","",20,25,20,0,0,0.00
http://statistics.gov.scot/id/statistical-geography/S01013202,IZ13 - 04,"","","","","","","","","","","","",33.33,57.14,33.33,0,0,0.00
http://statistics.gov.scot/id/statistical-geography/S01008242,IZ13 - 05,"","","","","","","","","","","","",0,0,0,0,0,0.00
http://statistics.gov.scot/id/statistical-geography/S01013203,IZ13 - 05,"","","","","","","","","","","","",20,10,0,0,0,0.00
http://statistics.gov.scot/id/statistical-geography/S01008243,IZ13 - 06,"","","","","","","","","","","","",0,0,0,0,0,0.00
http://statistics.gov.scot/id/statistical-geography/S01013204,IZ13 - 06,"","","","","","","","","","","","",8.33,7.69,0,0,0,0.00
http://statistics.gov.scot/id/statistical-geography/S01013205,IZ13 - 07,"","","","","","","","","","","","",20,20,33.33,42.86,42.86,14.29
http://statistics.gov.scot/id/statistical-geography/S01008244,IZ13 - 07,"","","","","","","","","","","","","","",0,"",0,0.00
http://statistics.gov.scot/id/statistical-geography/S01013206,IZ13 - 08,"","","","","","","","","","","","",0,0,0,0,0,0.00
http://statistics.gov.scot/id/statistical-geography/S01008245,IZ14 - 01,"","","","","","","","","","","","",0,0,0,0,0,0.00
http://statistics.gov.scot/id/statistical-geography/S01013207,IZ14 - 01,"","","","","","","","","","","","",0,6.67,6.67,7.14,9.09,8.33
http://statistics.gov.scot/id/statistical-geography/S01008246,IZ14 - 02,"","","","","","","","","","","","",0,0,0,0,0,0.00
http://statistics.gov.scot/id/statistical-geography/S01013208,IZ14 - 02,"","","","","","","","","","","","",36.36,13.33,11.11,12.5,20,30
http://statistics.gov.scot/id/statistical-geography/S01008247,IZ14 - 03,"","","","","","","","","","","","",0,0,0,0,0,0.00
http://statistics.gov.scot/id/statistical-geography/S01013209,IZ14 - 03,"","","","","","","","","","","","",37.5,20,14.29,8.33,12.5,5.56
http://statistics.gov.scot/id/statistical-geography/S01008248,IZ14 - 04,"","","","","","","","","","","","",0,0,0,0,0,0.00
http://statistics.gov.scot/id/statistical-geography/S01013210,IZ14 - 04,"","","","","","","","","","","","",0,0,0,0,0,0.00
http://statistics.gov.scot/id/statistical-geography/S01008249,IZ14 - 05,"","","","","","","","","","","","",0,0,0,0,0,0.00
http://statistics.gov.scot/id/statistical-geography/S01013211,IZ14 - 05,"","","","","","","","","","","","",6.25,7.14,16.67,25,16.67,10
http://statistics.gov.scot/id/statistical-geography/S01008250,IZ14 - 06,"","","","","","","","","","","","",0,0,14.29,0,0,0.00
http://statistics.gov.scot/id/statistical-geography/S01013212,IZ14 - 06,"","","","","","","","","","","","",0,0,0,0,0,0.00
http://statistics.gov.scot/id/statistical-geography/S01013213,IZ14 - 07,"","","","","","","","","","","","",0,20,25,20,0,0.00
http://statistics.gov.scot/id/statistical-geography/S01008251,IZ15 - 01,"","","","","","","","","","","","","","",0,0,0,0.00
http://statistics.gov.scot/id/statistical-geography/S01013214,IZ15 - 01,"","","","","","","","","","","","",0,0,0,0,0,0.00
http://statistics.gov.scot/id/statistical-geography/S01008252,IZ15 - 02,"","","","","","","","","","","","",0,0,0,0,0,0.00
http://statistics.gov.scot/id/statistical-geography/S01013215,IZ15 - 02,"","","","","","","","","","","","",0,0,0,4.76,9.09,7.14
http://statistics.gov.scot/id/statistical-geography/S01008253,IZ15 - 03,"","","","","","","","","","","","",16.67,0,0,0,0,0.00
http://statistics.gov.scot/id/statistical-geography/S01013216,IZ15 - 03,"","","","","","","","","","","","",0,0,0,0,12.5,20
http://statistics.gov.scot/id/statistical-geography/S01008254,IZ15 - 04,"","","","","","","","","","","","",0,0,0,25,28.57,27.27
http://statistics.gov.scot/id/statistical-geography/S01013217,IZ15 - 04,"","","","","","","","","","","","",0,0,0,18.18,13.33,26.67
http://statistics.gov.scot/id/statistical-geography/S01008255,IZ15 - 05,"","","","","","","","","","","","",20,66.67,50,40,20,40
http://statistics.gov.scot/id/statistical-geography/S01013218,IZ15 - 05,"","","","","","","","","","","","",38.46,35.71,28.57,14.29,16.67,16.67
http://statistics.gov.scot/id/statistical-geography/S01013219,IZ15 - 06,"","","","","","","","","","","","",10,0,0,0,16.67,16.67
http://statistics.gov.scot/id/statistical-geography/S01013220,IZ15 - 07,"","","","","","","","","","","","",10,20,16.67,50,50,44.44
http://statistics.gov.scot/id/statistical-geography/S01013221,IZ15 - 08,"","","","","","","","","","","","",17.65,6.67,13.33,7.69,25,18.18
http://statistics.gov.scot/id/statistical-geography/S01013222,IZ15 - 09,"","","","","","","","","","","","",0,0,11.11,16.67,8.33,0.00
http://statistics.gov.scot/id/statistical-geography/S01008256,IZ16 - 01,"","","","","","","","","","","","",27.27,25,27.27,8.33,9.09,0.00
http://statistics.gov.scot/id/statistical-geography/S01013223,IZ16 - 01,"","","","","","","","","","","","",9.52,8.7,4.76,8.7,9.38,9.68
http://statistics.gov.scot/id/statistical-geography/S01008257,IZ16 - 02,"","","","","","","","","","","","",0,0,0,0,0,0.00
http://statistics.gov.scot/id/statistical-geography/S01013224,IZ16 - 02,"","","","","","","","","","","","",6.67,15.38,25,40,20,16.67
http://statistics.gov.scot/id/statistical-geography/S01008258,IZ16 - 03,"","","","","","","","","","","","",20,0,0,0,25,14.29
http://statistics.gov.scot/id/statistical-geography/S01013225,IZ16 - 03,"","","","","","","","","","","","",14.29,30,25,14.29,0,0.00
http://statistics.gov.scot/id/statistical-geography/S01008259,IZ16 - 04,"","","","","","","","","","","","",0,50,33.33,14.29,20,28.57
http://statistics.gov.scot/id/statistical-geography/S01013226,IZ16 - 04,"","","","","","","","","","","","",0,0,0,0,0,0.00
http://statistics.gov.scot/id/statistical-geography/S01008260,IZ16 - 05,"","","","","","","","","","","","",37.5,42.86,37.5,14.29,12.5,14.29
http://statistics.gov.scot/id/statistical-geography/S01013227,IZ16 - 05,"","","","","","","","","","","","",21.43,26.67,31.25,26.67,23.08,18.18
http://statistics.gov.scot/id/statistical-geography/S01008261,IZ16 - 06,"","","","","","","","","","","","",0,0,40,28.57,25,16.67
http://statistics.gov.scot/id/statistical-geography/S01008262,IZ17 - 01,"","","","","","","","","","","","",33.33,33.33,0,0,0,0.00
http://statistics.gov.scot/id/statistical-geography/S01013228,IZ17 - 01,"","","","","","","","","","","","",22.22,18.75,10,12.5,0,0.00
http://statistics.gov.scot/id/statistical-geography/S01008263,IZ17 - 02,"","","","","","","","","","","","",0,0,0,0,0,0.00
http://statistics.gov.scot/id/statistical-geography/S01013229,IZ17 - 02,"","","","","","","","","","","","",27.27,0,10,14.29,13.33,15.38
http://statistics.gov.scot/id/statistical-geography/S01008264,IZ17 - 03,"","","","","","","","","","","","",0,0,0,0,33.33,0.00
http://statistics.gov.scot/id/statistical-geography/S01013230,IZ17 - 03,"","","","","","","","","","","","",25,0,0,0,0,0.00
http://statistics.gov.scot/id/statistical-geography/S01008265,IZ17 - 04,"","","","","","","","","","","","",0,"",0,0,0,0.00
http://statistics.gov.scot/id/statistical-geography/S01013231,IZ17 - 04,"","","","","","","","","","","","",28.57,28.57,25,20,0,0.00
http://statistics.gov.scot/id/statistical-geography/S01013232,IZ17 - 05,"","","","","","","","","","","","",0,0,0,14.29,28.57,28.57
http://statistics.gov.scot/id/statistical-geography/S01008266,IZ17 - 05,"","","","","","","","","","","","",0,0,"","","",""
http://statistics.gov.scot/id/statistical-geography/S01008267,IZ17 - 06,"","","","","","","","","","","","",0,20,40,40,20,0.00
http://statistics.gov.scot/id/statistical-geography/S01013233,IZ17 - 06,"","","","","","","","","","","","",0,0,0,0,0,0.00
http://statistics.gov.scot/id/statistical-geography/S01013234,IZ17 - 07,"","","","","","","","","","","","",0,0,0,0,0,0.00
http://statistics.gov.scot/id/statistical-geography/S01013235,IZ17 - 08,"","","","","","","","","","","","",7.14,0,6.25,12.5,8.33,0.00
http://statistics.gov.scot/id/statistical-geography/S01013236,IZ17 - 09,"","","","","","","","","","","","",0,0,0,0,20,16.67
http://statistics.gov.scot/id/statistical-geography/S01008268,IZ18 - 01,"","","","","","","","","","","","",0,0,0,0,0,0.00
http://statistics.gov.scot/id/statistical-geography/S01013237,IZ18 - 01,"","","","","","","","","","","","",7.14,16.67,10,8.33,0,0.00
http://statistics.gov.scot/id/statistical-geography/S01008269,IZ18 - 02,"","","","","","","","","","","","",0,0,0,0,"",0.00
http://statistics.gov.scot/id/statistical-geography/S01013238,IZ18 - 02,"","","","","","","","","","","","",23.08,23.08,28.57,20,10,8.33
http://statistics.gov.scot/id/statistical-geography/S01008270,IZ18 - 03,"","","","","","","","","","","","",0,0,0,0,0,0.00
http://statistics.gov.scot/id/statistical-geography/S01013239,IZ18 - 03,"","","","","","","","","","","","",12.5,22.22,6.25,10,9.09,11.76
http://statistics.gov.scot/id/statistical-geography/S01008271,IZ18 - 04,"","","","","","","","","","","","",0,0,11.11,20,50,0.00
http://statistics.gov.scot/id/statistical-geography/S01013240,IZ18 - 04,"","","","","","","","","","","","",40,28.57,16.67,37.5,40,33.33
http://statistics.gov.scot/id/statistical-geography/S01013241,IZ18 - 05,"","","","","","","","","","","","",0,0,0,0,0,16.67
http://statistics.gov.scot/id/statistical-geography/S01013242,IZ18 - 06,"","","","","","","","","","","","",16.67,16.67,0,0,0,0.00
http://statistics.gov.scot/id/statistical-geography/S01008272,IZ19 - 01,"","","","","","","","","","","","",16.67,0,0,0,0,0.00
http://statistics.gov.scot/id/statistical-geography/S01008273,IZ19 - 02,"","","","","","","","","","","","",0,0,0,0,0,""
http://statistics.gov.scot/id/statistical-geography/S01008274,IZ19 - 03,"","","","","","","","","","","","",33.33,25,0,0,50,50
http://statistics.gov.scot/id/statistical-geography/S01008275,IZ19 - 04,"","","","","","","","","","","","",0,0,0,"","",0.00
http://statistics.gov.scot/id/statistical-geography/S01008276,IZ19 - 05,"","","","","","","","","","","","",0,0,25,25,50,25
http://statistics.gov.scot/id/statistical-geography/S01008277,IZ20 - 01,"","","","","","","","","","","","","","",0,0,0,0.00
http://statistics.gov.scot/id/statistical-geography/S01008278,IZ20 - 02,"","","","","","","","","","","","",33.33,0,0,0,0,0.00
http://statistics.gov.scot/id/statistical-geography/S01008279,IZ20 - 03,"","","","","","","","","","","","",0,0,0,0,33.33,33.33
http://statistics.gov.scot/id/statistical-geography/S01008280,IZ20 - 04,"","","","","","","","","","","","",0,0,0,11.11,0,0.00
http://statistics.gov.scot/id/statistical-geography/S01008281,IZ20 - 05,"","","","","","","","","","","","",28.57,16.67,33.33,0,0,0.00
http://statistics.gov.scot/id/statistical-geography/S01008282,IZ20 - 06,"","","","","","","","","","","","",0,"",0,0,0,0.00
http://statistics.gov.scot/id/statistical-geography/S01008283,IZ20 - 07,"","","","","","","","","","","","",0,0,0,0,0,0.00
http://statistics.gov.scot/id/statistical-geography/S01008284,IZ21 - 01,"","","","","","","","","","","","",0,0,7.69,4.35,7.69,3.45
http://statistics.gov.scot/id/statistical-geography/S01008285,IZ21 - 02,"","","","","","","","","","","","",0,0,0,0,0,0.00
http://statistics.gov.scot/id/statistical-geography/S01008286,IZ21 - 03,"","","","","","","","","","","","",25,0,0,0,0,0.00
http://statistics.gov.scot/id/statistical-geography/S01008287,IZ21 - 04,"","","","","","","","","","","","",14.29,16.67,0,0,40,40
http://statistics.gov.scot/id/statistical-geography/S01008288,IZ21 - 05,"","","","","","","","","","","","",0,0,0,16.67,16.67,20
http://statistics.gov.scot/id/statistical-geography/S01008289,IZ22 - 01,"","","","","","","","","","","","",27.27,20,14.29,0,0,20
http://statistics.gov.scot/id/statistical-geography/S01008290,IZ22 - 02,"","","","","","","","","","","","",16.67,0,0,0,20,14.29
http://statistics.gov.scot/id/statistical-geography/S01008291,IZ22 - 03,"","","","","","","","","","","","",20,40,20,0,0,0.00
http://statistics.gov.scot/id/statistical-geography/S01008292,IZ22 - 04,"","","","","","","","","","","","",33.33,0,25,0,0,16.67
http://statistics.gov.scot/id/statistical-geography/S01008293,IZ22 - 05,"","","","","","","","","","","","",0,0,0,0,0,0.00
http://statistics.gov.scot/id/statistical-geography/S01008294,IZ22 - 06,"","","","","","","","","","","","",16.67,0,0,16.67,16.67,40
http://statistics.gov.scot/id/statistical-geography/S01009859,Ibrox - 01,"","","","","","","","","","","","",11.76,6.67,0,5,4.35,6.25
http://statistics.gov.scot/id/statistical-geography/S01009860,Ibrox - 02,"","","","","","","","","","","","",16.67,11.76,5.88,5.88,4.76,5.88
http://statistics.gov.scot/id/statistical-geography/S01009861,Ibrox - 03,"","","","","","","","","","","","",9.68,8,5.26,5,4.55,5.56
http://statistics.gov.scot/id/statistical-geography/S01009862,Ibrox East and Cessnock - 01,"","","","","","","","","","","","",7.69,11.76,19.05,14.29,15.38,10
http://statistics.gov.scot/id/statistical-geography/S01009863,Ibrox East and Cessnock - 02,"","","","","","","","","","","","",5,4.17,0,0,0,5.56
http://statistics.gov.scot/id/statistical-geography/S01009864,Ibrox East and Cessnock - 03,"","","","","","","","","","","","",21.43,9.09,7.14,0,0,0.00
http://statistics.gov.scot/id/statistical-geography/S01009865,Ibrox East and Cessnock - 04,"","","","","","","","","","","","",6.67,4.76,0,0,0,0.00
http://statistics.gov.scot/id/statistical-geography/S01012265,Innerleithen - East,"","","","","","","","","","","","",28.57,40,33.33,22.22,20,11.11
http://statistics.gov.scot/id/statistical-geography/S01012264,Innerleithen - North,"","","","","","","","","","","","",28.57,40,0,0,0,0.00
http://statistics.gov.scot/id/statistical-geography/S01012266,Innerleithen - South,"","","","","","","","","","","","",0,8.33,12.5,12.5,0,0.00
http://statistics.gov.scot/id/statistical-geography/S01012267,Innerleithen - West,"","","","","","","","","","","","",0,0,0,0,0,0.00
http://statistics.gov.scot/id/statistical-geography/S01006997,"Insch, Oyne and Ythanwells - 01","","","","","","","","","","","","",12.5,12.5,0,0,6.25,0.00
http://statistics.gov.scot/id/statistical-geography/S01006998,"Insch, Oyne and Ythanwells - 02","","","","","","","","","","","","",13.33,10.53,5.26,0,0,0.00
http://statistics.gov.scot/id/statistical-geography/S01006999,"Insch, Oyne and Ythanwells - 03","","","","","","","","","","","","",0,0,9.09,9.09,11.11,0.00
http://statistics.gov.scot/id/statistical-geography/S01007000,"Insch, Oyne and Ythanwells - 04","","","","","","","","","","","","",11.11,8.33,12.5,0,0,5.88
http://statistics.gov.scot/id/statistical-geography/S01007001,"Insch, Oyne and Ythanwells - 05","","","","","","","","","","","","",0,0,0,0,0,0.00
http://statistics.gov.scot/id/statistical-geography/S01010740,Invergordon - 01,"","","","","","","","","","","","",66.67,0,0,0,20,12.5
http://statistics.gov.scot/id/statistical-geography/S01010741,Invergordon - 02,"","","","","","","","","","","","",14.29,9.09,8.33,0,0,7.69
http://statistics.gov.scot/id/statistical-geography/S01010742,Invergordon - 03,"","","","","","","","","","","","",16.67,16.67,0,0,0,0.00
http://statistics.gov.scot/id/statistical-geography/S01010743,Invergordon - 04,"","","","","","","","","","","","",40,45.45,37.5,42.86,37.5,23.08
http://statistics.gov.scot/id/statistical-geography/S01010744,Invergordon - 05,"","","","","","","","","","","","",42.86,42.11,44.44,30.77,12.5,15.38
http://statistics.gov.scot/id/statistical-geography/S01010745,Invergordon - 06,"","","","","","","","","","","","",12.5,0,0,28.57,28.57,40
http://statistics.gov.scot/id/statistical-geography/S01011965,"Invergowrie, Longforgan and Abernyte - 01","","","","","","","","","","","","",50,50,20,0,0,0.00
http://statistics.gov.scot/id/statistical-geography/S01011966,"Invergowrie, Longforgan and Abernyte - 02","","","","","","","","","","","","",8.33,7.14,8.33,0,0,0.00
http://statistics.gov.scot/id/statistical-geography/S01011967,"Invergowrie, Longforgan and Abernyte - 03","","","","","","","","","","","","",0,0,0,0,0,0.00
http://statistics.gov.scot/id/statistical-geography/S01011968,"Invergowrie, Longforgan and Abernyte - 04","","","","","","","","","","","","",15.38,11.76,5.56,6.25,7.69,7.14
http://statistics.gov.scot/id/statistical-geography/S01009381,Inverkeithing Belleknowes,"","","","","","","","","","","","",0,0,0,0,0,0.00
http://statistics.gov.scot/id/statistical-geography/S01009383,Inverkeithing Jamestown,"","","","","","","","","","","","",11.76,0,0,0,0,10
http://statistics.gov.scot/id/statistical-geography/S01009389,Inverkeithing North East,"","","","","","","","","","","","",25,20,16.67,0,0,0.00
http://statistics.gov.scot/id/statistical-geography/S01009386,Inverkeithing Spencerfield North,"","","","","","","","","","","","",28.57,20,0,0,0,0.00
http://statistics.gov.scot/id/statistical-geography/S01009387,Inverkeithing Spencerfield South,"","","","","","","","","","","","",42.86,25,12.5,0,14.29,25
http://statistics.gov.scot/id/statistical-geography/S01009388,Inverkeithing Spittalfield,"","","","","","","","","","","","",32,23.53,18.75,40,33.33,25
http://statistics.gov.scot/id/statistical-geography/S01009382,Inverkeithing West,"","","","","","","","","","","","",22.22,30.77,18.75,21.43,9.09,0.00
http://statistics.gov.scot/id/statistical-geography/S01010824,Inverkip and Wemyss Bay - 01,"","","","","","","","","","","","",0,16.67,20,0,0,0.00
http://statistics.gov.scot/id/statistical-geography/S01010825,Inverkip and Wemyss Bay - 02,"","","","","","","","","","","","",0,0,0,0,0,0.00
http://statistics.gov.scot/id/statistical-geography/S01010826,Inverkip and Wemyss Bay - 03,"","","","","","","","","","","","",0,0,0,0,0,0.00
http://statistics.gov.scot/id/statistical-geography/S01010827,Inverkip and Wemyss Bay - 04,"","","","","","","","","","","","",28.57,25,33.33,0,0,0.00
http://statistics.gov.scot/id/statistical-geography/S01010828,Inverkip and Wemyss Bay - 05,"","","","","","","","","","","","",0,0,0,0,0,0.00
http://statistics.gov.scot/id/statistical-geography/S01010829,Inverkip and Wemyss Bay - 06,"","","","","","","","","","","","",12.5,11.11,10,14.29,12.5,10
http://statistics.gov.scot/id/statistical-geography/S01010830,Inverkip and Wemyss Bay - 07,"","","","","","","","","","","","",0,0,0,0,20,20
http://statistics.gov.scot/id/statistical-geography/S01010831,Inverkip and Wemyss Bay - 08,"","","","","","","","","","","","",28.57,12.5,14.29,0,0,0.00
http://statistics.gov.scot/id/statistical-geography/S01008832,"Inverleith, Goldenacre and Warriston - 01","","","","","","","","","","","","",0,0,0,0,0,0.00
http://statistics.gov.scot/id/statistical-geography/S01008833,"Inverleith, Goldenacre and Warriston - 02","","","","","","","","","","","","",28.57,12.5,0,0,0,0.00
http://statistics.gov.scot/id/statistical-geography/S01008834,"Inverleith, Goldenacre and Warriston - 03","","","","","","","","","","","","",0,0,0,0,0,0.00
http://statistics.gov.scot/id/statistical-geography/S01008835,"Inverleith, Goldenacre and Warriston - 04","","","","","","","","","","","","",0,0,0,0,0,0.00
http://statistics.gov.scot/id/statistical-geography/S01010630,Inverness Ballifeary and Dalneigh - 01,"","","","","","","","","","","","",9.09,0,0,20,40,30
http://statistics.gov.scot/id/statistical-geography/S01010631,Inverness Ballifeary and Dalneigh - 02,"","","","","","","","","","","","",16.67,14.29,10,0,14.29,12.5
http://statistics.gov.scot/id/statistical-geography/S01010632,Inverness Ballifeary and Dalneigh - 03,"","","","","","","","","","","","",12.5,5,0,0,0,8.33
http://statistics.gov.scot/id/statistical-geography/S01010633,Inverness Ballifeary and Dalneigh - 04,"","","","","","","","","","","","",30,33.33,25,18.18,9.09,12.5
http://statistics.gov.scot/id/statistical-geography/S01010634,Inverness Ballifeary and Dalneigh - 05,"","","","","","","","","","","","",33.33,66.67,50,50,0,0.00
http://statistics.gov.scot/id/statistical-geography/S01010635,Inverness Ballifeary and Dalneigh - 06,"","","","","","","","","","","","",0,10,10,12.5,14.29,11.11
http://statistics.gov.scot/id/statistical-geography/S01010619,"Inverness Central, Raigmore and Longman - 01","","","","","","","","","","","","",8.7,9.09,8.7,12.5,13.33,11.11
http://statistics.gov.scot/id/statistical-geography/S01010620,"Inverness Central, Raigmore and Longman - 02","","","","","","","","","","","","",13.33,10,0,16.67,20,21.43
http://statistics.gov.scot/id/statistical-geography/S01010621,"Inverness Central, Raigmore and Longman - 03","","","","","","","","","","","","",4.17,5.26,10.53,9.09,8.33,0.00
http://statistics.gov.scot/id/statistical-geography/S01010622,"Inverness Central, Raigmore and Longman - 04","","","","","","","","","","","","",22.22,20,0,7.69,10,16.67
http://statistics.gov.scot/id/statistical-geography/S01010623,"Inverness Central, Raigmore and Longman - 05","","","","","","","","","","","","",7.14,6.45,10.71,16.67,7.14,8.33
http://statistics.gov.scot/id/statistical-geography/S01010624,"Inverness Central, Raigmore and Longman - 06","","","","","","","","","","","","",50,33.33,26.67,28.57,18.18,16.67
http://statistics.gov.scot/id/statistical-geography/S01010625,Inverness Crown and Haugh - 01,"","","","","","","","","","","","",0,0,0,0,0,0.00
http://statistics.gov.scot/id/statistical-geography/S01010626,Inverness Crown and Haugh - 02,"","","","","","","","","","","","",0,0,0,0,0,0.00
http://statistics.gov.scot/id/statistical-geography/S01010627,Inverness Crown and Haugh - 03,"","","","","","","","","","","","",7.69,0,0,0,0,0.00
http://statistics.gov.scot/id/statistical-geography/S01010628,Inverness Crown and Haugh - 04,"","","","","","","","","","","","",13.64,16.67,8.33,0,7.69,7.69
http://statistics.gov.scot/id/statistical-geography/S01010629,Inverness Crown and Haugh - 05,"","","","","","","","","","","","",12.5,11.11,12.5,0,0,0.00
http://statistics.gov.scot/id/statistical-geography/S01010571,Inverness Culloden and Balloch - 01,"","","","","","","","","","","","",6.25,10.53,6.25,14.29,11.11,11.11
http://statistics.gov.scot/id/statistical-geography/S01010572,Inverness Culloden and Balloch - 02,"","","","","","","","","","","","",0,0,0,0,10.53,21.05
http://statistics.gov.scot/id/statistical-geography/S01010573,Inverness Culloden and Balloch - 03,"","","","","","","","","","","","",10,12.5,0,0,0,0.00
http://statistics.gov.scot/id/statistical-geography/S01010574,Inverness Culloden and Balloch - 04,"","","","","","","","","","","","",12.5,0,0,0,0,0.00
http://statistics.gov.scot/id/statistical-geography/S01010575,Inverness Culloden and Balloch - 05,"","","","","","","","","","","","",0,0,0,0,0,0.00
http://statistics.gov.scot/id/statistical-geography/S01010576,Inverness Culloden and Balloch - 06,"","","","","","","","","","","","",0,0,0,0,0,0.00
http://statistics.gov.scot/id/statistical-geography/S01010616,Inverness Drakies - 01,"","","","","","","","","","","","",0,0,0,0,9.09,20
http://statistics.gov.scot/id/statistical-geography/S01010617,Inverness Drakies - 02,"","","","","","","","","","","","",25,11.11,0,0,0,0.00
http://statistics.gov.scot/id/statistical-geography/S01010618,Inverness Drakies - 03,"","","","","","","","","","","","",0,0,0,0,0,0.00
http://statistics.gov.scot/id/statistical-geography/S01010606,Inverness Drummond - 01,"","","","","","","","","","","","",11.11,10,20,10,12.5,0.00
http://statistics.gov.scot/id/statistical-geography/S01010607,Inverness Drummond - 02,"","","","","","","","","","","","",18.18,0,0,0,0,0.00
http://statistics.gov.scot/id/statistical-geography/S01010608,Inverness Drummond - 03,"","","","","","","","","","","","",12.5,12.5,18.18,22.22,25,20
http://statistics.gov.scot/id/statistical-geography/S01010609,Inverness Drummond - 04,"","","","","","","","","","","","",20,16.67,7.69,18.18,20,25
http://statistics.gov.scot/id/statistical-geography/S01010610,Inverness Drummond - 05,"","","","","","","","","","","","",0,0,0,0,0,0.00
http://statistics.gov.scot/id/statistical-geography/S01010566,Inverness East Rural - 01,"","","","","","","","","","","","",0,0,0,0,0,0.00
http://statistics.gov.scot/id/statistical-geography/S01010567,Inverness East Rural - 02,"","","","","","","","","","","","",11.11,0,0,0,0,0.00
http://statistics.gov.scot/id/statistical-geography/S01010568,Inverness East Rural - 03,"","","","","","","","","","","","",11.11,18.18,14.29,9.09,0,0.00
http://statistics.gov.scot/id/statistical-geography/S01010569,Inverness East Rural - 04,"","","","","","","","","","","","",16.67,16.67,12.5,7.69,0,0.00
http://statistics.gov.scot/id/statistical-geography/S01010570,Inverness East Rural - 05,"","","","","","","","","","","","",31.25,33.33,33.33,25,10,0.00
http://statistics.gov.scot/id/statistical-geography/S01010611,Inverness Hilton - 01,"","","","","","","","","","","","",18.75,7.69,8.33,0,0,0.00
http://statistics.gov.scot/id/statistical-geography/S01010612,Inverness Hilton - 02,"","","","","","","","","","","","",11.11,0,0,0,0,0.00
http://statistics.gov.scot/id/statistical-geography/S01010613,Inverness Hilton - 03,"","","","","","","","","","","","",0,0,7.69,8.33,20,28.57
http://statistics.gov.scot/id/statistical-geography/S01010614,Inverness Hilton - 04,"","","","","","","","","","","","",10,11.11,0,0,11.11,11.11
http://statistics.gov.scot/id/statistical-geography/S01010615,Inverness Hilton - 05,"","","","","","","","","","","","",21.05,13.79,4.35,4.55,11.76,13.33
http://statistics.gov.scot/id/statistical-geography/S01010590,Inverness Inshes - 01,"","","","","","","","","","","","",16.67,28.57,12.5,16.67,0,0.00
http://statistics.gov.scot/id/statistical-geography/S01010591,Inverness Inshes - 02,"","","","","","","","","","","","",0,2.38,2.56,2.44,2.94,5
http://statistics.gov.scot/id/statistical-geography/S01010592,Inverness Inshes - 03,"","","","","","","","","","","","",20,9.09,12.5,11.11,0,0.00
http://statistics.gov.scot/id/statistical-geography/S01010593,Inverness Inshes - 04,"","","","","","","","","","","","",0,0,4.55,4.17,3.23,0.00
http://statistics.gov.scot/id/statistical-geography/S01010594,Inverness Inshes - 05,"","","","","","","","","","","","",14.29,13.33,0,0,0,7.14
http://statistics.gov.scot/id/statistical-geography/S01010595,Inverness Inshes - 06,"","","","","","","","","","","","",0,0,0,0,0,0.00
http://statistics.gov.scot/id/statistical-geography/S01010650,Inverness Kinmylies and South West - 01,"","","","","","","","","","","","",27.27,15.38,8.7,6.9,6.67,3.57
http://statistics.gov.scot/id/statistical-geography/S01010651,Inverness Kinmylies and South West - 02,"","","","","","","","","","","","",11.11,0,0,33.33,42.86,36.36
http://statistics.gov.scot/id/statistical-geography/S01010652,Inverness Kinmylies and South West - 03,"","","","","","","","","","","","",0,0,0,0,0,0.00
http://statistics.gov.scot/id/statistical-geography/S01010653,Inverness Kinmylies and South West - 04,"","","","","","","","","","","","",14.29,0,0,0,0,16.67
http://statistics.gov.scot/id/statistical-geography/S01010654,Inverness Kinmylies and South West - 05,"","","","","","","","","","","","",25,10,0,0,10,8.33
http://statistics.gov.scot/id/statistical-geography/S01010599,Inverness Lochardil and Holm Mains - 01,"","","","","","","","","","","","",18.18,11.11,9.09,0,0,4.76
http://statistics.gov.scot/id/statistical-geography/S01010600,Inverness Lochardil and Holm Mains - 02,"","","","","","","","","","","","",0,0,0,0,0,0.00
http://statistics.gov.scot/id/statistical-geography/S01010601,Inverness Lochardil and Holm Mains - 03,"","","","","","","","","","","","",0,0,0,0,0,0.00
http://statistics.gov.scot/id/statistical-geography/S01010602,Inverness Lochardil and Holm Mains - 04,"","","","","","","","","","","","",8.33,11.11,9.09,6.25,5.88,0.00
http://statistics.gov.scot/id/statistical-geography/S01010603,Inverness Lochardil and Holm Mains - 05,"","","","","","","","","","","","",0,0,12.5,11.11,11.11,0.00
http://statistics.gov.scot/id/statistical-geography/S01010604,Inverness Lochardil and Holm Mains - 06,"","","","","","","","","","","","",0,0,0,0,0,0.00
http://statistics.gov.scot/id/statistical-geography/S01010605,Inverness Lochardil and Holm Mains - 07,"","","","","","","","","","","","",0,0,0,0,0,0.00
http://statistics.gov.scot/id/statistical-geography/S01010641,Inverness Merkinch - 01,"","","","","","","","","","","","",39.13,38.46,26.67,22.73,15.79,11.76
http://statistics.gov.scot/id/statistical-geography/S01010642,Inverness Merkinch - 02,"","","","","","","","","","","","",25,18.75,15.79,21.05,28.57,11.11
http://statistics.gov.scot/id/statistical-geography/S01010643,Inverness Merkinch - 03,"","","","","","","","","","","","",33.33,25,33.33,16.67,50,20
http://statistics.gov.scot/id/statistical-geography/S01010644,Inverness Merkinch - 04,"","","","","","","","","","","","",46.15,36.36,45.45,62.5,50,33.33
http://statistics.gov.scot/id/statistical-geography/S01010636,Inverness Muirtown - 01,"","","","","","","","","","","","",0,0,0,0,12.5,23.08
http://statistics.gov.scot/id/statistical-geography/S01010637,Inverness Muirtown - 02,"","","","","","","","","","","","",17.65,8.33,0,0,8.33,10
http://statistics.gov.scot/id/statistical-geography/S01010638,Inverness Muirtown - 03,"","","","","","","","","","","","",10,0,0,0,0,0.00
http://statistics.gov.scot/id/statistical-geography/S01010639,Inverness Muirtown - 04,"","","","","","","","","","","","",25,23.81,15.38,8.7,4,4.55
http://statistics.gov.scot/id/statistical-geography/S01010640,Inverness Muirtown - 05,"","","","","","","","","","","","",6.67,0,0,0,0,0.00
http://statistics.gov.scot/id/statistical-geography/S01010645,Inverness Scorguie - 01,"","","","","","","","","","","","",20,16.67,14.29,12.5,14.29,0.00
http://statistics.gov.scot/id/statistical-geography/S01010646,Inverness Scorguie - 02,"","","","","","","","","","","","",0,0,10,12.5,12.5,0.00
http://statistics.gov.scot/id/statistical-geography/S01010647,Inverness Scorguie - 03,"","","","","","","","","","","","",18.18,14.29,16.67,0,0,0.00
http://statistics.gov.scot/id/statistical-geography/S01010648,Inverness Scorguie - 04,"","","","","","","","","","","","",8.33,8.33,7.69,0,0,0.00
http://statistics.gov.scot/id/statistical-geography/S01010649,Inverness Scorguie - 05,"","","","","","","","","","","","",0,0,14.29,28.57,25,25
http://statistics.gov.scot/id/statistical-geography/S01010596,Inverness Slackbuie - 01,"","","","","","","","","","","","",0,3.85,3.7,4.17,0,3.85
http://statistics.gov.scot/id/statistical-geography/S01010597,Inverness Slackbuie - 02,"","","","","","","","","","","","",4,3.45,0,4.35,8.33,10
http://statistics.gov.scot/id/statistical-geography/S01010598,Inverness Slackbuie - 03,"","","","","","","","","","","","",4.76,3.57,3.23,0,0,0.00
http://statistics.gov.scot/id/statistical-geography/S01010577,Inverness Smithton - 01,"","","","","","","","","","","","",33.33,42.86,30,33.33,22.22,14.29
http://statistics.gov.scot/id/statistical-geography/S01010578,Inverness Smithton - 02,"","","","","","","","","","","","",33.33,27.27,33.33,0,0,100
http://statistics.gov.scot/id/statistical-geography/S01010579,Inverness Smithton - 03,"","","","","","","","","","","","",0,0,0,0,0,0.00
http://statistics.gov.scot/id/statistical-geography/S01010580,Inverness Smithton - 04,"","","","","","","","","","","","",23.81,25,22.22,37.5,25,26.67
http://statistics.gov.scot/id/statistical-geography/S01010581,Inverness Smithton - 05,"","","","","","","","","","","","",21.43,9.09,8.33,13.33,16.67,16.67
http://statistics.gov.scot/id/statistical-geography/S01010655,Inverness West Rural - 01,"","","","","","","","","","","","",0,0,0,0,0,0.00
http://statistics.gov.scot/id/statistical-geography/S01010656,Inverness West Rural - 02,"","","","","","","","","","","","",0,25,22.22,20,16.67,25
http://statistics.gov.scot/id/statistical-geography/S01010657,Inverness West Rural - 03,"","","","","","","","","","","","",0,0,0,0,0,0.00
http://statistics.gov.scot/id/statistical-geography/S01010658,Inverness West Rural - 04,"","","","","","","","","","","","",0,0,0,0,0,0.00
http://statistics.gov.scot/id/statistical-geography/S01010659,Inverness West Rural - 05,"","","","","","","","","","","","",0,0,0,0,0,0.00
http://statistics.gov.scot/id/statistical-geography/S01010660,Inverness West Rural - 06,"","","","","","","","","","","","",0,0,0,0,10,12.5
http://statistics.gov.scot/id/statistical-geography/S01010661,Inverness West Rural - 07,"","","","","","","","","","","","",40,20,0,0,0,0.00
http://statistics.gov.scot/id/statistical-geography/S01010662,Inverness West Rural - 08,"","","","","","","","","","","","",0,0,0,0,0,12.5
http://statistics.gov.scot/id/statistical-geography/S01010663,Inverness West Rural - 09,"","","","","","","","","","","","",22.22,8.33,9.09,0,0,0.00
http://statistics.gov.scot/id/statistical-geography/S01010582,Inverness Westhill - 01,"","","","","","","","","","","","",8.33,10,10,0,0,0.00
http://statistics.gov.scot/id/statistical-geography/S01010583,Inverness Westhill - 02,"","","","","","","","","","","","",14.29,0,0,0,0,0.00
http://statistics.gov.scot/id/statistical-geography/S01010584,Inverness Westhill - 03,"","","","","","","","","","","","",11.76,16.67,12,7.69,5,7.14
http://statistics.gov.scot/id/statistical-geography/S01010585,Inverness Westhill - 04,"","","","","","","","","","","","",0,3.7,8.7,9.52,6.25,0.00
http://statistics.gov.scot/id/statistical-geography/S01010586,Inverness Westhill - 05,"","","","","","","","","","","","",0,0,0,0,0,0.00
http://statistics.gov.scot/id/statistical-geography/S01010587,Inverness Westhill - 06,"","","","","","","","","","","","",0,0,0,0,0,0.00
http://statistics.gov.scot/id/statistical-geography/S01010588,Inverness Westhill - 07,"","","","","","","","","","","","",8.33,20,12.5,0,0,0.00
http://statistics.gov.scot/id/statistical-geography/S01010589,Inverness Westhill - 08,"","","","","","","","","","","","",27.27,25,23.08,15.38,18.18,30
http://statistics.gov.scot/id/statistical-geography/S01006894,Inverurie North - 01,"","","","","","","","","","","","",20,16.67,12.5,0,0,0.00
http://statistics.gov.scot/id/statistical-geography/S01006895,Inverurie North - 02,"","","","","","","","","","","","",11.11,13.64,15,7.69,0,0.00
http://statistics.gov.scot/id/statistical-geography/S01006896,Inverurie North - 03,"","","","","","","","","","","","",12.5,10,6.67,0,0,0.00
http://statistics.gov.scot/id/statistical-geography/S01006897,Inverurie North - 04,"","","","","","","","","","","","",0,0,10,10,9.09,0.00
http://statistics.gov.scot/id/statistical-geography/S01006898,Inverurie North - 05,"","","","","","","","","","","","",11.11,9.09,0,10,14.29,14.29
http://statistics.gov.scot/id/statistical-geography/S01006899,Inverurie North - 06,"","","","","","","","","","","","",0,0,0,0,0,0.00
http://statistics.gov.scot/id/statistical-geography/S01006900,Inverurie North - 07,"","","","","","","","","","","","",8.33,11.11,0,0,0,0.00
http://statistics.gov.scot/id/statistical-geography/S01006901,Inverurie North - 08,"","","","","","","","","","","","",0,0,0,0,0,0.00
http://statistics.gov.scot/id/statistical-geography/S01006902,Inverurie South - 01,"","","","","","","","","","","","",0,0,0,12.5,11.11,12.5
http://statistics.gov.scot/id/statistical-geography/S01006903,Inverurie South - 02,"","","","","","","","","","","","",14.29,14.29,9.09,10.53,5.56,15
http://statistics.gov.scot/id/statistical-geography/S01006904,Inverurie South - 03,"","","","","","","","","","","","",10,14.29,20,27.27,22.22,10
http://statistics.gov.scot/id/statistical-geography/S01006905,Inverurie South - 04,"","","","","","","","","","","","",40,22.22,0,0,0,0.00
http://statistics.gov.scot/id/statistical-geography/S01006906,Inverurie South - 05,"","","","","","","","","","","","",20,20,22.22,11.11,0,0.00
http://statistics.gov.scot/id/statistical-geography/S01006907,Inverurie South - 06,"","","","","","","","","","","","",0,16.67,10,9.09,0,0.00
http://statistics.gov.scot/id/statistical-geography/S01006908,Inverurie South - 07,"","","","","","","","","","","","",16.67,0,0,0,0,0.00
http://statistics.gov.scot/id/statistical-geography/S01011196,Irvine Bourtreehill - 01,"","","","","","","","","","","","",16.67,15.38,21.43,31.25,26.67,10
http://statistics.gov.scot/id/statistical-geography/S01011197,Irvine Bourtreehill - 02,"","","","","","","","","","","","",15.38,20,20,11.11,9.09,14.29
http://statistics.gov.scot/id/statistical-geography/S01011198,Irvine Bourtreehill - 03,"","","","","","","","","","","","",10,14.29,21.43,18.18,14.29,16.67
http://statistics.gov.scot/id/statistical-geography/S01011192,Irvine Broomlands - 01,"","","","","","","","","","","","",18.75,15.38,33.33,20,33.33,11.11
http://statistics.gov.scot/id/statistical-geography/S01011193,Irvine Broomlands - 02,"","","","","","","","","","","","",66.67,50,50,12.5,22.22,27.27
http://statistics.gov.scot/id/statistical-geography/S01011194,Irvine Broomlands - 03,"","","","","","","","","","","","",11.11,12.5,0,0,11.11,20
http://statistics.gov.scot/id/statistical-geography/S01011195,Irvine Broomlands - 04,"","","","","","","","","","","","",11.11,9.09,16.67,16.67,11.11,0.00
http://statistics.gov.scot/id/statistical-geography/S01011212,Irvine Castlepark North - 01,"","","","","","","","","","","","",25,16.67,20,16.67,20,0.00
http://statistics.gov.scot/id/statistical-geography/S01011213,Irvine Castlepark North - 02,"","","","","","","","","","","","",9.09,0,16.67,15.38,14.29,0.00
http://statistics.gov.scot/id/statistical-geography/S01011214,Irvine Castlepark North - 03,"","","","","","","","","","","","",30.77,28.57,25,25,22.22,27.27
http://statistics.gov.scot/id/statistical-geography/S01011215,Irvine Castlepark North - 04,"","","","","","","","","","","","",33.33,25,0,0,0,11.11
http://statistics.gov.scot/id/statistical-geography/S01011216,Irvine Castlepark North - 05,"","","","","","","","","","","","",13.33,20,10,0,0,0.00
http://statistics.gov.scot/id/statistical-geography/S01011217,Irvine Castlepark South - 01,"","","","","","","","","","","","",14.29,0,25,25,22.22,0.00
http://statistics.gov.scot/id/statistical-geography/S01011218,Irvine Castlepark South - 02,"","","","","","","","","","","","",18.75,0,6.67,14.29,12.5,23.08
http://statistics.gov.scot/id/statistical-geography/S01011219,Irvine Castlepark South - 03,"","","","","","","","","","","","",27.27,25,14.29,11.11,18.18,22.22
http://statistics.gov.scot/id/statistical-geography/S01011220,Irvine Castlepark South - 04,"","","","","","","","","","","","",10.53,5.88,0,5.88,17.65,23.08
http://statistics.gov.scot/id/statistical-geography/S01011225,Irvine Central - 01,"","","","","","","","","","","","",21.43,7.14,16.67,7.69,18.18,7.69
http://statistics.gov.scot/id/statistical-geography/S01011226,Irvine Central - 02,"","","","","","","","","","","","",14.29,0,0,0,16.67,11.11
http://statistics.gov.scot/id/statistical-geography/S01011227,Irvine Central - 03,"","","","","","","","","","","","",10,0,0,0,0,0.00
http://statistics.gov.scot/id/statistical-geography/S01011228,Irvine Central - 04,"","","","","","","","","","","","",0,0,15.38,13.33,18.18,0.00
http://statistics.gov.scot/id/statistical-geography/S01011221,Irvine East - 01,"","","","","","","","","","","","",10,9.52,10.53,11.11,31.25,33.33
http://statistics.gov.scot/id/statistical-geography/S01011222,Irvine East - 02,"","","","","","","","","","","","",25,14.29,12.5,9.09,11.11,12.5
http://statistics.gov.scot/id/statistical-geography/S01011223,Irvine East - 03,"","","","","","","","","","","","",11.11,7.69,7.14,7.69,12.5,10
http://statistics.gov.scot/id/statistical-geography/S01011224,Irvine East - 04,"","","","","","","","","","","","",9.09,0,0,0,0,25
http://statistics.gov.scot/id/statistical-geography/S01011229,Irvine Fullarton - 01,"","","","","","","","","","","","",8.33,0,0,14.29,22.22,28.57
http://statistics.gov.scot/id/statistical-geography/S01011230,Irvine Fullarton - 02,"","","","","","","","","","","","",11.76,9.52,15.79,23.08,25,8.33
http://statistics.gov.scot/id/statistical-geography/S01011231,Irvine Fullarton - 03,"","","","","","","","","","","","",20,25,11.11,0,9.09,22.22
http://statistics.gov.scot/id/statistical-geography/S01011232,Irvine Fullarton - 04,"","","","","","","","","","","","",25,20,20,11.76,14.29,20
http://statistics.gov.scot/id/statistical-geography/S01011199,Irvine Girdle Toll and Staneca - 01,"","","","","","","","","","","","",0,0,0,12.5,18.18,16.67
http://statistics.gov.scot/id/statistical-geography/S01011200,Irvine Girdle Toll and Staneca - 02,"","","","","","","","","","","","",6.67,12.5,10,12.5,0,0.00
http://statistics.gov.scot/id/statistical-geography/S01011201,Irvine Girdle Toll and Staneca - 03,"","","","","","","","","","","","",16.67,0,0,0,14.29,14.29
http://statistics.gov.scot/id/statistical-geography/S01011202,Irvine Girdle Toll and Staneca - 04,"","","","","","","","","","","","",8.33,16.67,23.08,23.08,14.29,7.14
http://statistics.gov.scot/id/statistical-geography/S01011203,Irvine Girdle Toll and Staneca - 05,"","","","","","","","","","","","",9.09,7.69,11.11,6.67,7.69,0.00
http://statistics.gov.scot/id/statistical-geography/S01011204,Irvine Girdle Toll and Staneca - 06,"","","","","","","","","","","","",0,16.67,33.33,25,0,0.00
http://statistics.gov.scot/id/statistical-geography/S01011205,Irvine Perceton and Lawthorn - 01,"","","","","","","","","","","","",7.14,0,0,0,20,22.22
http://statistics.gov.scot/id/statistical-geography/S01011206,Irvine Perceton and Lawthorn - 02,"","","","","","","","","","","","",0,0,0,0,0,0.00
http://statistics.gov.scot/id/statistical-geography/S01011207,Irvine Perceton and Lawthorn - 03,"","","","","","","","","","","","",18.18,22.22,66.67,33.33,25,0.00
http://statistics.gov.scot/id/statistical-geography/S01011208,Irvine Perceton and Lawthorn - 04,"","","","","","","","","","","","",0,0,0,0,0,0.00
http://statistics.gov.scot/id/statistical-geography/S01011209,Irvine Perceton and Lawthorn - 05,"","","","","","","","","","","","",0,22.22,33.33,44.44,33.33,25
http://statistics.gov.scot/id/statistical-geography/S01011210,Irvine Perceton and Lawthorn - 06,"","","","","","","","","","","","",12.5,25,16.67,0,0,0.00
http://statistics.gov.scot/id/statistical-geography/S01011211,Irvine Perceton and Lawthorn - 07,"","","","","","","","","","","","",14.29,25,16.67,14.29,14.29,20
http://statistics.gov.scot/id/statistical-geography/S01011183,Irvine Tarryholme - 01,"","","","","","","","","","","","",12.5,22.22,25,28.57,40,16.67
http://statistics.gov.scot/id/statistical-geography/S01011184,Irvine Tarryholme - 02,"","","","","","","","","","","","",33.33,33.33,0,0,0,0.00
http://statistics.gov.scot/id/statistical-geography/S01011185,Irvine Tarryholme - 03,"","","","","","","","","","","","",0,0,0,0,0,0.00
http://statistics.gov.scot/id/statistical-geography/S01011186,Irvine Tarryholme - 04,"","","","","","","","","","","","",20,25,33.33,27.27,30.77,20
http://statistics.gov.scot/id/statistical-geography/S01011827,Isles - 01,"","","","","","","","","","","","",20,33.33,0,0,0,0.00
http://statistics.gov.scot/id/statistical-geography/S01011828,Isles - 02,"","","","","","","","","","","","",0,0,0,0,0,0.00
http://statistics.gov.scot/id/statistical-geography/S01011829,Isles - 03,"","","","","","","","","","","","",7.69,0,0,0,0,0.00
http://statistics.gov.scot/id/statistical-geography/S01011830,Isles - 04,"","","","","","","","","","","","",0,33.33,20,16.67,0,0.00
http://statistics.gov.scot/id/statistical-geography/S01011831,Isles - 05,"","","","","","","","","","","","",14.29,0,0,0,0,0.00
http://statistics.gov.scot/id/statistical-geography/S01011832,Isles - 06,"","","","","","","","","","","","",14.29,0,0,11.11,14.29,14.29
http://statistics.gov.scot/id/statistical-geography/S01009442,Jamphlars and Lochgelly Landward,"","","","","","","","","","","","",25,18.18,7.14,0,0,0.00
http://statistics.gov.scot/id/statistical-geography/S01012353,Jedburgh - Abbey,"","","","","","","","","","","","",15.38,16.67,10,11.11,9.09,7.69
http://statistics.gov.scot/id/statistical-geography/S01012350,Jedburgh - Doom Hill,"","","","","","","","","","","","",0,0,0,0,0,0.00
http://statistics.gov.scot/id/statistical-geography/S01012351,Jedburgh - East Central,"","","","","","","","","","","","",15.38,11.11,16.67,20,15.38,16.67
http://statistics.gov.scot/id/statistical-geography/S01012349,Jedburgh - Howden,"","","","","","","","","","","","",14.29,9.09,15.38,27.27,30,22.22
http://statistics.gov.scot/id/statistical-geography/S01012352,Jedburgh - West Central,"","","","","","","","","","","","",0,0,0,0,0,14.29
http://statistics.gov.scot/id/statistical-geography/S01008717,"Jewel, Brunstane and Newcraighall - 01","","","","","","","","","","","","",0,0,0,0,0,0.00
http://statistics.gov.scot/id/statistical-geography/S01008718,"Jewel, Brunstane and Newcraighall - 02","","","","","","","","","","","","",0,16.67,16.67,16.67,0,7.69
http://statistics.gov.scot/id/statistical-geography/S01008719,"Jewel, Brunstane and Newcraighall - 03","","","","","","","","","","","","",9.09,0,0,6.67,4.55,5.56
http://statistics.gov.scot/id/statistical-geography/S01008720,"Jewel, Brunstane and Newcraighall - 04","","","","","","","","","","","","",0,0,0,0,0,0.00
http://statistics.gov.scot/id/statistical-geography/S01008721,"Jewel, Brunstane and Newcraighall - 05","","","","","","","","","","","","",0,0,0,0,0,0.00
http://statistics.gov.scot/id/statistical-geography/S01012047,Johnstone North East - 01,"","","","","","","","","","","","",28.57,18.18,0,0,12.5,10
http://statistics.gov.scot/id/statistical-geography/S01012048,Johnstone North East - 02,"","","","","","","","","","","","",0,0,0,0,20,11.11
http://statistics.gov.scot/id/statistical-geography/S01012049,Johnstone North East - 03,"","","","","","","","","","","","",10,7.14,9.09,0,0,0.00
http://statistics.gov.scot/id/statistical-geography/S01012050,Johnstone North East - 04,"","","","","","","","","","","","",10,0,0,0,0,0.00
http://statistics.gov.scot/id/statistical-geography/S01012051,Johnstone North East - 05,"","","","","","","","","","","","",0,0,0,0,0,0.00
http://statistics.gov.scot/id/statistical-geography/S01012043,Johnstone North West - 01,"","","","","","","","","","","","",8.33,6.25,10,12.5,20,40
http://statistics.gov.scot/id/statistical-geography/S01012044,Johnstone North West - 02,"","","","","","","","","","","","",31.25,33.33,37.5,12.5,10,12.5
http://statistics.gov.scot/id/statistical-geography/S01012045,Johnstone North West - 03,"","","","","","","","","","","","",22.22,11.54,9.09,17.39,14.81,16
http://statistics.gov.scot/id/statistical-geography/S01012046,Johnstone North West - 04,"","","","","","","","","","","","",10,18.18,15.38,15.38,0,14.29
http://statistics.gov.scot/id/statistical-geography/S01012052,Johnstone South East - 01,"","","","","","","","","","","","",0,0,0,0,0,0.00
http://statistics.gov.scot/id/statistical-geography/S01012053,Johnstone South East - 02,"","","","","","","","","","","","",0,0,12.5,12.5,12.5,0.00
http://statistics.gov.scot/id/statistical-geography/S01012054,Johnstone South East - 03,"","","","","","","","","","","","",15.79,7.69,10,7.14,12.5,6.67
http://statistics.gov.scot/id/statistical-geography/S01012055,Johnstone South East - 04,"","","","","","","","","","","","",14.29,11.11,22.22,10,16.67,7.69
http://statistics.gov.scot/id/statistical-geography/S01012056,Johnstone South East - 05,"","","","","","","","","","","","",0,0,0,0,0,0.00
http://statistics.gov.scot/id/statistical-geography/S01012037,Johnstone South West - 01,"","","","","","","","","","","","",12.5,11.76,5.56,0,0,0.00
http://statistics.gov.scot/id/statistical-geography/S01012038,Johnstone South West - 02,"","","","","","","","","","","","",33.33,20,14.29,20,16.67,37.5
http://statistics.gov.scot/id/statistical-geography/S01012039,Johnstone South West - 03,"","","","","","","","","","","","",50,44.44,25,25,18.18,9.09
http://statistics.gov.scot/id/statistical-geography/S01012040,Johnstone South West - 04,"","","","","","","","","","","","",30.77,28.57,10,0,0,0.00
http://statistics.gov.scot/id/statistical-geography/S01012041,Johnstone South West - 05,"","","","","","","","","","","","",13.33,0,0,0,0,0.00
http://statistics.gov.scot/id/statistical-geography/S01012042,Johnstone South West - 06,"","","","","","","","","","","","",33.33,0,14.29,20,33.33,11.76
http://statistics.gov.scot/id/statistical-geography/S01008722,Joppa - 01,"","","","","","","","","","","","","",0,0,0,0,0.00
http://statistics.gov.scot/id/statistical-geography/S01008723,Joppa - 02,"","","","","","","","","","","","",0,0,0,0,0,0.00
http://statistics.gov.scot/id/statistical-geography/S01008724,Joppa - 03,"","","","","","","","","","","","",0,0,0,0,0,0.00
http://statistics.gov.scot/id/statistical-geography/S01008725,Joppa - 04,"","","","","","","","","","","","",0,0,0,0,0,0.00
http://statistics.gov.scot/id/statistical-geography/S01008726,Joppa - 05,"","","","","","","","","","","","",0,0,0,0,0,0.00
http://statistics.gov.scot/id/statistical-geography/S01008727,Joppa - 06,"","","","","","","","","","","","",0,0,10,16.67,16.67,0.00
http://statistics.gov.scot/id/statistical-geography/S01011060,Keith and Fife Keith - 01,"","","","","","","","","","","","",25,22.22,22.22,0,0,0.00
http://statistics.gov.scot/id/statistical-geography/S01011061,Keith and Fife Keith - 02,"","","","","","","","","","","","",11.76,14.29,13.33,10,0,0.00
http://statistics.gov.scot/id/statistical-geography/S01011062,Keith and Fife Keith - 03,"","","","","","","","","","","","",0,14.29,9.09,8.33,8.33,10
http://statistics.gov.scot/id/statistical-geography/S01011063,Keith and Fife Keith - 04,"","","","","","","","","","","","",14.29,14.29,9.09,0,16.67,25
http://statistics.gov.scot/id/statistical-geography/S01011064,Keith and Fife Keith - 05,"","","","","","","","","","","","",7.69,14.29,26.67,16.67,5.26,5.56
http://statistics.gov.scot/id/statistical-geography/S01012336,Kelso N - Abbotseat,"","","","","","","","","","","","",66.67,0,0,0,0,33.33
http://statistics.gov.scot/id/statistical-geography/S01012335,Kelso N - Hendersyde Oakfield,"","","","","","","","","","","","",10,11.11,10,14.29,16.67,0.00
http://statistics.gov.scot/id/statistical-geography/S01012334,Kelso N - High Croft Orchard Park,"","","","","","","","","","","","",50,14.29,0,7.69,27.27,28.57
http://statistics.gov.scot/id/statistical-geography/S01012337,Kelso N - Poynder Park,"","","","","","","","","","","","",10,10,5.56,6.25,7.69,0.00
http://statistics.gov.scot/id/statistical-geography/S01012339,Kelso S - Abbey,"","","","","","","","","","","","",22.22,11.11,0,0,0,0.00
http://statistics.gov.scot/id/statistical-geography/S01012338,Kelso S - Bowmont and Edenside,"","","","","","","","","","","","",0,0,0,0,0,0.00
http://statistics.gov.scot/id/statistical-geography/S01012340,Kelso S - Broomlands,"","","","","","","","","","","","",10,12.5,0,0,0,0.00
http://statistics.gov.scot/id/statistical-geography/S01012331,Kelso S - Maxwellheugh,"","","","","","","","","","","","",0,0,0,0,0,0.00
http://statistics.gov.scot/id/statistical-geography/S01012330,Kelso S - Pinnaclehill,"","","","","","","","","","","","",0,0,0,0,0,0.00
http://statistics.gov.scot/id/statistical-geography/S01009422,Kelty Blairadam Park,"","","","","","","","","","","","",21.43,9.09,9.09,0,0,0.00
http://statistics.gov.scot/id/statistical-geography/S01009426,Kelty Central,"","","","","","","","","","","","",22.22,26.67,37.5,42.86,28.57,8.33
http://statistics.gov.scot/id/statistical-geography/S01009424,Kelty East,"","","","","","","","","","","","",16.67,0,0,0,0,0.00
http://statistics.gov.scot/id/statistical-geography/S01009419,Kelty Elmwood,"","","","","","","","","","","","",25,33.33,33.33,0,0,0.00
http://statistics.gov.scot/id/statistical-geography/S01009427,Kelty North East,"","","","","","","","","","","","",8.33,7.14,8.33,14.29,0,0.00
http://statistics.gov.scot/id/statistical-geography/S01009425,Kelty Oakfield,"","","","","","","","","","","","",30.77,20,15.38,11.11,11.11,16.67
http://statistics.gov.scot/id/statistical-geography/S01009423,Kelty Seafar,"","","","","","","","","","","","",0,0,0,0,4.55,15
http://statistics.gov.scot/id/statistical-geography/S01009421,Kelty South West,"","","","","","","","","","","","",0,0,22.22,33.33,50,55.56
http://statistics.gov.scot/id/statistical-geography/S01009420,Kelty West,"","","","","","","","","","","","",66.67,62.5,66.67,37.5,37.5,14.29
http://statistics.gov.scot/id/statistical-geography/S01010363,Kelvindale - 01,"","","","","","","","","","","","",0,0,0,0,0,0.00
http://statistics.gov.scot/id/statistical-geography/S01010364,Kelvindale - 02,"","","","","","","","","","","","",0,0,0,0,0,0.00
http://statistics.gov.scot/id/statistical-geography/S01010365,Kelvindale - 03,"","","","","","","","","","","","",0,0,0,0,0,0.00
http://statistics.gov.scot/id/statistical-geography/S01010366,Kelvindale - 04,"","","","","","","","","","","","",0,0,0,0,0,0.00
http://statistics.gov.scot/id/statistical-geography/S01010367,Kelvindale - 05,"","","","","","","","","","","","",0,0,0,0,0,0.00
http://statistics.gov.scot/id/statistical-geography/S01010368,Kelvindale - 06,"","","","","","","","","","","","",0,0,0,0,0,0.00
http://statistics.gov.scot/id/statistical-geography/S01010374,Kelvingrove and University - 01,"","","","","","","","","","","","",0,0,0,0,0,0.00
http://statistics.gov.scot/id/statistical-geography/S01010375,Kelvingrove and University - 02,"","","","","","","","","","","","",0,0,0,0,0,0.00
http://statistics.gov.scot/id/statistical-geography/S01010376,Kelvingrove and University - 03,"","","","","","","","","","","","",5.56,0,0,0,0,0.00
http://statistics.gov.scot/id/statistical-geography/S01010377,Kelvingrove and University - 04,"","","","","","","","","","","","",0,0,0,0,0,0.00
http://statistics.gov.scot/id/statistical-geography/S01010378,Kelvingrove and University - 05,"","","","","","","","","","","","",0,0,0,0,0,0.00
http://statistics.gov.scot/id/statistical-geography/S01010379,Kelvingrove and University - 06,"","","","","","","","","","","","",0,0,0,0,0,0.00
http://statistics.gov.scot/id/statistical-geography/S01010380,Kelvingrove and University - 07,"","","","","","","","","","","","",0,0,0,0,0,0.00
http://statistics.gov.scot/id/statistical-geography/S01010408,Kelvinside and Jordanhill - 01,"","","","","","","","","","","","",0,0,0,0,0,0.00
http://statistics.gov.scot/id/statistical-geography/S01010409,Kelvinside and Jordanhill - 02,"","","","","","","","","","","","",0,0,0,0,0,0.00
http://statistics.gov.scot/id/statistical-geography/S01010410,Kelvinside and Jordanhill - 03,"","","","","","","","","","","","",0,0,0,0,0,0.00
http://statistics.gov.scot/id/statistical-geography/S01010411,Kelvinside and Jordanhill - 04,"","","","","","","","","","","","",0,0,0,0,0,0.00
http://statistics.gov.scot/id/statistical-geography/S01010412,Kelvinside and Jordanhill - 05,"","","","","","","","","","","","",0,0,0,0,0,0.00
http://statistics.gov.scot/id/statistical-geography/S01010413,Kelvinside and Jordanhill - 06,"","","","","","","","","","","","",0,0,0,0,0,0.00
http://statistics.gov.scot/id/statistical-geography/S01010414,Kelvinside and Jordanhill - 07,"","","","","","","","","","","","",0,0,0,0,0,0.00
http://statistics.gov.scot/id/statistical-geography/S01006889,Kemnay - 01,"","","","","","","","","","","","",18.18,15.38,26.67,25,12.5,12.5
http://statistics.gov.scot/id/statistical-geography/S01006890,Kemnay - 02,"","","","","","","","","","","","",10,0,0,0,0,0.00
http://statistics.gov.scot/id/statistical-geography/S01006891,Kemnay - 03,"","","","","","","","","","","","",8.33,7.69,0,0,0,0.00
http://statistics.gov.scot/id/statistical-geography/S01006892,Kemnay - 04,"","","","","","","","","","","","",0,0,0,0,14.29,20
http://statistics.gov.scot/id/statistical-geography/S01006893,Kemnay - 05,"","","","","","","","","","","","",14.29,0,20,33.33,33.33,0.00
http://statistics.gov.scot/id/statistical-geography/S01009659,Kennoway Central,"","","","","","","","","","","","",30.77,45.45,33.33,25,12.5,36.36
http://statistics.gov.scot/id/statistical-geography/S01009656,Kennoway East,"","","","","","","","","","","","",0,9.09,22.22,27.27,40,33.33
http://statistics.gov.scot/id/statistical-geography/S01009660,Kennoway North East,"","","","","","","","","","","","",22.22,30,50,41.67,33.33,25
http://statistics.gov.scot/id/statistical-geography/S01009658,Kennoway North West,"","","","","","","","","","","","",26.67,35.29,30,25,25,16.67
http://statistics.gov.scot/id/statistical-geography/S01009657,Kennoway Sandy Brae,"","","","","","","","","","","","",15.38,11.76,15.38,0,0,0.00
http://statistics.gov.scot/id/statistical-geography/S01009655,Kennoway South East,"","","","","","","","","","","","",30,27.27,27.27,28.57,14.29,12.5
http://statistics.gov.scot/id/statistical-geography/S01010309,Keppochhill - 01,"","","","","","","","","","","","",0,0,0,0,0,25
http://statistics.gov.scot/id/statistical-geography/S01010310,Keppochhill - 02,"","","","","","","","","","","","",0,0,0,0,0,7.69
http://statistics.gov.scot/id/statistical-geography/S01010311,Keppochhill - 03,"","","","","","","","","","","","",0,0,0,0,7.14,14.29
http://statistics.gov.scot/id/statistical-geography/S01010312,Keppochhill - 04,"","","","","","","","","","","","",41.67,30.77,9.09,0,0,0.00
http://statistics.gov.scot/id/statistical-geography/S01010313,Keppochhill - 05,"","","","","","","","","","","","",35.29,25,33.33,7.14,10,0.00
http://statistics.gov.scot/id/statistical-geography/S01010314,Keppochhill - 06,"","","","","","","","","","","","",7.14,14.29,12.5,10,11.11,5.56
http://statistics.gov.scot/id/statistical-geography/S01008080,Kessington East - 01,"","","","","","","","","","","","",14.29,11.11,0,0,0,0.00
http://statistics.gov.scot/id/statistical-geography/S01008081,Kessington East - 02,"","","","","","","","","","","","",0,0,0,0,0,0.00
http://statistics.gov.scot/id/statistical-geography/S01008082,Kessington East - 03,"","","","","","","","","","","","",0,0,0,0,0,0.00
http://statistics.gov.scot/id/statistical-geography/S01008083,Kessington East - 04,"","","","","","","","","","","","",0,0,0,0,0,0.00
http://statistics.gov.scot/id/statistical-geography/S01008076,Kessington West - 01,"","","","","","","","","","","","",0,0,0,0,0,0.00
http://statistics.gov.scot/id/statistical-geography/S01008077,Kessington West - 02,"","","","","","","","","","","","",0,0,0,0,0,0.00
http://statistics.gov.scot/id/statistical-geography/S01008078,Kessington West - 03,"","","","","","","","","","","","",0,0,0,0,0,0.00
http://statistics.gov.scot/id/statistical-geography/S01008079,Kessington West - 04,"","","","","","","","","","","","",0,0,0,0,0,0.00
http://statistics.gov.scot/id/statistical-geography/S01009662,Kettlebridge and Rameldry,"","","","","","","","","","","","",0,7.69,10,14.29,33.33,25
http://statistics.gov.scot/id/statistical-geography/S01008045,Keystone and Dougalston - 01,"","","","","","","","","","","","",0,0,0,0,10,6.67
http://statistics.gov.scot/id/statistical-geography/S01008046,Keystone and Dougalston - 02,"","","","","","","","","","","","",0,0,9.09,9.09,12.5,0.00
http://statistics.gov.scot/id/statistical-geography/S01008047,Keystone and Dougalston - 03,"","","","","","","","","","","","",0,0,0,0,0,0.00
http://statistics.gov.scot/id/statistical-geography/S01008048,Keystone and Dougalston - 04,"","","","","","","","","","","","",0,0,0,0,0,0.00
http://statistics.gov.scot/id/statistical-geography/S01008049,Keystone and Dougalston - 05,"","","","","","","","","","","","",25,16.67,0,0,0,0.00
http://statistics.gov.scot/id/statistical-geography/S01012033,Kilbarchan - 01,"","","","","","","","","","","","",15.38,18.18,11.11,0,0,0.00
http://statistics.gov.scot/id/statistical-geography/S01012034,Kilbarchan - 02,"","","","","","","","","","","","",0,0,0,0,11.11,12.5
http://statistics.gov.scot/id/statistical-geography/S01012035,Kilbarchan - 03,"","","","","","","","","","","","",16.67,9.09,8.33,0,0,0.00
http://statistics.gov.scot/id/statistical-geography/S01012036,Kilbarchan - 04,"","","","","","","","","","","","",0,14.29,10,10,0,0.00
http://statistics.gov.scot/id/statistical-geography/S01011338,Kilbirnie North - 01,"","","","","","","","","","","","",16.67,0,0,14.29,16.67,40
http://statistics.gov.scot/id/statistical-geography/S01011339,Kilbirnie North - 02,"","","","","","","","","","","","",30,30,25,0,0,0.00
http://statistics.gov.scot/id/statistical-geography/S01011340,Kilbirnie North - 03,"","","","","","","","","","","","",46.15,44.44,60,0,14.29,12.5
http://statistics.gov.scot/id/statistical-geography/S01011341,Kilbirnie North - 04,"","","","","","","","","","","","",0,11.11,12.5,11.11,0,20
http://statistics.gov.scot/id/statistical-geography/S01011342,Kilbirnie North - 05,"","","","","","","","","","","","",0,11.11,12.5,16.67,0,0.00
http://statistics.gov.scot/id/statistical-geography/S01011343,Kilbirnie South and Longbar - 01,"","","","","","","","","","","","",18.18,9.09,7.69,0,0,8.33
http://statistics.gov.scot/id/statistical-geography/S01011344,Kilbirnie South and Longbar - 02,"","","","","","","","","","","","",22.22,12.5,16.67,12.5,18.18,15.38
http://statistics.gov.scot/id/statistical-geography/S01011345,Kilbirnie South and Longbar - 03,"","","","","","","","","","","","",30,10,25,25,33.33,38.46
http://statistics.gov.scot/id/statistical-geography/S01011346,Kilbirnie South and Longbar - 04,"","","","","","","","","","","","",33.33,25,0,0,0,12.5
http://statistics.gov.scot/id/statistical-geography/S01011347,Kilbirnie South and Longbar - 05,"","","","","","","","","","","","",0,0,16.67,20,14.29,0.00
http://statistics.gov.scot/id/statistical-geography/S01011750,Kildrum - 01,"","","","","","","","","","","","",0,12.5,16.67,10,7.14,11.11
http://statistics.gov.scot/id/statistical-geography/S01011751,Kildrum - 02,"","","","","","","","","","","","",17.65,18.75,12.5,6.25,0,0.00
http://statistics.gov.scot/id/statistical-geography/S01011752,Kildrum - 03,"","","","","","","","","","","","",16.67,23.81,11.11,5.26,4.55,13.04
http://statistics.gov.scot/id/statistical-geography/S01011753,Kildrum - 04,"","","","","","","","","","","","",9.09,0,0,0,0,7.69
http://statistics.gov.scot/id/statistical-geography/S01011754,Kildrum - 05,"","","","","","","","","","","","",11.76,15.38,10,0,7.69,7.14
http://statistics.gov.scot/id/statistical-geography/S01010816,Kilmacolm Central - 01,"","","","","","","","","","","","",0,0,0,0,0,0.00
http://statistics.gov.scot/id/statistical-geography/S01010817,Kilmacolm Central - 02,"","","","","","","","","","","","",0,0,0,0,0,0.00
http://statistics.gov.scot/id/statistical-geography/S01010818,Kilmacolm Central - 03,"","","","","","","","","","","","",0,0,0,0,0,0.00
http://statistics.gov.scot/id/statistical-geography/S01010819,"Kilmacolm, Quarriers, Greenock Upper East/Central - 01","","","","","","","","","","","","",0,0,0,0,0,0.00
http://statistics.gov.scot/id/statistical-geography/S01010820,"Kilmacolm, Quarriers, Greenock Upper East/Central - 02","","","","","","","","","","","","",0,0,0,0,33.33,16.67
http://statistics.gov.scot/id/statistical-geography/S01010821,"Kilmacolm, Quarriers, Greenock Upper East/Central - 03","","","","","","","","","","","","",0,0,0,0,0,0.00
http://statistics.gov.scot/id/statistical-geography/S01010822,"Kilmacolm, Quarriers, Greenock Upper East/Central - 04","","","","","","","","","","","","",0,0,0,0,0,0.00
http://statistics.gov.scot/id/statistical-geography/S01010823,"Kilmacolm, Quarriers, Greenock Upper East/Central - 05","","","","","","","","","","","","",0,0,14.29,16.67,25,0.00
http://statistics.gov.scot/id/statistical-geography/S01009746,Kilmany Rathillet and Logie,"","","","","","","","","","","","",0,0,0,100,33.33,33.33
http://statistics.gov.scot/id/statistical-geography/S01008050,Kilmardinny East - 01,"","","","","","","","","","","","",0,0,0,0,0,0.00
http://statistics.gov.scot/id/statistical-geography/S01008051,Kilmardinny East - 02,"","","","","","","","","","","","",0,0,0,0,0,0.00
http://statistics.gov.scot/id/statistical-geography/S01008052,Kilmardinny East - 03,"","","","","","","","","","","","",0,0,0,0,0,0.00
http://statistics.gov.scot/id/statistical-geography/S01008053,Kilmardinny East - 04,"","","","","","","","","","","","",0,0,0,0,0,0.00
http://statistics.gov.scot/id/statistical-geography/S01008054,Kilmardinny West - 01,"","","","","","","","","","","","",0,0,0,0,0,0.00
http://statistics.gov.scot/id/statistical-geography/S01008055,Kilmardinny West - 02,"","","","","","","","","","","","",0,0,0,0,0,0.00
http://statistics.gov.scot/id/statistical-geography/S01008056,Kilmardinny West - 03,"","","","","","","","","","","","",0,0,0,0,0,0.00
http://statistics.gov.scot/id/statistical-geography/S01008057,Kilmardinny West - 04,"","","","","","","","","","","","",0,0,0,0,0,0.00
http://statistics.gov.scot/id/statistical-geography/S01007973,Kilmarnock South Central and Caprington - 01,"","","","","","","","","","","","",0,0,0,0,0,0.00
http://statistics.gov.scot/id/statistical-geography/S01007974,Kilmarnock South Central and Caprington - 02,"","","","","","","","","","","","",0,6.67,7.69,8.33,0,0.00
http://statistics.gov.scot/id/statistical-geography/S01007975,Kilmarnock South Central and Caprington - 03,"","","","","","","","","","","","",12.5,0,12.5,18.18,20,9.09
http://statistics.gov.scot/id/statistical-geography/S01007976,Kilmarnock South Central and Caprington - 04,"","","","","","","","","","","","",10,10,10,7.14,6.67,5.56
http://statistics.gov.scot/id/statistical-geography/S01008030,Kilmaurs - 01,"","","","","","","","","","","","",18.18,25,16.67,10,0,0.00
http://statistics.gov.scot/id/statistical-geography/S01008031,Kilmaurs - 02,"","","","","","","","","","","","",25,37.5,0,14.29,9.09,8.33
http://statistics.gov.scot/id/statistical-geography/S01008032,Kilmaurs - 03,"","","","","","","","","","","","",0,0,0,0,0,0.00
http://statistics.gov.scot/id/statistical-geography/S01009712,Kilrenny,"","","","","","","","","","","","",33.33,28.57,12.5,0,0,0.00
http://statistics.gov.scot/id/statistical-geography/S01009719,Kilrymont East,"","","","","","","","","","","","",50,16.67,16.67,0,0,0.00
http://statistics.gov.scot/id/statistical-geography/S01009720,Kilrymont West,"","","","","","","","","","","","",11.11,0,0,0,0,0.00
http://statistics.gov.scot/id/statistical-geography/S01009716,Kilrymont and Langlands,"","","","","","","","","","","","",0,0,0,0,0,0.00
http://statistics.gov.scot/id/statistical-geography/S01011794,Kilsyth Bogside - 01,"","","","","","","","","","","","",18.18,16.67,27.27,18.18,20,12.5
http://statistics.gov.scot/id/statistical-geography/S01011795,Kilsyth Bogside - 02,"","","","","","","","","","","","",22.22,22.22,12.5,18.18,0,0.00
http://statistics.gov.scot/id/statistical-geography/S01011796,Kilsyth Bogside - 03,"","","","","","","","","","","","",18.18,25,50,33.33,35.29,16.67
http://statistics.gov.scot/id/statistical-geography/S01011797,Kilsyth Bogside - 04,"","","","","","","","","","","","",0,0,0,0,0,0.00
http://statistics.gov.scot/id/statistical-geography/S01011786,Kilsyth East and Croy - 01,"","","","","","","","","","","","",12.5,20,16.67,0,0,0.00
http://statistics.gov.scot/id/statistical-geography/S01011787,Kilsyth East and Croy - 02,"","","","","","","","","","","","",22.22,25,0,10,6.67,5.88
http://statistics.gov.scot/id/statistical-geography/S01011788,Kilsyth East and Croy - 03,"","","","","","","","","","","","",50,100,0,0,0,0.00
http://statistics.gov.scot/id/statistical-geography/S01011789,Kilsyth East and Croy - 04,"","","","","","","","","","","","",16.67,25,0,0,0,0.00
http://statistics.gov.scot/id/statistical-geography/S01011790,Kilsyth East and Croy - 05,"","","","","","","","","","","","",13.64,20,16.67,15,4.35,0.00
http://statistics.gov.scot/id/statistical-geography/S01011791,Kilsyth East and Croy - 06,"","","","","","","","","","","","",14.29,10,11.11,22.22,18.18,15.38
http://statistics.gov.scot/id/statistical-geography/S01011792,Kilsyth East and Croy - 07,"","","","","","","","","","","","",14.29,20,0,0,18.18,22.22
http://statistics.gov.scot/id/statistical-geography/S01011793,Kilsyth East and Croy - 08,"","","","","","","","","","","","",0,0,0,0,0,4.17
http://statistics.gov.scot/id/statistical-geography/S01011294,Kilwinning Central and North - 01,"","","","","","","","","","","","",0,13.33,33.33,33.33,36.36,22.22
http://statistics.gov.scot/id/statistical-geography/S01011295,Kilwinning Central and North - 02,"","","","","","","","","","","","",0,0,0,0,7.69,10
http://statistics.gov.scot/id/statistical-geography/S01011296,Kilwinning Central and North - 03,"","","","","","","","","","","","",33.33,20,0,0,0,0.00
http://statistics.gov.scot/id/statistical-geography/S01011297,Kilwinning Central and North - 04,"","","","","","","","","","","","",22.22,25,12.5,11.11,33.33,33.33
http://statistics.gov.scot/id/statistical-geography/S01011298,Kilwinning Central and North - 05,"","","","","","","","","","","","",27.27,40,27.27,25,0,0.00
http://statistics.gov.scot/id/statistical-geography/S01011285,Kilwinning Pennyburn - 01,"","","","","","","","","","","","",25,20,0,8.33,22.22,37.5
http://statistics.gov.scot/id/statistical-geography/S01011286,Kilwinning Pennyburn - 02,"","","","","","","","","","","","",8.33,35.71,45.45,55.56,25,33.33
http://statistics.gov.scot/id/statistical-geography/S01011287,Kilwinning Pennyburn - 03,"","","","","","","","","","","","",10,8.33,15.38,15.38,11.11,0.00
http://statistics.gov.scot/id/statistical-geography/S01011288,Kilwinning Pennyburn - 04,"","","","","","","","","","","","",27.27,33.33,10,12.5,20,33.33
http://statistics.gov.scot/id/statistical-geography/S01011289,Kilwinning West and Blacklands - 01,"","","","","","","","","","","","",37.5,28.57,25,8.33,6.25,7.14
http://statistics.gov.scot/id/statistical-geography/S01011290,Kilwinning West and Blacklands - 02,"","","","","","","","","","","","",13.33,7.14,13.64,11.76,11.76,6.67
http://statistics.gov.scot/id/statistical-geography/S01011291,Kilwinning West and Blacklands - 03,"","","","","","","","","","","","",13.33,23.08,20,22.22,27.27,18.18
http://statistics.gov.scot/id/statistical-geography/S01011292,Kilwinning West and Blacklands - 04,"","","","","","","","","","","","",16.67,0,0,10,9.09,10
http://statistics.gov.scot/id/statistical-geography/S01011293,Kilwinning West and Blacklands - 05,"","","","","","","","","","","","",14.29,11.11,33.33,18.18,11.11,0.00
http://statistics.gov.scot/id/statistical-geography/S01011277,Kilwinning Whitehirst Park and Woodside - 01,"","","","","","","","","","","","",0,0,0,0,0,0.00
http://statistics.gov.scot/id/statistical-geography/S01011278,Kilwinning Whitehirst Park and Woodside - 02,"","","","","","","","","","","","",0,0,0,0,0,0.00
http://statistics.gov.scot/id/statistical-geography/S01011279,Kilwinning Whitehirst Park and Woodside - 03,"","","","","","","","","","","","",10,0,0,0,0,0.00
http://statistics.gov.scot/id/statistical-geography/S01011280,Kilwinning Whitehirst Park and Woodside - 04,"","","","","","","","","","","","",16.67,25,25,0,0,0.00
http://statistics.gov.scot/id/statistical-geography/S01011281,Kilwinning Whitehirst Park and Woodside - 05,"","","","","","","","","","","","",0,0,0,0,0,0.00
http://statistics.gov.scot/id/statistical-geography/S01011282,Kilwinning Whitehirst Park and Woodside - 06,"","","","","","","","","","","","",22.22,12.5,0,0,0,0.00
http://statistics.gov.scot/id/statistical-geography/S01011283,Kilwinning Whitehirst Park and Woodside - 07,"","","","","","","","","","","","",6.25,0,0,0,0,0.00
http://statistics.gov.scot/id/statistical-geography/S01011284,Kilwinning Whitehirst Park and Woodside - 08,"","","","","","","","","","","","",0,0,0,0,0,0.00
http://statistics.gov.scot/id/statistical-geography/S01009266,Kincardine East,"","","","","","","","","","","","",0,14.29,18.18,20,11.11,0.00
http://statistics.gov.scot/id/statistical-geography/S01009264,Kincardine North and Tulliallan,"","","","","","","","","","","","",0,0,0,14.29,16.67,14.29
http://statistics.gov.scot/id/statistical-geography/S01009267,Kincardine South,"","","","","","","","","","","","",0,0,0,0,0,0.00
http://statistics.gov.scot/id/statistical-geography/S01009265,Kincardine West,"","","","","","","","","","","","",0,0,0,0,0,0.00
http://statistics.gov.scot/id/statistical-geography/S01006603,"Kincorth, Leggart and Nigg North - 01","","","","","","","","","","","","",11.11,5.88,6.67,0,0,5.88
http://statistics.gov.scot/id/statistical-geography/S01006604,"Kincorth, Leggart and Nigg North - 02","","","","","","","","","","","","",16.67,0,0,6.67,8.33,10
http://statistics.gov.scot/id/statistical-geography/S01006605,"Kincorth, Leggart and Nigg North - 03","","","","","","","","","","","","",20,11.11,4.76,5.26,9.09,10
http://statistics.gov.scot/id/statistical-geography/S01006606,"Kincorth, Leggart and Nigg North - 04","","","","","","","","","","","","",9.09,11.11,14.29,14.29,9.09,8.33
http://statistics.gov.scot/id/statistical-geography/S01006607,"Kincorth, Leggart and Nigg North - 05","","","","","","","","","","","","",18.75,11.11,10,0,0,0.00
http://statistics.gov.scot/id/statistical-geography/S01006608,"Kincorth, Leggart and Nigg South - 01","","","","","","","","","","","","",14.29,8.7,5.26,0,0,0.00
http://statistics.gov.scot/id/statistical-geography/S01006609,"Kincorth, Leggart and Nigg South - 02","","","","","","","","","","","","",0,0,6.25,5,22.22,17.65
http://statistics.gov.scot/id/statistical-geography/S01006610,"Kincorth, Leggart and Nigg South - 03","","","","","","","","","","","","",33.33,25,16.67,0,0,0.00
http://statistics.gov.scot/id/statistical-geography/S01006611,"Kincorth, Leggart and Nigg South - 04","","","","","","","","","","","","",11.11,9.09,6.25,0,0,0.00
http://statistics.gov.scot/id/statistical-geography/S01006612,"Kincorth, Leggart and Nigg South - 05","","","","","","","","","","","","",0,7.14,15.38,22.22,12.5,0.00
http://statistics.gov.scot/id/statistical-geography/S01013059,King's Park and Torbrex - 01,"","","","","","","","","","","","",0,0,0,0,7.14,7.69
http://statistics.gov.scot/id/statistical-geography/S01013060,King's Park and Torbrex - 02,"","","","","","","","","","","","",0,0,0,0,0,0.00
http://statistics.gov.scot/id/statistical-geography/S01013061,King's Park and Torbrex - 03,"","","","","","","","","","","","",14.29,16.67,0,0,0,0.00
http://statistics.gov.scot/id/statistical-geography/S01013062,King's Park and Torbrex - 04,"","","","","","","","","","","","",0,0,0,0,0,0.00
http://statistics.gov.scot/id/statistical-geography/S01013063,King's Park and Torbrex - 05,"","","","","","","","","","","","",12.5,16.67,20,0,0,0.00
http://statistics.gov.scot/id/statistical-geography/S01007597,Kingholm - 01,"","","","","","","","","","","","",25,20,25,0,0,0.00
http://statistics.gov.scot/id/statistical-geography/S01007598,Kingholm - 02,"","","","","","","","","","","","",42.86,37.5,22.22,0,14.29,25
http://statistics.gov.scot/id/statistical-geography/S01007599,Kingholm - 03,"","","","","","","","","","","","",0,0,0,12.5,14.29,11.11
http://statistics.gov.scot/id/statistical-geography/S01007600,Kingholm - 04,"","","","","","","","","","","","",10,12.5,0,0,11.11,10
http://statistics.gov.scot/id/statistical-geography/S01009468,Kinghorn Central,"","","","","","","","","","","","",16.67,16.67,16.67,14.29,0,0.00
http://statistics.gov.scot/id/statistical-geography/S01009469,Kinghorn North,"","","","","","","","","","","","",0,0,14.29,20,15.38,9.09
http://statistics.gov.scot/id/statistical-geography/S01009470,Kinghorn North West,"","","","","","","","","","","","",0,0,25,16.67,14.29,0.00
http://statistics.gov.scot/id/statistical-geography/S01009467,Kinghorn South,"","","","","","","","","","","","",0,0,0,0,0,0.00
http://statistics.gov.scot/id/statistical-geography/S01009546,Kinglassie East,"","","","","","","","","","","","",6.45,6.67,6.45,4.17,0,4.55
http://statistics.gov.scot/id/statistical-geography/S01009545,Kinglassie West,"","","","","","","","","","","","",0,11.11,33.33,50,42.86,28.57
http://statistics.gov.scot/id/statistical-geography/S01009322,Kingseat,"","","","","","","","","","","","",7.69,6.67,0,0,0,0.00
http://statistics.gov.scot/id/statistical-geography/S01009327,Kingseathill,"","","","","","","","","","","","",0,0,0,0,0,0.00
http://statistics.gov.scot/id/statistical-geography/S01009663,Kingskettle and Balmalcolm,"","","","","","","","","","","","",0,0,0,0,0,0.00
http://statistics.gov.scot/id/statistical-geography/S01009999,Kingspark North - 01,"","","","","","","","","","","","",0,11.11,11.11,16.67,0,0.00
http://statistics.gov.scot/id/statistical-geography/S01010000,Kingspark North - 02,"","","","","","","","","","","","",0,0,7.69,11.11,10,0.00
http://statistics.gov.scot/id/statistical-geography/S01010001,Kingspark North - 03,"","","","","","","","","","","","",15.79,9.09,11.11,0,0,0.00
http://statistics.gov.scot/id/statistical-geography/S01010002,Kingspark North - 04,"","","","","","","","","","","","",6.67,14.29,16.67,20,11.11,14.29
http://statistics.gov.scot/id/statistical-geography/S01010003,Kingspark North - 05,"","","","","","","","","","","","",6.67,7.14,0,0,0,0.00
http://statistics.gov.scot/id/statistical-geography/S01010004,Kingspark North - 06,"","","","","","","","","","","","",0,0,0,0,0,0.00
http://statistics.gov.scot/id/statistical-geography/S01009993,Kingspark South - 01,"","","","","","","","","","","","",10,13.33,13.33,11.11,6.67,5.56
http://statistics.gov.scot/id/statistical-geography/S01009994,Kingspark South - 02,"","","","","","","","","","","","",4.55,6.67,5.56,5.88,6.25,7.69
http://statistics.gov.scot/id/statistical-geography/S01009995,Kingspark South - 03,"","","","","","","","","","","","",16.67,11.11,18.18,14.29,25,20
http://statistics.gov.scot/id/statistical-geography/S01009996,Kingspark South - 04,"","","","","","","","","","","","",27.78,20,13.33,6.67,6.25,0.00
http://statistics.gov.scot/id/statistical-geography/S01009997,Kingspark South - 05,"","","","","","","","","","","","",0,0,7.14,8.33,14.29,0.00
http://statistics.gov.scot/id/statistical-geography/S01009998,Kingspark South - 06,"","","","","","","","","","","","",16.67,11.11,14.29,16.67,20,0.00
http://statistics.gov.scot/id/statistical-geography/S01009871,Kingston West and Dumbreck - 01,"","","","","","","","","","","","",4.76,11.11,16.67,18.18,0,0.00
http://statistics.gov.scot/id/statistical-geography/S01009872,Kingston West and Dumbreck - 02,"","","","","","","","","","","","",7.69,7.69,7.14,13.33,7.14,6.67
http://statistics.gov.scot/id/statistical-geography/S01009873,Kingston West and Dumbreck - 03,"","","","","","","","","","","","",7.69,5.88,4.55,0,0,0.00
http://statistics.gov.scot/id/statistical-geography/S01009874,Kingston West and Dumbreck - 04,"","","","","","","","","","","","",0,0,0,6.25,5,10
http://statistics.gov.scot/id/statistical-geography/S01006732,Kingswells - 01,"","","","","","","","","","","","",7.14,8.33,10,0,0,0.00
http://statistics.gov.scot/id/statistical-geography/S01006733,Kingswells - 02,"","","","","","","","","","","","",0,0,0,0,0,7.69
http://statistics.gov.scot/id/statistical-geography/S01006734,Kingswells - 03,"","","","","","","","","","","","",5,4.17,0,4,0,0.00
http://statistics.gov.scot/id/statistical-geography/S01006735,Kingswells - 04,"","","","","","","","","","","","",16.67,25,20,16.67,0,0.00
http://statistics.gov.scot/id/statistical-geography/S01006736,Kingswells - 05,"","","","","","","","","","","","",4.55,13.64,15.79,10.53,0,0.00
http://statistics.gov.scot/id/statistical-geography/S01006737,Kingswells - 06,"","","","","","","","","","","","",0,0,0,0,0,0.00
http://statistics.gov.scot/id/statistical-geography/S01009725,Kinness Burn,"","","","","","","","","","","","",0,"","","",0,0.00
http://statistics.gov.scot/id/statistical-geography/S01009724,Kinness Burn East,"","","","","","","","","","","","",0,9.09,9.09,11.11,0,12.5
http://statistics.gov.scot/id/statistical-geography/S01009732,Kinness Burn West,"","","","","","","","","","","","",0,20,20,25,0,0.00
http://statistics.gov.scot/id/statistical-geography/S01009866,Kinning Park and Festival Park - 01,"","","","","","","","","","","","",0,0,0,0,0,0.00
http://statistics.gov.scot/id/statistical-geography/S01009867,Kinning Park and Festival Park - 02,"","","","","","","","","","","","",0,0,0,0,0,0.00
http://statistics.gov.scot/id/statistical-geography/S01009868,Kinning Park and Festival Park - 03,"","","","","","","","","","","","",7.69,0,0,0,0,0.00
http://statistics.gov.scot/id/statistical-geography/S01009869,Kinning Park and Festival Park - 04,"","","","","","","","","","","","",0,0,0,11.11,9.09,9.09
http://statistics.gov.scot/id/statistical-geography/S01009870,Kinning Park and Festival Park - 05,"","","","","","","","","","","","",5.88,13.33,14.29,10.53,0,0.00
http://statistics.gov.scot/id/statistical-geography/S01011838,Kinross - 01,"","","","","","","","","","","","",0,0,0,0,0,0.00
http://statistics.gov.scot/id/statistical-geography/S01011839,Kinross - 02,"","","","","","","","","","","","",0,0,0,0,0,0.00
http://statistics.gov.scot/id/statistical-geography/S01011840,Kinross - 03,"","","","","","","","","","","","",0,0,0,0,9.09,7.14
http://statistics.gov.scot/id/statistical-geography/S01011841,Kinross - 04,"","","","","","","","","","","","",6.25,0,0,0,0,0.00
http://statistics.gov.scot/id/statistical-geography/S01011842,Kinross - 05,"","","","","","","","","","","","",6.67,5,5.26,7.69,13.33,5.56
http://statistics.gov.scot/id/statistical-geography/S01006916,Kintore - 01,"","","","","","","","","","","","",0,0,0,0,0,0.00
http://statistics.gov.scot/id/statistical-geography/S01006917,Kintore - 02,"","","","","","","","","","","","",0,0,0,0,0,0.00
http://statistics.gov.scot/id/statistical-geography/S01006918,Kintore - 03,"","","","","","","","","","","","",25,30.77,11.11,12.5,0,0.00
http://statistics.gov.scot/id/statistical-geography/S01006919,Kintore - 04,"","","","","","","","","","","","",0,25,16.67,16.67,0,0.00
http://statistics.gov.scot/id/statistical-geography/S01006920,Kintore - 05,"","","","","","","","","","","","",0,0,0,7.14,11.11,14.29
http://statistics.gov.scot/id/statistical-geography/S01006921,Kintore - 06,"","","","","","","","","","","","",0,0,0,0,0,0.00
http://statistics.gov.scot/id/statistical-geography/S01006922,Kintore - 07,"","","","","","","","","","","","",15.38,18.18,9.09,0,0,0.00
http://statistics.gov.scot/id/statistical-geography/S01006923,Kintore - 08,"","","","","","","","","","","","",0,0,0,0,0,0.00
http://statistics.gov.scot/id/statistical-geography/S01006924,Kintore - 09,"","","","","","","","","","","","",0,0,0,0,0,14.29
http://statistics.gov.scot/id/statistical-geography/S01007329,Kintyre Trail - 01,"","","","","","","","","","","","",10,10,0,0,0,0.00
http://statistics.gov.scot/id/statistical-geography/S01007330,Kintyre Trail - 02,"","","","","","","","","","","","",0,0,0,0,0,0.00
http://statistics.gov.scot/id/statistical-geography/S01007331,Kintyre Trail - 03,"","","","","","","","","","","","",0,0,0,6.25,7.14,7.69
http://statistics.gov.scot/id/statistical-geography/S01007332,Kintyre Trail - 04,"","","","","","","","","","","","",40,0,0,0,0,0.00
http://statistics.gov.scot/id/statistical-geography/S01013015,Kippen and Fintry - 01,"","","","","","","","","","","","",0,0,0,0,0,0.00
http://statistics.gov.scot/id/statistical-geography/S01013016,Kippen and Fintry - 02,"","","","","","","","","","","","",16.67,0,0,0,0,0.00
http://statistics.gov.scot/id/statistical-geography/S01013017,Kippen and Fintry - 03,"","","","","","","","","","","","",10,16.67,22.22,16.67,0,12.5
http://statistics.gov.scot/id/statistical-geography/S01013018,Kippen and Fintry - 04,"","","","","","","","","","","","",14.29,0,0,0,0,0.00
http://statistics.gov.scot/id/statistical-geography/S01009479,Kirkcaldy Central,"","","","","","","","","","","","",0,0,8.33,21.43,21.43,11.76
http://statistics.gov.scot/id/statistical-geography/S01009477,Kirkcaldy Central North,"","","","","","","","","","","","",0,0,0,0,0,0.00
http://statistics.gov.scot/id/statistical-geography/S01009480,Kirkcaldy Central South,"","","","","","","","","","","","",0,0,0,0,0,0.00
http://statistics.gov.scot/id/statistical-geography/S01009478,Kirkcaldy Central and East,"","","","","","","","","","","","",5.26,12.5,12.5,6.67,0,6.67
http://statistics.gov.scot/id/statistical-geography/S01009499,Kirkcaldy Long Braes,"","","","","","","","","","","","",0,0,7.69,11.11,11.76,6.25
http://statistics.gov.scot/id/statistical-geography/S01009509,Kirkcaldy Valley East,"","","","","","","","","","","","",27.78,38.46,11.11,0,0,0.00
http://statistics.gov.scot/id/statistical-geography/S01009504,Kirkcaldy Valley West,"","","","","","","","","","","","",23.08,13.33,21.05,20,25,14.29
http://statistics.gov.scot/id/statistical-geography/S01009529,Kirkcaldy Viewforth,"","","","","","","","","","","","",0,0,0,0,0,0.00
http://statistics.gov.scot/id/statistical-geography/S01007526,Kirkcudbright - 01,"","","","","","","","","","","","",16.67,16.67,20,20,18.18,12.5
http://statistics.gov.scot/id/statistical-geography/S01007527,Kirkcudbright - 02,"","","","","","","","","","","","",0,0,0,0,0,0.00
http://statistics.gov.scot/id/statistical-geography/S01007528,Kirkcudbright - 03,"","","","","","","","","","","","",11.11,12.5,25,0,0,0.00
http://statistics.gov.scot/id/statistical-geography/S01007529,Kirkcudbright - 04,"","","","","","","","","","","","",20,20,0,0,0,0.00
http://statistics.gov.scot/id/statistical-geography/S01007530,Kirkcudbright - 05,"","","","","","","","","","","","",33.33,"",50,33.33,25,0.00
http://statistics.gov.scot/id/statistical-geography/S01007531,Kirkcudbright - 06,"","","","","","","","","","","","",0,14.29,20,12.5,0,14.29
http://statistics.gov.scot/id/statistical-geography/S01007532,Kirkcudbright - 07,"","","","","","","","","","","","",0,0,0,0,0,0.00
http://statistics.gov.scot/id/statistical-geography/S01007533,Kirkcudbright - 08,"","","","","","","","","","","","",16.67,12.5,11.11,0,0,0.00
http://statistics.gov.scot/id/statistical-geography/S01008127,Kirkintilloch South - 01,"","","","","","","","","","","","",0,7.14,11.11,8.33,0,0.00
http://statistics.gov.scot/id/statistical-geography/S01008128,Kirkintilloch South - 02,"","","","","","","","","","","","",0,0,10,9.09,9.09,0.00
http://statistics.gov.scot/id/statistical-geography/S01008129,Kirkintilloch South - 03,"","","","","","","","","","","","",8.7,6.25,0,7.69,7.14,9.09
http://statistics.gov.scot/id/statistical-geography/S01008130,Kirkintilloch South - 04,"","","","","","","","","","","","",21.05,10.53,5,9.09,11.11,18.18
http://statistics.gov.scot/id/statistical-geography/S01008131,Kirkintilloch West - 01,"","","","","","","","","","","","",12.5,7.14,0,0,0,0.00
http://statistics.gov.scot/id/statistical-geography/S01008132,Kirkintilloch West - 02,"","","","","","","","","","","","",0,0,0,0,0,10
http://statistics.gov.scot/id/statistical-geography/S01008133,Kirkintilloch West - 03,"","","","","","","","","","","","",12.5,10,10,10,0,0.00
http://statistics.gov.scot/id/statistical-geography/S01008134,Kirkintilloch West - 04,"","","","","","","","","","","","",16.67,0,0,0,0,0.00
http://statistics.gov.scot/id/statistical-geography/S01008135,Kirkintilloch West - 05,"","","","","","","","","","","","",5.56,7.14,0,6.25,4.55,5.56
http://statistics.gov.scot/id/statistical-geography/S01012647,Kirkmuirhill and Blackwood - 01,"","","","","","","","","","","","",0,0,0,0,7.69,0.00
http://statistics.gov.scot/id/statistical-geography/S01012648,Kirkmuirhill and Blackwood - 02,"","","","","","","","","","","","",33.33,23.08,16.67,0,0,0.00
http://statistics.gov.scot/id/statistical-geography/S01012649,Kirkmuirhill and Blackwood - 03,"","","","","","","","","","","","",0,0,25,33.33,25,0.00
http://statistics.gov.scot/id/statistical-geography/S01012650,Kirkmuirhill and Blackwood - 04,"","","","","","","","","","","","",0,0,0,0,0,0.00
http://statistics.gov.scot/id/statistical-geography/S01012651,Kirkmuirhill and Blackwood - 05,"","","","","","","","","","","","",8.33,16.67,11.11,12.5,0,0.00
http://statistics.gov.scot/id/statistical-geography/S01012652,Kirkmuirhill and Blackwood - 06,"","","","","","","","","","","","",0,0,0,0,0,0.00
http://statistics.gov.scot/id/statistical-geography/S01011562,Kirkshaws - 01,"","","","","","","","","","","","",50,40,20,16.67,0,33.33
http://statistics.gov.scot/id/statistical-geography/S01011563,Kirkshaws - 02,"","","","","","","","","","","","",0,0,15.38,20,18.18,18.18
http://statistics.gov.scot/id/statistical-geography/S01011564,Kirkshaws - 03,"","","","","","","","","","","","",13.33,20,0,20,33.33,46.67
http://statistics.gov.scot/id/statistical-geography/S01011565,Kirkshaws - 04,"","","","","","","","","","","","",4.55,5.88,0,7.14,6.25,7.69
http://statistics.gov.scot/id/statistical-geography/S01011566,Kirkshaws - 05,"","","","","","","","","","","","",27.78,10,5.88,6.67,9.09,14.29
http://statistics.gov.scot/id/statistical-geography/S01011567,Kirkshaws - 06,"","","","","","","","","","","","",6.25,13.33,6.67,7.69,0,12.5
http://statistics.gov.scot/id/statistical-geography/S01011568,Kirkshaws - 07,"","","","","","","","","","","","",13.33,11.11,0,0,0,0.00
http://statistics.gov.scot/id/statistical-geography/S01007811,Kirkton - 01,"","","","","","","","","","","","",38.46,15.38,9.09,18.75,21.43,18.75
http://statistics.gov.scot/id/statistical-geography/S01007812,Kirkton - 02,"","","","","","","","","","","","",11.76,21.43,35.71,35.29,23.53,12.5
http://statistics.gov.scot/id/statistical-geography/S01007813,Kirkton - 03,"","","","","","","","","","","","",47.06,43.75,45.45,40,14.29,20
http://statistics.gov.scot/id/statistical-geography/S01007814,Kirkton - 04,"","","","","","","","","","","","",10,20,22.22,16.67,0,0.00
http://statistics.gov.scot/id/statistical-geography/S01007815,Kirkton - 05,"","","","","","","","","","","","",0,25,33.33,20,0,0.00
http://statistics.gov.scot/id/statistical-geography/S01011553,Kirkwood and Bargeddie - 01,"","","","","","","","","","","","",0,0,12.5,14.29,11.11,0.00
http://statistics.gov.scot/id/statistical-geography/S01011554,Kirkwood and Bargeddie - 02,"","","","","","","","","","","","",5.88,4.76,5,6.67,9.09,0.00
http://statistics.gov.scot/id/statistical-geography/S01011555,Kirkwood and Bargeddie - 03,"","","","","","","","","","","","",38.46,30.77,18.18,0,0,0.00
http://statistics.gov.scot/id/statistical-geography/S01011556,Kirkwood and Bargeddie - 04,"","","","","","","","","","","","",0,10,20,33.33,12.5,9.09
http://statistics.gov.scot/id/statistical-geography/S01011557,Kirkwood and Bargeddie - 05,"","","","","","","","","","","","",11.11,12.5,0,10,9.09,11.11
http://statistics.gov.scot/id/statistical-geography/S01011558,Kirkwood and Bargeddie - 06,"","","","","","","","","","","","",22.22,22.22,12.5,0,0,0.00
http://statistics.gov.scot/id/statistical-geography/S01011559,Kirkwood and Bargeddie - 07,"","","","","","","","","","","","",23.08,21.43,30.77,55.56,30,20
http://statistics.gov.scot/id/statistical-geography/S01011560,Kirkwood and Bargeddie - 08,"","","","","","","","","","","","",12.5,14.29,16.67,22.22,14.29,20
http://statistics.gov.scot/id/statistical-geography/S01011561,Kirkwood and Bargeddie - 09,"","","","","","","","","","","","",0,10,16.67,50,25,33.33
http://statistics.gov.scot/id/statistical-geography/S01007271,Kirriemuir - 01,"","","","","","","","","","","","",11.11,0,10,14.29,14.29,0.00
http://statistics.gov.scot/id/statistical-geography/S01007272,Kirriemuir - 02,"","","","","","","","","","","","",23.08,27.27,17.65,17.65,6.67,6.67
http://statistics.gov.scot/id/statistical-geography/S01007273,Kirriemuir - 03,"","","","","","","","","","","","",16.67,20,20,0,0,0.00
http://statistics.gov.scot/id/statistical-geography/S01007274,Kirriemuir - 04,"","","","","","","","","","","","",9.09,14.29,0,0,0,20
http://statistics.gov.scot/id/statistical-geography/S01007275,Kirriemuir - 05,"","","","","","","","","","","","",25,16.67,0,0,0,0.00
http://statistics.gov.scot/id/statistical-geography/S01007276,Kirriemuir - 06,"","","","","","","","","","","","",9.09,0,0,0,7.69,18.18
http://statistics.gov.scot/id/statistical-geography/S01007277,Kirriemuir - 07,"","","","","","","","","","","","",0,0,0,0,0,0.00
http://statistics.gov.scot/id/statistical-geography/S01007278,Kirriemuir - 08,"","","","","","","","","","","","",0,0,0,0,0,0.00
http://statistics.gov.scot/id/statistical-geography/S01007266,Kirriemuir Landward - 01,"","","","","","","","","","","","",9.09,0,28.57,33.33,33.33,0.00
http://statistics.gov.scot/id/statistical-geography/S01007267,Kirriemuir Landward - 02,"","","","","","","","","","","","",0,0,0,0,0,0.00
http://statistics.gov.scot/id/statistical-geography/S01007268,Kirriemuir Landward - 03,"","","","","","","","","","","","",0,0,0,0,0,0.00
http://statistics.gov.scot/id/statistical-geography/S01007269,Kirriemuir Landward - 04,"","","","","","","","","","","","",0,0,0,0,0,0.00
http://statistics.gov.scot/id/statistical-geography/S01007270,Kirriemuir Landward - 05,"","","","","","","","","","","","",0,0,0,25,25,14.29
http://statistics.gov.scot/id/statistical-geography/S01007320,Knapdale - 01,"","","","","","","","","","","","",0,0,0,0,0,0.00
http://statistics.gov.scot/id/statistical-geography/S01007321,Knapdale - 02,"","","","","","","","","","","","",0,0,0,0,0,0.00
http://statistics.gov.scot/id/statistical-geography/S01007322,Knapdale - 03,"","","","","","","","","","","","",7.14,0,8.33,12.5,22.22,14.29
http://statistics.gov.scot/id/statistical-geography/S01007323,Knapdale - 04,"","","","","","","","","","","","",16.67,14.29,14.29,0,0,0.00
http://statistics.gov.scot/id/statistical-geography/S01013330,Knightsridge - 01,"","","","","","","","","","","","",9.09,0,0,0,5.88,5.56
http://statistics.gov.scot/id/statistical-geography/S01013331,Knightsridge - 02,"","","","","","","","","","","","",0,0,0,0,0,0.00
http://statistics.gov.scot/id/statistical-geography/S01013332,Knightsridge - 03,"","","","","","","","","","","","",16.67,0,0,0,0,0.00
http://statistics.gov.scot/id/statistical-geography/S01013333,Knightsridge - 04,"","","","","","","","","","","","",30,40,0,12.5,11.11,9.09
http://statistics.gov.scot/id/statistical-geography/S01013334,Knightsridge - 05,"","","","","","","","","","","","",28.57,22.22,14.29,16.67,20,10
http://statistics.gov.scot/id/statistical-geography/S01013335,Knightsridge - 06,"","","","","","","","","","","","",33.33,33.33,33.33,15.38,10,16.67
http://statistics.gov.scot/id/statistical-geography/S01013336,Knightsridge - 07,"","","","","","","","","","","","",16.67,18.18,44.44,37.5,28.57,0.00
http://statistics.gov.scot/id/statistical-geography/S01013337,Knightsridge and Deans North - 01,"","","","","","","","","","","","",0,0,0,12.5,11.11,9.09
http://statistics.gov.scot/id/statistical-geography/S01013338,Knightsridge and Deans North - 02,"","","","","","","","","","","","",0,0,0,0,0,0.00
http://statistics.gov.scot/id/statistical-geography/S01013339,Knightsridge and Deans North - 03,"","","","","","","","","","","","",0,0,0,0,0,0.00
http://statistics.gov.scot/id/statistical-geography/S01013340,Knightsridge and Deans North - 04,"","","","","","","","","","","","",0,0,0,0,0,0.00
http://statistics.gov.scot/id/statistical-geography/S01013341,Knightsridge and Deans North - 05,"","","","","","","","","","","","",0,0,0,0,0,0.00
http://statistics.gov.scot/id/statistical-geography/S01010450,Knightswood East - 01,"","","","","","","","","","","","",10,8.33,0,0,0,0.00
http://statistics.gov.scot/id/statistical-geography/S01010451,Knightswood East - 02,"","","","","","","","","","","","",12.5,13.33,20,12.5,10,14.29
http://statistics.gov.scot/id/statistical-geography/S01010452,Knightswood East - 03,"","","","","","","","","","","","",9.09,0,0,0,0,0.00
http://statistics.gov.scot/id/statistical-geography/S01010453,Knightswood East - 04,"","","","","","","","","","","","",9.52,13.33,18.18,25,11.11,4
http://statistics.gov.scot/id/statistical-geography/S01010454,Knightswood East - 05,"","","","","","","","","","","","",10,17.65,12.5,15.38,0,0.00
http://statistics.gov.scot/id/statistical-geography/S01010460,Knightswood Park East - 01,"","","","","","","","","","","","",0,0,0,0,0,0.00
http://statistics.gov.scot/id/statistical-geography/S01010461,Knightswood Park East - 02,"","","","","","","","","","","","",6.67,6.67,7.14,0,4.76,4.17
http://statistics.gov.scot/id/statistical-geography/S01010462,Knightswood Park East - 03,"","","","","","","","","","","","",27.78,37.5,46.67,50,46.67,33.33
http://statistics.gov.scot/id/statistical-geography/S01010463,Knightswood Park East - 04,"","","","","","","","","","","","",10,22.22,12.5,9.09,0,0.00
http://statistics.gov.scot/id/statistical-geography/S01010464,Knightswood Park East - 05,"","","","","","","","","","","","",0,0,0,0,0,0.00
http://statistics.gov.scot/id/statistical-geography/S01010455,Knightswood Park West - 01,"","","","","","","","","","","","",17.65,26.32,37.5,21.43,7.14,0.00
http://statistics.gov.scot/id/statistical-geography/S01010456,Knightswood Park West - 02,"","","","","","","","","","","","",0,0,0,0,0,0.00
http://statistics.gov.scot/id/statistical-geography/S01010457,Knightswood Park West - 03,"","","","","","","","","","","","",14.29,14.29,14.29,0,0,0.00
http://statistics.gov.scot/id/statistical-geography/S01010458,Knightswood Park West - 04,"","","","","","","","","","","","",6.25,8.33,0,0,0,0.00
http://statistics.gov.scot/id/statistical-geography/S01010459,Knightswood Park West - 05,"","","","","","","","","","","","",25,0,0,0,0,0.00
http://statistics.gov.scot/id/statistical-geography/S01010447,Knightswood West - 01,"","","","","","","","","","","","",0,10.53,12.5,14.29,0,0.00
http://statistics.gov.scot/id/statistical-geography/S01010448,Knightswood West - 02,"","","","","","","","","","","","",0,7.69,6.67,8.33,18.18,33.33
http://statistics.gov.scot/id/statistical-geography/S01010449,Knightswood West - 03,"","","","","","","","","","","","",8.33,0,0,0,0,0.00
http://statistics.gov.scot/id/statistical-geography/S01009275,Knock Hill Landward,"","","","","","","","","","","","",22.22,40,25,20,0,0.00
http://statistics.gov.scot/id/statistical-geography/S01009666,Ladybank,"","","","","","","","","","","","",9.09,11.11,0,0,14.29,11.11
http://statistics.gov.scot/id/statistical-geography/S01009665,Ladybank Woods,"","","","","","","","","","","","",16.67,16.67,0,0,40,33.33
http://statistics.gov.scot/id/statistical-geography/S01009310,Ladys Mill,"","","","","","","","","","","","",0,14.29,11.11,10,0,0.00
http://statistics.gov.scot/id/statistical-geography/S01011476,Ladywell - 01,"","","","","","","","","","","","",0,0,0,0,0,0.00
http://statistics.gov.scot/id/statistical-geography/S01013323,Ladywell - 01,"","","","","","","","","","","","",11.11,16.67,16.67,21.43,14.29,9.09
http://statistics.gov.scot/id/statistical-geography/S01011477,Ladywell - 02,"","","","","","","","","","","","",0,0,0,0,0,9.09
http://statistics.gov.scot/id/statistical-geography/S01013324,Ladywell - 02,"","","","","","","","","","","","",0,0,0,0,22.22,18.18
http://statistics.gov.scot/id/statistical-geography/S01011478,Ladywell - 03,"","","","","","","","","","","","",0,0,0,0,0,0.00
http://statistics.gov.scot/id/statistical-geography/S01013325,Ladywell - 03,"","","","","","","","","","","","",20,15.38,7.69,11.11,16.67,22.22
http://statistics.gov.scot/id/statistical-geography/S01011479,Ladywell - 04,"","","","","","","","","","","","",0,0,0,0,0,16.67
http://statistics.gov.scot/id/statistical-geography/S01013326,Ladywell - 04,"","","","","","","","","","","","",0,0,0,0,0,0.00
http://statistics.gov.scot/id/statistical-geography/S01011480,Ladywell - 05,"","","","","","","","","","","","",0,0,0,7.14,10,7.69
http://statistics.gov.scot/id/statistical-geography/S01013327,Ladywell - 05,"","","","","","","","","","","","",50,50,33.33,0,20,0.00
http://statistics.gov.scot/id/statistical-geography/S01013328,Ladywell - 06,"","","","","","","","","","","","",0,0,0,0,0,0.00
http://statistics.gov.scot/id/statistical-geography/S01013329,Ladywell - 07,"","","","","","","","","","","","",14.29,33.33,25,20,0,0.00
http://statistics.gov.scot/id/statistical-geography/S01012721,Laighstonehall - 01,"","","","","","","","","","","","",0,10,10,14.29,16.67,12.5
http://statistics.gov.scot/id/statistical-geography/S01012722,Laighstonehall - 02,"","","","","","","","","","","","",0,0,0,0,0,0.00
http://statistics.gov.scot/id/statistical-geography/S01012723,Laighstonehall - 03,"","","","","","","","","","","","",0,0,0,0,0,12.5
http://statistics.gov.scot/id/statistical-geography/S01012724,Laighstonehall - 04,"","","","","","","","","","","","",6.25,0,0,0,7.69,15.38
http://statistics.gov.scot/id/statistical-geography/S01012725,Laighstonehall - 05,"","","","","","","","","","","","",5.88,5.88,9.09,13.33,13.33,8.33
http://statistics.gov.scot/id/statistical-geography/S01012623,Lanark North East - 01,"","","","","","","","","","","","",16.67,20,20,0,14.29,16.67
http://statistics.gov.scot/id/statistical-geography/S01012624,Lanark North East - 02,"","","","","","","","","","","","",0,12.5,10,11.11,0,11.11
http://statistics.gov.scot/id/statistical-geography/S01012625,Lanark North East - 03,"","","","","","","","","","","","",20,12.5,8.33,7.69,12.5,14.29
http://statistics.gov.scot/id/statistical-geography/S01012626,Lanark North East - 04,"","","","","","","","","","","","",20,33.33,33.33,0,0,0.00
http://statistics.gov.scot/id/statistical-geography/S01012619,Lanark North West - 01,"","","","","","","","","","","","",0,0,0,0,0,16.67
http://statistics.gov.scot/id/statistical-geography/S01012620,Lanark North West - 02,"","","","","","","","","","","","",0,0,0,0,0,0.00
http://statistics.gov.scot/id/statistical-geography/S01012621,Lanark North West - 03,"","","","","","","","","","","","",0,16.67,12.5,14.29,0,0.00
http://statistics.gov.scot/id/statistical-geography/S01012622,Lanark North West - 04,"","","","","","","","","","","","",13.33,16.67,11.11,12.5,11.11,14.29
http://statistics.gov.scot/id/statistical-geography/S01012627,Lanark South - 01,"","","","","","","","","","","","",55.56,62.5,33.33,12.5,11.11,10
http://statistics.gov.scot/id/statistical-geography/S01012628,Lanark South - 02,"","","","","","","","","","","","",0,0,0,0,7.69,7.69
http://statistics.gov.scot/id/statistical-geography/S01012629,Lanark South - 03,"","","","","","","","","","","","",0,0,0,0,0,0.00
http://statistics.gov.scot/id/statistical-geography/S01012630,Lanark South - 04,"","","","","","","","","","","","",15.38,6.67,0,16.67,18.18,18.18
http://statistics.gov.scot/id/statistical-geography/S01012631,Lanark South - 05,"","","","","","","","","","","","",0,8.33,11.11,0,0,14.29
http://statistics.gov.scot/id/statistical-geography/S01007646,Langholm and Eskdale - 01,"","","","","","","","","","","","",0,0,0,0,0,0.00
http://statistics.gov.scot/id/statistical-geography/S01007647,Langholm and Eskdale - 02,"","","","","","","","","","","","",0,0,50,33.33,50,0.00
http://statistics.gov.scot/id/statistical-geography/S01007648,Langholm and Eskdale - 03,"","","","","","","","","","","","",0,0,0,0,0,0.00
http://statistics.gov.scot/id/statistical-geography/S01007649,Langholm and Eskdale - 04,"","","","","","","","","","","","",16.67,12.5,0,0,0,0.00
http://statistics.gov.scot/id/statistical-geography/S01007650,Langholm and Eskdale - 05,"","","","","","","","","","","","",0,0,0,20,25,33.33
http://statistics.gov.scot/id/statistical-geography/S01009718,Langlands West,"","","","","","","","","","","","",20,33.33,42.86,37.5,33.33,0.00
http://statistics.gov.scot/id/statistical-geography/S01009927,Langside - 01,"","","","","","","","","","","","",0,0,0,0,0,0.00
http://statistics.gov.scot/id/statistical-geography/S01009928,Langside - 02,"","","","","","","","","","","","",0,0,0,0,0,0.00
http://statistics.gov.scot/id/statistical-geography/S01009929,Langside - 03,"","","","","","","","","","","","",11.11,9.09,0,0,0,0.00
http://statistics.gov.scot/id/statistical-geography/S01009930,Langside - 04,"","","","","","","","","","","","",3.57,3.45,0,0,0,0.00
http://statistics.gov.scot/id/statistical-geography/S01009931,Langside - 05,"","","","","","","","","","","","",0,0,0,0,0,0.00
http://statistics.gov.scot/id/statistical-geography/S01009932,Langside - 06,"","","","","","","","","","","","",0,0,0,0,0,0.00
http://statistics.gov.scot/id/statistical-geography/S01009088,Larbert - North Broomage and Inches - 01,"","","","","","","","","","","","",0,0,11.11,14.29,12.5,0.00
http://statistics.gov.scot/id/statistical-geography/S01009089,Larbert - North Broomage and Inches - 02,"","","","","","","","","","","","",0,0,0,0,0,0.00
http://statistics.gov.scot/id/statistical-geography/S01009090,Larbert - North Broomage and Inches - 03,"","","","","","","","","","","","",1.85,2.99,2.94,1.64,0,2.56
http://statistics.gov.scot/id/statistical-geography/S01009091,Larbert - North Broomage and Inches - 04,"","","","","","","","","","","","",0,0,0,0,0,0.00
http://statistics.gov.scot/id/statistical-geography/S01009092,Larbert - North Broomage and Inches - 05,"","","","","","","","","","","","",3.33,4.17,0,0,0,0.00
http://statistics.gov.scot/id/statistical-geography/S01009093,Larbert - North Broomage and Inches - 06,"","","","","","","","","","","","",15.79,15.79,15.79,15.38,25,15.38
http://statistics.gov.scot/id/statistical-geography/S01009094,Larbert - South Broomage and Village - 01,"","","","","","","","","","","","",0,0,0,0,0,0.00
http://statistics.gov.scot/id/statistical-geography/S01009095,Larbert - South Broomage and Village - 02,"","","","","","","","","","","","",20,16.67,8.33,8.33,15.38,9.09
http://statistics.gov.scot/id/statistical-geography/S01009096,Larbert - South Broomage and Village - 03,"","","","","","","","","","","","",3.85,0,5.88,5.88,5.88,0.00
http://statistics.gov.scot/id/statistical-geography/S01009097,Larbert - South Broomage and Village - 04,"","","","","","","","","","","","",0,5.26,5.56,8.33,14.29,11.11
http://statistics.gov.scot/id/statistical-geography/S01009098,Larbert - South Broomage and Village - 05,"","","","","","","","","","","","",0,25,25,33.33,0,0.00
http://statistics.gov.scot/id/statistical-geography/S01009702,Largoward Landward,"","","","","","","","","","","","",12.5,28.57,25,11.11,0,0.00
http://statistics.gov.scot/id/statistical-geography/S01011322,Largs Central and Cumbrae - 01,"","","","","","","","","","","","",20,28.57,42.86,40,33.33,33.33
http://statistics.gov.scot/id/statistical-geography/S01011323,Largs Central and Cumbrae - 02,"","","","","","","","","","","","",18.18,22.22,0,0,14.29,20
http://statistics.gov.scot/id/statistical-geography/S01011324,Largs Central and Cumbrae - 03,"","","","","","","","","","","","",0,0,0,25,25,33.33
http://statistics.gov.scot/id/statistical-geography/S01011325,Largs Central and Cumbrae - 04,"","","","","","","","","","","","",16.67,20,20,33.33,14.29,12.5
http://statistics.gov.scot/id/statistical-geography/S01011326,Largs Central and Cumbrae - 05,"","","","","","","","","","","","",23.08,11.11,6.67,0,0,0.00
http://statistics.gov.scot/id/statistical-geography/S01011327,Largs Central and Cumbrae - 06,"","","","","","","","","","","","",0,0,0,"",0,0.00
http://statistics.gov.scot/id/statistical-geography/S01011328,Largs Central and Cumbrae - 07,"","","","","","","","","","","","",0,0,50,33.33,33.33,0.00
http://statistics.gov.scot/id/statistical-geography/S01011329,Largs North - 01,"","","","","","","","","","","","",0,0,0,0,0,0.00
http://statistics.gov.scot/id/statistical-geography/S01011330,Largs North - 02,"","","","","","","","","","","","",12.5,25,25,0,0,0.00
http://statistics.gov.scot/id/statistical-geography/S01011331,Largs North - 03,"","","","","","","","","","","","",14.29,0,0,0,0,0.00
http://statistics.gov.scot/id/statistical-geography/S01011332,Largs North - 04,"","","","","","","","","","","","",0,0,0,0,12.5,11.11
http://statistics.gov.scot/id/statistical-geography/S01011333,Largs North - 05,"","","","","","","","","","","","",0,0,0,0,0,0.00
http://statistics.gov.scot/id/statistical-geography/S01011317,Largs South - 01,"","","","","","","","","","","","",0,0,0,0,0,0.00
http://statistics.gov.scot/id/statistical-geography/S01011318,Largs South - 02,"","","","","","","","","","","","",0,0,0,0,0,14.29
http://statistics.gov.scot/id/statistical-geography/S01011319,Largs South - 03,"","","","","","","","","","","","",0,0,0,0,0,0.00
http://statistics.gov.scot/id/statistical-geography/S01011320,Largs South - 04,"","","","","","","","","","","","",0,0,0,0,0,0.00
http://statistics.gov.scot/id/statistical-geography/S01011321,Largs South - 05,"","","","","","","","","","","","",10,16.67,14.29,0,0,0.00
http://statistics.gov.scot/id/statistical-geography/S01012660,"Larkhall Central, Raploch, Millheugh and Burnhead - 01","","","","","","","","","","","","",0,0,7.14,8.33,9.09,0.00
http://statistics.gov.scot/id/statistical-geography/S01012661,"Larkhall Central, Raploch, Millheugh and Burnhead - 02","","","","","","","","","","","","",0,0,12.5,10,9.09,0.00
http://statistics.gov.scot/id/statistical-geography/S01012662,"Larkhall Central, Raploch, Millheugh and Burnhead - 03","","","","","","","","","","","","",22.22,33.33,44.44,40,33.33,16.67
http://statistics.gov.scot/id/statistical-geography/S01012663,"Larkhall Central, Raploch, Millheugh and Burnhead - 04","","","","","","","","","","","","",28.57,25,0,0,0,0.00
http://statistics.gov.scot/id/statistical-geography/S01012664,"Larkhall Central, Raploch, Millheugh and Burnhead - 05","","","","","","","","","","","","",0,9.09,11.11,11.11,16.67,13.33
http://statistics.gov.scot/id/statistical-geography/S01012298,Lauder - North,"","","","","","","","","","","","",0,0,0,0,0,0.00
http://statistics.gov.scot/id/statistical-geography/S01012296,Lauder - South,"","","","","","","","","","","","",0,0,0,0,0,0.00
http://statistics.gov.scot/id/statistical-geography/S01010031,Laurieston and Tradeston - 01,"","","","","","","","","","","","",0,0,0,0,0,0.00
http://statistics.gov.scot/id/statistical-geography/S01010032,Laurieston and Tradeston - 02,"","","","","","","","","","","","",0,0,0,0,0,0.00
http://statistics.gov.scot/id/statistical-geography/S01010033,Laurieston and Tradeston - 03,"","","","","","","","","","","","",4,4,8.7,11.54,14.81,11.11
http://statistics.gov.scot/id/statistical-geography/S01010034,Laurieston and Tradeston - 04,"","","","","","","","","","","","",12.5,15.38,16.67,12.5,9.09,7.69
http://statistics.gov.scot/id/statistical-geography/S01010035,Laurieston and Tradeston - 05,"","","","","","","","","","","","",13.33,8.33,16.67,0,0,0.00
http://statistics.gov.scot/id/statistical-geography/S01010036,Laurieston and Tradeston - 06,"","","","","","","","","","","","",6.67,8.33,0,0,0,0.00
http://statistics.gov.scot/id/statistical-geography/S01009215,Laurieston and Westquarter - 01,"","","","","","","","","","","","",33.33,25,20,14.29,0,0.00
http://statistics.gov.scot/id/statistical-geography/S01009216,Laurieston and Westquarter - 02,"","","","","","","","","","","","",18.18,25,9.09,9.09,0,0.00
http://statistics.gov.scot/id/statistical-geography/S01009217,Laurieston and Westquarter - 03,"","","","","","","","","","","","",14.29,0,0,0,0,0.00
http://statistics.gov.scot/id/statistical-geography/S01009218,Laurieston and Westquarter - 04,"","","","","","","","","","","","",6.25,0,0,7.14,6.67,13.33
http://statistics.gov.scot/id/statistical-geography/S01007828,Law - 01,"","","","","","","","","","","","",6.67,11.11,5,11.76,12.5,23.08
http://statistics.gov.scot/id/statistical-geography/S01012592,Law - 01,"","","","","","","","","","","","",0,0,0,0,0,0.00
http://statistics.gov.scot/id/statistical-geography/S01007829,Law - 02,"","","","","","","","","","","","",0,0,0,0,0,0.00
http://statistics.gov.scot/id/statistical-geography/S01012593,Law - 02,"","","","","","","","","","","","",10.53,13.33,20,0,0,0.00
http://statistics.gov.scot/id/statistical-geography/S01007830,Law - 03,"","","","","","","","","","","","",26.67,35,35.29,29.41,11.76,0.00
http://statistics.gov.scot/id/statistical-geography/S01012594,Law - 03,"","","","","","","","","","","","",0,14.29,14.29,16.67,25,25
http://statistics.gov.scot/id/statistical-geography/S01007831,Law - 04,"","","","","","","","","","","","",5.26,9.09,15.79,23.53,21.05,26.67
http://statistics.gov.scot/id/statistical-geography/S01012595,Law - 04,"","","","","","","","","","","","",11.11,10,0,0,0,0.00
http://statistics.gov.scot/id/statistical-geography/S01007832,Law - 05,"","","","","","","","","","","","",0,0,16.67,14.29,28.57,10
http://statistics.gov.scot/id/statistical-geography/S01012596,Law - 05,"","","","","","","","","","","","",36.36,29.41,30.77,16.67,0,0.00
http://statistics.gov.scot/id/statistical-geography/S01007833,Law - 06,"","","","","","","","","","","","",25,25,20,0,0,0.00
http://statistics.gov.scot/id/statistical-geography/S01012597,Law - 06,"","","","","","","","","","","","",0,0,0,25,33.33,14.29
http://statistics.gov.scot/id/statistical-geography/S01009735,Lawhead and Northbank,"","","","","","","","","","","","",0,0,"",0,0,0.00
http://statistics.gov.scot/id/statistical-geography/S01008802,Leith (Albert Street) - 01,"","","","","","","","","","","","",0,0,4.17,4.55,5.56,0.00
http://statistics.gov.scot/id/statistical-geography/S01008803,Leith (Albert Street) - 02,"","","","","","","","","","","","",0,8.33,18.18,18.18,16.67,9.09
http://statistics.gov.scot/id/statistical-geography/S01008804,Leith (Albert Street) - 03,"","","","","","","","","","","","",0,0,0,0,20,25
http://statistics.gov.scot/id/statistical-geography/S01008805,Leith (Albert Street) - 04,"","","","","","","","","","","","",0,0,0,0,0,0.00
http://statistics.gov.scot/id/statistical-geography/S01008762,Leith (Hermitage and Prospect Bank) - 01,"","","","","","","","","","","","",20,33.33,20,0,0,0.00
http://statistics.gov.scot/id/statistical-geography/S01008763,Leith (Hermitage and Prospect Bank) - 02,"","","","","","","","","","","","",0,0,0,0,0,0.00
http://statistics.gov.scot/id/statistical-geography/S01008764,Leith (Hermitage and Prospect Bank) - 03,"","","","","","","","","","","","",0,0,0,0,0,0.00
http://statistics.gov.scot/id/statistical-geography/S01008765,Leith (Hermitage and Prospect Bank) - 04,"","","","","","","","","","","","",9.09,0,0,0,0,0.00
http://statistics.gov.scot/id/statistical-geography/S01008766,Leith (Hermitage and Prospect Bank) - 05,"","","","","","","","","","","","",0,0,0,0,0,16.67
http://statistics.gov.scot/id/statistical-geography/S01008767,Leith (Hermitage and Prospect Bank) - 06,"","","","","","","","","","","","",0,0,0,0,0,0.00
http://statistics.gov.scot/id/statistical-geography/S01008158,Lennoxtown - 01,"","","","","","","","","","","","",0,0,0,0,0,0.00
http://statistics.gov.scot/id/statistical-geography/S01008159,Lennoxtown - 02,"","","","","","","","","","","","",45.45,10,6.67,14.29,15.38,8.33
http://statistics.gov.scot/id/statistical-geography/S01008160,Lennoxtown - 03,"","","","","","","","","","","","",0,0,0,0,7.69,15.38
http://statistics.gov.scot/id/statistical-geography/S01008161,Lennoxtown - 04,"","","","","","","","","","","","",0,0,0,0,0,8.33
http://statistics.gov.scot/id/statistical-geography/S01008162,Lennoxtown - 05,"","","","","","","","","","","","",8.33,11.11,11.11,10.53,12.5,9.09
http://statistics.gov.scot/id/statistical-geography/S01008116,Lenzie North - 01,"","","","","","","","","","","","",10,0,0,0,0,12.5
http://statistics.gov.scot/id/statistical-geography/S01008117,Lenzie North - 02,"","","","","","","","","","","","",0,20,12.5,11.11,0,0.00
http://statistics.gov.scot/id/statistical-geography/S01008118,Lenzie North - 03,"","","","","","","","","","","","",0,0,0,6.25,5.88,7.14
http://statistics.gov.scot/id/statistical-geography/S01008119,Lenzie North - 04,"","","","","","","","","","","","",0,0,0,0,16.67,14.29
http://statistics.gov.scot/id/statistical-geography/S01008120,Lenzie North - 05,"","","","","","","","","","","","",10,16.67,0,0,0,0.00
http://statistics.gov.scot/id/statistical-geography/S01008121,Lenzie North - 06,"","","","","","","","","","","","",0,0,0,0,0,0.00
http://statistics.gov.scot/id/statistical-geography/S01008122,Lenzie North - 07,"","","","","","","","","","","","",22.22,10,0,16.67,50,50
http://statistics.gov.scot/id/statistical-geography/S01008123,Lenzie South - 01,"","","","","","","","","","","","",0,0,0,0,0,0.00
http://statistics.gov.scot/id/statistical-geography/S01008124,Lenzie South - 02,"","","","","","","","","","","","",0,0,0,0,0,0.00
http://statistics.gov.scot/id/statistical-geography/S01008125,Lenzie South - 03,"","","","","","","","","","","","",0,0,0,0,0,0.00
http://statistics.gov.scot/id/statistical-geography/S01008126,Lenzie South - 04,"","","","","","","","","","","","",0,0,0,0,0,0.00
http://statistics.gov.scot/id/statistical-geography/S01012395,Lerwick North - 01,"","","","","","","","","","","","",0,0,0,0,0,0.00
http://statistics.gov.scot/id/statistical-geography/S01012396,Lerwick North - 02,"","","","","","","","","","","","",0,0,13.33,16.67,13.33,9.09
http://statistics.gov.scot/id/statistical-geography/S01012397,Lerwick North - 03,"","","","","","","","","","","","",0,0,0,0,0,0.00
http://statistics.gov.scot/id/statistical-geography/S01012398,Lerwick North - 04,"","","","","","","","","","","","",5.56,0,0,0,0,0.00
http://statistics.gov.scot/id/statistical-geography/S01012399,Lerwick North - 05,"","","","","","","","","","","","",0,0,0,0,0,0.00
http://statistics.gov.scot/id/statistical-geography/S01012400,Lerwick North - 06,"","","","","","","","","","","","",22.22,9.09,12.5,0,0,10
http://statistics.gov.scot/id/statistical-geography/S01012401,Lerwick North - 07,"","","","","","","","","","","","",8.57,7.69,7.14,12.5,22.22,25
http://statistics.gov.scot/id/statistical-geography/S01012391,Lerwick South - 01,"","","","","","","","","","","","",2.86,0,3.12,4.35,0,0.00
http://statistics.gov.scot/id/statistical-geography/S01012392,Lerwick South - 02,"","","","","","","","","","","","",0,0,0,0,0,0.00
http://statistics.gov.scot/id/statistical-geography/S01012393,Lerwick South - 03,"","","","","","","","","","","","",17.65,5.88,7.69,0,0,0.00
http://statistics.gov.scot/id/statistical-geography/S01012394,Lerwick South - 04,"","","","","","","","","","","","",16.67,16.67,18.75,21.43,33.33,20
http://statistics.gov.scot/id/statistical-geography/S01009555,Leslie East,"","","","","","","","","","","","",10,16.67,25,50,44.44,20
http://statistics.gov.scot/id/statistical-geography/S01009554,Leslie Landward,"","","","","","","","","","","","",0,14.29,14.29,11.11,11.11,25
http://statistics.gov.scot/id/statistical-geography/S01009552,Leslie South West and Auchmuir,"","","","","","","","","","","","",0,8.33,7.14,12.5,14.29,13.33
http://statistics.gov.scot/id/statistical-geography/S01009553,Leslie West,"","","","","","","","","","","","",33.33,7.69,10,23.08,30.77,35.71
http://statistics.gov.scot/id/statistical-geography/S01012642,Lesmahagow - 01,"","","","","","","","","","","","",25,23.08,14.29,27.27,22.22,42.86
http://statistics.gov.scot/id/statistical-geography/S01012643,Lesmahagow - 02,"","","","","","","","","","","","",22.22,60,42.86,14.29,0,0.00
http://statistics.gov.scot/id/statistical-geography/S01012644,Lesmahagow - 03,"","","","","","","","","","","","",16.67,0,9.09,10,25,12.5
http://statistics.gov.scot/id/statistical-geography/S01012645,Lesmahagow - 04,"","","","","","","","","","","","",12.5,16.67,0,25,20,14.29
http://statistics.gov.scot/id/statistical-geography/S01012646,Lesmahagow - 05,"","","","","","","","","","","","",10,20,14.29,14.29,0,0.00
http://statistics.gov.scot/id/statistical-geography/S01011910,Letham - 01,"","","","","","","","","","","","",11.11,11.11,12.5,6.25,6.25,0.00
http://statistics.gov.scot/id/statistical-geography/S01011911,Letham - 02,"","","","","","","","","","","","",0,9.09,16.67,25,0,0.00
http://statistics.gov.scot/id/statistical-geography/S01011912,Letham - 03,"","","","","","","","","","","","",12.5,20,28.57,33.33,12.5,0.00
http://statistics.gov.scot/id/statistical-geography/S01011913,Letham - 04,"","","","","","","","","","","","",7.14,11.76,11.76,20,16.67,15.38
http://statistics.gov.scot/id/statistical-geography/S01011914,Letham - 05,"","","","","","","","","","","","",18.18,26.67,33.33,38.89,33.33,25
http://statistics.gov.scot/id/statistical-geography/S01011915,Letham - 06,"","","","","","","","","","","","",0,0,16.67,20,25,0.00
http://statistics.gov.scot/id/statistical-geography/S01011916,Letham - 07,"","","","","","","","","","","","",18.18,20,0,20,16.67,12.5
http://statistics.gov.scot/id/statistical-geography/S01011917,Letham - 08,"","","","","","","","","","","","",33.33,25,0,0,0,0.00
http://statistics.gov.scot/id/statistical-geography/S01007240,Letham and Glamis - 01,"","","","","","","","","","","","",0,0,0,0,0,0.00
http://statistics.gov.scot/id/statistical-geography/S01007241,Letham and Glamis - 02,"","","","","","","","","","","","",0,0,0,0,0,0.00
http://statistics.gov.scot/id/statistical-geography/S01007242,Letham and Glamis - 03,"","","","","","","","","","","","",6.25,7.69,0,0,0,0.00
http://statistics.gov.scot/id/statistical-geography/S01007243,Letham and Glamis - 04,"","","","","","","","","","","","",0,0,0,0,0,0.00
http://statistics.gov.scot/id/statistical-geography/S01007244,Letham and Glamis - 05,"","","","","","","","","","","","",25,20,14.29,0,0,0.00
http://statistics.gov.scot/id/statistical-geography/S01007245,Letham and Glamis - 06,"","","","","","","","","","","","",0,0,0,0,0,0.00
http://statistics.gov.scot/id/statistical-geography/S01007246,Letham and Glamis - 07,"","","","","","","","","","","","",0,0,0,0,0,0.00
http://statistics.gov.scot/id/statistical-geography/S01007247,Letham and Glamis - 08,"","","","","","","","","","","","",0,0,0,0,0,0.00
http://statistics.gov.scot/id/statistical-geography/S01009741,Leuchars East,"","","","","","","","","","","","",0,6.67,5.88,9.52,6.25,8.33
http://statistics.gov.scot/id/statistical-geography/S01009740,Leuchars North,"","","","","","","","","","","","",10,11.11,25,0,0,0.00
http://statistics.gov.scot/id/statistical-geography/S01009739,Leuchars North East and St Michaels,"","","","","","","","","","","","",3.33,4,0,0,0,0.00
http://statistics.gov.scot/id/statistical-geography/S01009737,Leuchars West,"","","","","","","","","","","","",12.12,8,11.11,0,0,4.55
http://statistics.gov.scot/id/statistical-geography/S01009417,Leuchatsbeath,"","","","","","","","","","","","",0,0,0,0,0,4
http://statistics.gov.scot/id/statistical-geography/S01009643,Leven Castlefleurie,"","","","","","","","","","","","",0,0,0,0,0,0.00
http://statistics.gov.scot/id/statistical-geography/S01009650,Leven Letham Glen,"","","","","","","","","","","","",0,0,0,0,0,0.00
http://statistics.gov.scot/id/statistical-geography/S01009639,Leven Links,"","","","","","","","","","","","",16.67,25,0,0,0,0.00
http://statistics.gov.scot/id/statistical-geography/S01009645,Leven Montrave,"","","","","","","","","","","","",0,0,0,20,25,25
http://statistics.gov.scot/id/statistical-geography/S01009646,Leven Mountfleurie East,"","","","","","","","","","","","",16.67,16.67,25,0,0,0.00
http://statistics.gov.scot/id/statistical-geography/S01009644,Leven Mountfleurie West,"","","","","","","","","","","","",14.29,12.5,16.67,0,0,0.00
http://statistics.gov.scot/id/statistical-geography/S01009647,Leven North,"","","","","","","","","","","","",27.27,7.69,0,0,0,40
http://statistics.gov.scot/id/statistical-geography/S01009642,Leven South,"","","","","","","","","","","","",0,0,0,0,0,16.67
http://statistics.gov.scot/id/statistical-geography/S01009641,Leven South West,"","","","","","","","","","","","",35.71,36.36,11.11,20,15.38,23.08
http://statistics.gov.scot/id/statistical-geography/S01011096,"Lhanbryde, Urquhart, Pitgavney and seaward - 01","","","","","","","","","","","","",10,12.5,0,0,0,0.00
http://statistics.gov.scot/id/statistical-geography/S01011097,"Lhanbryde, Urquhart, Pitgavney and seaward - 02","","","","","","","","","","","","",25,33.33,33.33,50,25,0.00
http://statistics.gov.scot/id/statistical-geography/S01011098,"Lhanbryde, Urquhart, Pitgavney and seaward - 03","","","","","","","","","","","","",11.11,7.14,5.88,15.38,15.38,11.11
http://statistics.gov.scot/id/statistical-geography/S01011099,"Lhanbryde, Urquhart, Pitgavney and seaward - 04","","","","","","","","","","","","",28.57,40,50,25,16.67,18.18
http://statistics.gov.scot/id/statistical-geography/S01011100,"Lhanbryde, Urquhart, Pitgavney and seaward - 05","","","","","","","","","","","","",0,0,0,0,0,0.00
http://statistics.gov.scot/id/statistical-geography/S01008573,Liberton East - 01,"","","","","","","","","","","","",0,0,0,0,0,0.00
http://statistics.gov.scot/id/statistical-geography/S01008574,Liberton East - 02,"","","","","","","","","","","","",0,0,0,0,0,0.00
http://statistics.gov.scot/id/statistical-geography/S01008575,Liberton East - 03,"","","","","","","","","","","","",20,20,20,0,0,0.00
http://statistics.gov.scot/id/statistical-geography/S01008576,Liberton East - 04,"","","","","","","","","","","","",0,0,0,0,0,0.00
http://statistics.gov.scot/id/statistical-geography/S01008577,Liberton West and Braid Hills - 01,"","","","","","","","","","","","",0,0,0,0,0,0.00
http://statistics.gov.scot/id/statistical-geography/S01008578,Liberton West and Braid Hills - 02,"","","","","","","","","","","","",0,0,0,0,0,0.00
http://statistics.gov.scot/id/statistical-geography/S01008579,Liberton West and Braid Hills - 03,"","","","","","","","","","","","",0,0,0,0,0,0.00
http://statistics.gov.scot/id/statistical-geography/S01008580,Liberton West and Braid Hills - 04,"","","","","","","","","","","","",0,25,14.29,0,0,0.00
http://statistics.gov.scot/id/statistical-geography/S01009287,Limekilns,"","","","","","","","","","","","",0,0,0,0,"",0.00
http://statistics.gov.scot/id/statistical-geography/S01009473,Linktown Central,"","","","","","","","","","","","",16,14.29,20,16,10,11.11
http://statistics.gov.scot/id/statistical-geography/S01009471,Linktown East,"","","","","","","","","","","","",33.33,30,30,14.29,11.11,0.00
http://statistics.gov.scot/id/statistical-geography/S01009472,Linktown North,"","","","","","","","","","","","",46.15,23.08,9.09,7.14,10,10
http://statistics.gov.scot/id/statistical-geography/S01009474,Linktown South and Seafield North,"","","","","","","","","","","","",21.05,17.65,13.33,28.57,38.46,45.45
http://statistics.gov.scot/id/statistical-geography/S01007800,Linlathen and Midcraigie - 01,"","","","","","","","","","","","",40,42.86,40,23.08,7.69,21.43
http://statistics.gov.scot/id/statistical-geography/S01007801,Linlathen and Midcraigie - 02,"","","","","","","","","","","","",21.43,22.22,33.33,16.67,37.5,42.86
http://statistics.gov.scot/id/statistical-geography/S01007802,Linlathen and Midcraigie - 03,"","","","","","","","","","","","",7.69,0,0,0,0,0.00
http://statistics.gov.scot/id/statistical-geography/S01007803,Linlathen and Midcraigie - 04,"","","","","","","","","","","","",20,24,16.67,16.67,22.22,28.57
http://statistics.gov.scot/id/statistical-geography/S01007804,Linlathen and Midcraigie - 05,"","","","","","","","","","","","",22.22,18.18,7.69,7.69,0,0.00
http://statistics.gov.scot/id/statistical-geography/S01007805,Linlathen and Midcraigie - 06,"","","","","","","","","","","","",25,30.77,30,11.11,0,0.00
http://statistics.gov.scot/id/statistical-geography/S01007806,Linlathen and Midcraigie - 07,"","","","","","","","","","","","",20,10,20,9.09,11.11,0.00
http://statistics.gov.scot/id/statistical-geography/S01013442,Linlithgow Bridge - 01,"","","","","","","","","","","","",20,25,25,0,0,0.00
http://statistics.gov.scot/id/statistical-geography/S01013443,Linlithgow Bridge - 02,"","","","","","","","","","","","",0,0,0,0,0,0.00
http://statistics.gov.scot/id/statistical-geography/S01013444,Linlithgow Bridge - 03,"","","","","","","","","","","","",6.67,9.09,14.29,0,0,0.00
http://statistics.gov.scot/id/statistical-geography/S01013445,Linlithgow Bridge - 04,"","","","","","","","","","","","",0,"",0,25,20,25
http://statistics.gov.scot/id/statistical-geography/S01013446,Linlithgow Bridge - 05,"","","","","","","","","","","","",0,0,0,0,0,0.00
http://statistics.gov.scot/id/statistical-geography/S01013447,Linlithgow Bridge - 06,"","","","","","","","","","","","",0,0,0,0,0,0.00
http://statistics.gov.scot/id/statistical-geography/S01013448,Linlithgow North - 01,"","","","","","","","","","","","",0,0,0,0,0,0.00
http://statistics.gov.scot/id/statistical-geography/S01013449,Linlithgow North - 02,"","","","","","","","","","","","",0,0,0,0,0,0.00
http://statistics.gov.scot/id/statistical-geography/S01013450,Linlithgow North - 03,"","","","","","","","","","","","",0,0,0,0,0,0.00
http://statistics.gov.scot/id/statistical-geography/S01013451,Linlithgow North - 04,"","","","","","","","","","","","",0,0,0,0,0,0.00
http://statistics.gov.scot/id/statistical-geography/S01013452,Linlithgow North - 05,"","","","","","","","","","","","",0,0,0,0,0,0.00
http://statistics.gov.scot/id/statistical-geography/S01013434,Linlithgow South - 01,"","","","","","","","","","","","",0,0,0,0,0,0.00
http://statistics.gov.scot/id/statistical-geography/S01013435,Linlithgow South - 02,"","","","","","","","","","","","",0,0,0,0,0,0.00
http://statistics.gov.scot/id/statistical-geography/S01013436,Linlithgow South - 03,"","","","","","","","","","","","",50,0,0,16.67,14.29,33.33
http://statistics.gov.scot/id/statistical-geography/S01013437,Linlithgow South - 04,"","","","","","","","","","","","",0,0,0,0,0,0.00
http://statistics.gov.scot/id/statistical-geography/S01013438,Linlithgow South - 05,"","","","","","","","","","","","",0,0,0,0,0,0.00
http://statistics.gov.scot/id/statistical-geography/S01013439,Linlithgow South - 06,"","","","","","","","","","","","",0,0,0,0,0,0.00
http://statistics.gov.scot/id/statistical-geography/S01013440,Linlithgow South - 07,"","","","","","","","","","","","",0,0,0,0,0,0.00
http://statistics.gov.scot/id/statistical-geography/S01013441,Linlithgow South - 08,"","","","","","","","","","","","",0,0,0,0,0,0.00
http://statistics.gov.scot/id/statistical-geography/S01012223,Linwood North - 01,"","","","","","","","","","","","",0,0,16.67,25,15.38,7.69
http://statistics.gov.scot/id/statistical-geography/S01012224,Linwood North - 02,"","","","","","","","","","","","",23.53,25,11.11,11.11,10,7.69
http://statistics.gov.scot/id/statistical-geography/S01012225,Linwood North - 03,"","","","","","","","","","","","",12.5,13.33,15.38,23.08,20,27.27
http://statistics.gov.scot/id/statistical-geography/S01012226,Linwood North - 04,"","","","","","","","","","","","",0,0,0,0,0,0.00
http://statistics.gov.scot/id/statistical-geography/S01012227,Linwood North - 05,"","","","","","","","","","","","",0,0,0,0,25,50
http://statistics.gov.scot/id/statistical-geography/S01012228,Linwood North - 06,"","","","","","","","","","","","",28.57,11.11,10,15.38,15.38,11.11
http://statistics.gov.scot/id/statistical-geography/S01012217,Linwood South - 01,"","","","","","","","","","","","",14.29,16.67,23.81,25,26.32,28.57
http://statistics.gov.scot/id/statistical-geography/S01012218,Linwood South - 02,"","","","","","","","","","","","",25,33.33,0,0,0,0.00
http://statistics.gov.scot/id/statistical-geography/S01012219,Linwood South - 03,"","","","","","","","","","","","",18.18,0,16.67,27.27,15.38,0.00
http://statistics.gov.scot/id/statistical-geography/S01012220,Linwood South - 04,"","","","","","","","","","","","",18.18,18.18,11.11,0,0,0.00
http://statistics.gov.scot/id/statistical-geography/S01012221,Linwood South - 05,"","","","","","","","","","","","",0,25,33.33,40,0,12.5
http://statistics.gov.scot/id/statistical-geography/S01012222,Linwood South - 06,"","","","","","","","","","","","",28.57,30,42.86,75,50,50
http://statistics.gov.scot/id/statistical-geography/S01012733,Little Earnock - 01,"","","","","","","","","","","","",0,0,0,4,4.17,5.26
http://statistics.gov.scot/id/statistical-geography/S01012734,Little Earnock - 02,"","","","","","","","","","","","",0,0,18.18,16.67,16.67,0.00
http://statistics.gov.scot/id/statistical-geography/S01012735,Little Earnock - 03,"","","","","","","","","","","","",16.67,25,0,0,0,0.00
http://statistics.gov.scot/id/statistical-geography/S01012736,Little Earnock - 04,"","","","","","","","","","","","",13.64,12.5,13.33,16.67,20,10
http://statistics.gov.scot/id/statistical-geography/S01012737,Little Earnock - 05,"","","","","","","","","","","","",0,3.85,9.09,12.5,10,7.69
http://statistics.gov.scot/id/statistical-geography/S01012738,Little Earnock - 06,"","","","","","","","","","","","",0,0,0,0,0,0.00
http://statistics.gov.scot/id/statistical-geography/S01012739,Little Earnock - 07,"","","","","","","","","","","","",0,0,0,0,5.56,5
http://statistics.gov.scot/id/statistical-geography/S01012740,Little Earnock - 08,"","","","","","","","","","","","",0,10,10,5,4.76,4.55
http://statistics.gov.scot/id/statistical-geography/S01013315,Livingston Village and Eliburn South - 01,"","","","","","","","","","","","",0,"",0,0,0,0.00
http://statistics.gov.scot/id/statistical-geography/S01013316,Livingston Village and Eliburn South - 02,"","","","","","","","","","","","",0,0,0,0,0,0.00
http://statistics.gov.scot/id/statistical-geography/S01013317,Livingston Village and Eliburn South - 03,"","","","","","","","","","","","",0,0,0,0,0,0.00
http://statistics.gov.scot/id/statistical-geography/S01013318,Livingston Village and Eliburn South - 04,"","","","","","","","","","","","",0,0,0,0,0,0.00
http://statistics.gov.scot/id/statistical-geography/S01013319,Livingston Village and Eliburn South - 05,"","","","","","","","","","","","",0,0,0,0,0,0.00
http://statistics.gov.scot/id/statistical-geography/S01013320,Livingston Village and Eliburn South - 06,"","","","","","","","","","","","",0,12.5,10,7.69,0,0.00
http://statistics.gov.scot/id/statistical-geography/S01013321,Livingston Village and Eliburn South - 07,"","","","","","","","","","","","",0,0,0,0,0,0.00
http://statistics.gov.scot/id/statistical-geography/S01013322,Livingston Village and Eliburn South - 08,"","","","","","","","","","","","",33.33,25,50,16.67,14.29,0.00
http://statistics.gov.scot/id/statistical-geography/S01010966,Loanhead - 01,"","","","","","","","","","","","",0,0,0,0,0,0.00
http://statistics.gov.scot/id/statistical-geography/S01010967,Loanhead - 02,"","","","","","","","","","","","",22.22,18.18,11.11,0,0,0.00
http://statistics.gov.scot/id/statistical-geography/S01010968,Loanhead - 03,"","","","","","","","","","","","",16.67,0,12.5,20,14.29,10
http://statistics.gov.scot/id/statistical-geography/S01010969,Loanhead - 04,"","","","","","","","","","","","",20,0,0,0,0,0.00
http://statistics.gov.scot/id/statistical-geography/S01010970,Loanhead - 05,"","","","","","","","","","","","",16.67,0,0,0,0,0.00
http://statistics.gov.scot/id/statistical-geography/S01007308,Loch Awe - 01,"","","","","","","","","","","","",9.09,9.09,0,0,0,0.00
http://statistics.gov.scot/id/statistical-geography/S01007309,Loch Awe - 02,"","","","","","","","","","","","",12.5,12.5,22.22,14.29,16.67,0.00
http://statistics.gov.scot/id/statistical-geography/S01007310,Loch Awe - 03,"","","","","","","","","","","","",50,25,25,14.29,14.29,10
http://statistics.gov.scot/id/statistical-geography/S01010664,Loch Ness - 01,"","","","","","","","","","","","",0,0,0,0,0,0.00
http://statistics.gov.scot/id/statistical-geography/S01010665,Loch Ness - 02,"","","","","","","","","","","","",0,0,10,11.11,14.29,0.00
http://statistics.gov.scot/id/statistical-geography/S01010666,Loch Ness - 03,"","","","","","","","","","","","",0,12.5,8.33,7.69,0,0.00
http://statistics.gov.scot/id/statistical-geography/S01010667,Loch Ness - 04,"","","","","","","","","","","","",10,0,0,0,0,0.00
http://statistics.gov.scot/id/statistical-geography/S01010668,Loch Ness - 05,"","","","","","","","","","","","",8.33,0,0,0,0,0.00
http://statistics.gov.scot/id/statistical-geography/S01010524,Lochaber East and North - 01,"","","","","","","","","","","","",25,20,0,12.5,16.67,16.67
http://statistics.gov.scot/id/statistical-geography/S01010525,Lochaber East and North - 02,"","","","","","","","","","","","",0,0,0,0,0,0.00
http://statistics.gov.scot/id/statistical-geography/S01010526,Lochaber East and North - 03,"","","","","","","","","","","","",16.67,14.29,14.29,0,0,0.00
http://statistics.gov.scot/id/statistical-geography/S01010527,Lochaber East and North - 04,"","","","","","","","","","","","",30,25,16.67,0,10,11.11
http://statistics.gov.scot/id/statistical-geography/S01010528,Lochaber East and North - 05,"","","","","","","","","","","","",25,25,33.33,20,12.5,0.00
http://statistics.gov.scot/id/statistical-geography/S01010529,Lochaber East and North - 06,"","","","","","","","","","","","",0,0,0,0,0,0.00
http://statistics.gov.scot/id/statistical-geography/S01010530,Lochaber East and North - 07,"","","","","","","","","","","","",0,0,0,0,0,0.00
http://statistics.gov.scot/id/statistical-geography/S01010504,Lochaber West - 01,"","","","","","","","","","","","",0,0,0,0,0,0.00
http://statistics.gov.scot/id/statistical-geography/S01010505,Lochaber West - 02,"","","","","","","","","","","","",0,0,0,0,0,0.00
http://statistics.gov.scot/id/statistical-geography/S01010506,Lochaber West - 03,"","","","","","","","","","","","",0,0,0,0,0,0.00
http://statistics.gov.scot/id/statistical-geography/S01010507,Lochaber West - 04,"","","","","","","","","","","","",0,0,0,0,0,0.00
http://statistics.gov.scot/id/statistical-geography/S01010508,Lochaber West - 05,"","","","","","","","","","","","",28.57,20,0,0,0,0.00
http://statistics.gov.scot/id/statistical-geography/S01010509,Lochaber West - 06,"","","","","","","","","","","","",0,0,0,0,0,0.00
http://statistics.gov.scot/id/statistical-geography/S01010669,Lochalsh - 01,"","","","","","","","","","","","",50,0,0,0,0,0.00
http://statistics.gov.scot/id/statistical-geography/S01010670,Lochalsh - 02,"","","","","","","","","","","","",0,0,0,0,16.67,25
http://statistics.gov.scot/id/statistical-geography/S01010671,Lochalsh - 03,"","","","","","","","","","","","",0,0,0,0,0,0.00
http://statistics.gov.scot/id/statistical-geography/S01010672,Lochalsh - 04,"","","","","","","","","","","","",0,0,11.11,25,18.18,11.11
http://statistics.gov.scot/id/statistical-geography/S01007617,Locharbriggs - 01,"","","","","","","","","","","","",14.29,0,0,0,0,0.00
http://statistics.gov.scot/id/statistical-geography/S01007618,Locharbriggs - 02,"","","","","","","","","","","","",11.11,14.29,16.67,0,0,0.00
http://statistics.gov.scot/id/statistical-geography/S01007619,Locharbriggs - 03,"","","","","","","","","","","","",50,28.57,14.29,14.29,0,0.00
http://statistics.gov.scot/id/statistical-geography/S01007620,Locharbriggs - 04,"","","","","","","","","","","","",11.11,25,0,0,0,0.00
http://statistics.gov.scot/id/statistical-geography/S01007621,Locharbriggs - 05,"","","","","","","","","","","","",0,0,0,0,0,0.00
http://statistics.gov.scot/id/statistical-geography/S01007850,Lochee - 01,"","","","","","","","","","","","",30,25,10,12.5,11.11,14.29
http://statistics.gov.scot/id/statistical-geography/S01007851,Lochee - 02,"","","","","","","","","","","","",8.33,14.29,10,11.11,0,0.00
http://statistics.gov.scot/id/statistical-geography/S01007852,Lochee - 03,"","","","","","","","","","","","",14.29,13.33,18.75,20,15.38,0.00
http://statistics.gov.scot/id/statistical-geography/S01007853,Lochee - 04,"","","","","","","","","","","","",28.57,16.67,8.33,8.33,16.67,15.79
http://statistics.gov.scot/id/statistical-geography/S01007854,Lochee - 05,"","","","","","","","","","","","",22.73,23.81,28.57,17.39,23.81,14.29
http://statistics.gov.scot/id/statistical-geography/S01007855,Lochee - 06,"","","","","","","","","","","","",11.11,11.11,11.11,11.11,7.69,7.69
http://statistics.gov.scot/id/statistical-geography/S01007856,Lochee - 07,"","","","","","","","","","","","",14.29,11.11,12.5,25,16.67,15.38
http://statistics.gov.scot/id/statistical-geography/S01009448,Lochgelly Albion Park and New Farm Vale,"","","","","","","","","","","","",5.88,5.88,9.09,0,12.5,14.29
http://statistics.gov.scot/id/statistical-geography/S01009447,Lochgelly Central and Eastern,"","","","","","","","","","","","",0,16.67,16.67,37.5,33.33,33.33
http://statistics.gov.scot/id/statistical-geography/S01009449,Lochgelly Central and Western,"","","","","","","","","","","","",28.57,20,14.29,33.33,20,12.5
http://statistics.gov.scot/id/statistical-geography/S01009446,Lochgelly East,"","","","","","","","","","","","",7.69,0,6.67,13.33,14.29,14.29
http://statistics.gov.scot/id/statistical-geography/S01009445,Lochgelly North,"","","","","","","","","","","","",10,0,7.69,9.52,5.56,7.14
http://statistics.gov.scot/id/statistical-geography/S01009451,Lochgelly South West,"","","","","","","","","","","","",29.41,21.43,0,28.57,28.57,27.27
http://statistics.gov.scot/id/statistical-geography/S01009444,Lochgelly St Patricks and The Beeches,"","","","","","","","","","","","",14.29,11.11,16.67,0,0,0.00
http://statistics.gov.scot/id/statistical-geography/S01009453,Lochgelly West,"","","","","","","","","","","","",25,27.27,25,23.08,10,15.38
http://statistics.gov.scot/id/statistical-geography/S01009452,Lochgelly West and Lumphinnans Central,"","","","","","","","","","","","",12.5,0,11.11,14.29,22.22,12.5
http://statistics.gov.scot/id/statistical-geography/S01007631,Lochmaben - 01,"","","","","","","","","","","","",0,0,0,33.33,25,25
http://statistics.gov.scot/id/statistical-geography/S01007632,Lochmaben - 02,"","","","","","","","","","","","",0,0,0,0,0,0.00
http://statistics.gov.scot/id/statistical-geography/S01007633,Lochmaben - 03,"","","","","","","","","","","","",11.11,9.09,0,11.11,11.11,7.14
http://statistics.gov.scot/id/statistical-geography/S01007634,Lochmaben - 04,"","","","","","","","","","","","",0,0,0,0,0,0.00
http://statistics.gov.scot/id/statistical-geography/S01009429,Lochore Central,"","","","","","","","","","","","",20,18.18,50,37.5,50,22.22
http://statistics.gov.scot/id/statistical-geography/S01009428,Lochore North,"","","","","","","","","","","","",25,16.67,0,14.29,42.86,50
http://statistics.gov.scot/id/statistical-geography/S01007574,Lochside and Lincluden - 01,"","","","","","","","","","","","",6.25,0,8.33,16.67,12.5,0.00
http://statistics.gov.scot/id/statistical-geography/S01007575,Lochside and Lincluden - 02,"","","","","","","","","","","","",46.15,33.33,21.05,28.57,27.78,28.57
http://statistics.gov.scot/id/statistical-geography/S01007576,Lochside and Lincluden - 03,"","","","","","","","","","","","",20,14.29,23.08,23.53,17.65,15.38
http://statistics.gov.scot/id/statistical-geography/S01007577,Lochside and Lincluden - 04,"","","","","","","","","","","","",26.32,19.05,25,13.33,12.5,6.25
http://statistics.gov.scot/id/statistical-geography/S01007578,Lochside and Lincluden - 05,"","","","","","","","","","","","",40,25,8.33,0,0,0.00
http://statistics.gov.scot/id/statistical-geography/S01007579,Lochside and Lincluden - 06,"","","","","","","","","","","","",11.11,11.11,22.22,37.5,28.57,12.5
http://statistics.gov.scot/id/statistical-geography/S01007580,Lochside and Lincluden - 07,"","","","","","","","","","","","",10,16.67,14.29,16.67,20,16.67
http://statistics.gov.scot/id/statistical-geography/S01007581,Lochside and Lincluden - 08,"","","","","","","","","","","","",16.67,50,40,60,33.33,25
http://statistics.gov.scot/id/statistical-geography/S01012500,"Lochside, Braehead and Whitletts - 01","","","","","","","","","","","","",50,60,0,0,0,0.00
http://statistics.gov.scot/id/statistical-geography/S01012501,"Lochside, Braehead and Whitletts - 02","","","","","","","","","","","","",31.25,21.43,27.27,18.75,11.11,6.67
http://statistics.gov.scot/id/statistical-geography/S01012502,"Lochside, Braehead and Whitletts - 03","","","","","","","","","","","","",25,17.65,7.14,40,36.36,33.33
http://statistics.gov.scot/id/statistical-geography/S01012503,"Lochside, Braehead and Whitletts - 04","","","","","","","","","","","","",10,15.38,28.57,25,16.67,18.18
http://statistics.gov.scot/id/statistical-geography/S01012504,"Lochside, Braehead and Whitletts - 05","","","","","","","","","","","","",38.46,28.57,21.43,10,0,0.00
http://statistics.gov.scot/id/statistical-geography/S01012505,"Lochside, Braehead and Whitletts - 06","","","","","","","","","","","","",9.52,11.54,17.39,17.65,18.18,11.11
http://statistics.gov.scot/id/statistical-geography/S01009579,Lochty View,"","","","","","","","","","","","",11.11,7.69,14.29,13.33,14.29,9.09
http://statistics.gov.scot/id/statistical-geography/S01012019,Lochwinnoch - 01,"","","","","","","","","","","","",16.67,12.5,25,14.29,33.33,0.00
http://statistics.gov.scot/id/statistical-geography/S01012020,Lochwinnoch - 02,"","","","","","","","","","","","",0,11.11,10,12.5,11.11,14.29
http://statistics.gov.scot/id/statistical-geography/S01012021,Lochwinnoch - 03,"","","","","","","","","","","","",0,0,0,0,0,0.00
http://statistics.gov.scot/id/statistical-geography/S01012022,Lochwinnoch - 04,"","","","","","","","","","","","",14.29,12.5,12.5,0,0,0.00
http://statistics.gov.scot/id/statistical-geography/S01007635,Lockerbie - 01,"","","","","","","","","","","","",0,0,0,0,0,0.00
http://statistics.gov.scot/id/statistical-geography/S01007636,Lockerbie - 02,"","","","","","","","","","","","",18.18,7.69,9.09,0,0,0.00
http://statistics.gov.scot/id/statistical-geography/S01007637,Lockerbie - 03,"","","","","","","","","","","","",0,13.33,11.76,10,0,0.00
http://statistics.gov.scot/id/statistical-geography/S01007638,Lockerbie - 04,"","","","","","","","","","","","",25,27.78,30,18.18,15.38,13.33
http://statistics.gov.scot/id/statistical-geography/S01007639,Lockerbie - 05,"","","","","","","","","","","","",28.57,16.67,14.29,0,10,9.09
http://statistics.gov.scot/id/statistical-geography/S01007640,Lockerbie - 06,"","","","","","","","","","","","",0,0,0,12.5,28.57,40
http://statistics.gov.scot/id/statistical-geography/S01007695,Logie and Blackness - 01,"","","","","","","","","","","","",0,0,0,0,0,0.00
http://statistics.gov.scot/id/statistical-geography/S01007696,Logie and Blackness - 02,"","","","","","","","","","","","",15.38,15.38,25,10,20,12.5
http://statistics.gov.scot/id/statistical-geography/S01007697,Logie and Blackness - 03,"","","","","","","","","","","","",5.56,5.56,14.29,10.53,13.33,7.14
http://statistics.gov.scot/id/statistical-geography/S01007698,Logie and Blackness - 04,"","","","","","","","","","","","",16.67,11.11,17.65,15.79,11.76,11.11
http://statistics.gov.scot/id/statistical-geography/S01007699,Logie and Blackness - 05,"","","","","","","","","","","","",5.26,9.09,5.26,11.11,10,12.5
http://statistics.gov.scot/id/statistical-geography/S01007700,Logie and Blackness - 06,"","","","","","","","","","","","",0,0,0,9.09,11.76,11.11
http://statistics.gov.scot/id/statistical-geography/S01007404,Lomond Shore - 01,"","","","","","","","","","","","",0,0,16.67,25,25,0.00
http://statistics.gov.scot/id/statistical-geography/S01007405,Lomond Shore - 02,"","","","","","","","","","","","",0,0,0,0,0,0.00
http://statistics.gov.scot/id/statistical-geography/S01007406,Lomond Shore - 03,"","","","","","","","","","","","",0,0,0,0,0,0.00
http://statistics.gov.scot/id/statistical-geography/S01007407,Lomond Shore - 04,"","","","","","","","","","","","",0,0,0,0,0,0.00
http://statistics.gov.scot/id/statistical-geography/S01007408,Lomond Shore - 05,"","","","","","","","","","","","",0,0,16.67,11.11,16.67,0.00
http://statistics.gov.scot/id/statistical-geography/S01007095,Longside and Rattray - 01,"","","","","","","","","","","","",0,0,0,0,20,33.33
http://statistics.gov.scot/id/statistical-geography/S01007096,Longside and Rattray - 02,"","","","","","","","","","","","",0,0,0,0,0,0.00
http://statistics.gov.scot/id/statistical-geography/S01007097,Longside and Rattray - 03,"","","","","","","","","","","","",4.35,4.76,4.55,0,0,0.00
http://statistics.gov.scot/id/statistical-geography/S01007098,Longside and Rattray - 04,"","","","","","","","","","","","",0,0,0,0,0,0.00
http://statistics.gov.scot/id/statistical-geography/S01007099,Longside and Rattray - 05,"","","","","","","","","","","","",14.29,0,0,0,0,0.00
http://statistics.gov.scot/id/statistical-geography/S01007100,Longside and Rattray - 06,"","","","","","","","","","","","",14.29,12.5,9.09,0,9.09,14.29
http://statistics.gov.scot/id/statistical-geography/S01007101,Longside and Rattray - 07,"","","","","","","","","","","","",9.52,10.53,10.53,12.5,13.33,14.29
http://statistics.gov.scot/id/statistical-geography/S01007102,Longside and Rattray - 08,"","","","","","","","","","","","",0,0,0,0,0,0.00
http://statistics.gov.scot/id/statistical-geography/S01008481,Longstone and Saughton - 01,"","","","","","","","","","","","",14.29,20,0,0,0,0.00
http://statistics.gov.scot/id/statistical-geography/S01008482,Longstone and Saughton - 02,"","","","","","","","","","","","",20,0,0,0,0,0.00
http://statistics.gov.scot/id/statistical-geography/S01008483,Longstone and Saughton - 03,"","","","","","","","","","","","",42.86,33.33,0,0,0,0.00
http://statistics.gov.scot/id/statistical-geography/S01008484,Longstone and Saughton - 04,"","","","","","","","","","","","",16.67,0,0,0,12.5,12.5
http://statistics.gov.scot/id/statistical-geography/S01008485,Longstone and Saughton - 05,"","","","","","","","","","","","",28.57,14.29,11.11,0,7.69,8.33
http://statistics.gov.scot/id/statistical-geography/S01011131,Lossiemouth East and Seatown - 01,"","","","","","","","","","","","",0,0,0,0,0,0.00
http://statistics.gov.scot/id/statistical-geography/S01011132,Lossiemouth East and Seatown - 02,"","","","","","","","","","","","",16.67,0,0,0,0,0.00
http://statistics.gov.scot/id/statistical-geography/S01011133,Lossiemouth East and Seatown - 03,"","","","","","","","","","","","",16.67,20,0,37.5,27.27,25
http://statistics.gov.scot/id/statistical-geography/S01011134,Lossiemouth East and Seatown - 04,"","","","","","","","","","","","",14.29,0,14.29,0,0,0.00
http://statistics.gov.scot/id/statistical-geography/S01011135,Lossiemouth East and Seatown - 05,"","","","","","","","","","","","",14.29,0,"",0,0,0.00
http://statistics.gov.scot/id/statistical-geography/S01011136,Lossiemouth West - 01,"","","","","","","","","","","","",0,0,14.29,0,14.29,14.29
http://statistics.gov.scot/id/statistical-geography/S01011137,Lossiemouth West - 02,"","","","","","","","","","","","",11.11,30,36.36,44.44,33.33,20
http://statistics.gov.scot/id/statistical-geography/S01011138,Lossiemouth West - 03,"","","","","","","","","","","","",15.79,15.79,12.5,13.33,13.33,7.14
http://statistics.gov.scot/id/statistical-geography/S01011139,Lossiemouth West - 04,"","","","","","","","","","","","",3.85,3.85,4.17,5.56,0,0.00
http://statistics.gov.scot/id/statistical-geography/S01011140,Lossiemouth West - 05,"","","","","","","","","","","","",23.08,30.77,27.27,16.67,10,10
http://statistics.gov.scot/id/statistical-geography/S01011141,Lossiemouth West - 06,"","","","","","","","","","","","",14.29,23.08,27.27,15.38,10,10
http://statistics.gov.scot/id/statistical-geography/S01012765,Low Blantyre and Bardykes - 01,"","","","","","","","","","","","",25,15.38,10,10,0,0.00
http://statistics.gov.scot/id/statistical-geography/S01012766,Low Blantyre and Bardykes - 02,"","","","","","","","","","","","",4.76,5.56,5,0,9.09,11.11
http://statistics.gov.scot/id/statistical-geography/S01012767,Low Blantyre and Bardykes - 03,"","","","","","","","","","","","",0,0,0,0,0,0.00
http://statistics.gov.scot/id/statistical-geography/S01012768,Low Blantyre and Bardykes - 04,"","","","","","","","","","","","",14.29,16.67,0,0,0,0.00
http://statistics.gov.scot/id/statistical-geography/S01012769,Low Blantyre and Bardykes - 05,"","","","","","","","","","","","",0,0,0,0,0,0.00
http://statistics.gov.scot/id/statistical-geography/S01012708,Low Waters - 01,"","","","","","","","","","","","",10,25,33.33,28.57,14.29,0.00
http://statistics.gov.scot/id/statistical-geography/S01012709,Low Waters - 02,"","","","","","","","","","","","",0,0,10,11.11,25,0.00
http://statistics.gov.scot/id/statistical-geography/S01012710,Low Waters - 03,"","","","","","","","","","","","",0,12.5,20,37.5,15.38,8.33
http://statistics.gov.scot/id/statistical-geography/S01012711,Low Waters - 04,"","","","","","","","","","","","",9.09,11.11,0,0,5,9.52
http://statistics.gov.scot/id/statistical-geography/S01010856,"Lower Bow and Larkfield, Fancy Farm, Mallard Bowl - 01","","","","","","","","","","","","",14.29,17.65,9.09,12.5,0,0.00
http://statistics.gov.scot/id/statistical-geography/S01010857,"Lower Bow and Larkfield, Fancy Farm, Mallard Bowl - 02","","","","","","","","","","","","",10,16.67,21.43,15.38,7.14,0.00
http://statistics.gov.scot/id/statistical-geography/S01010858,"Lower Bow and Larkfield, Fancy Farm, Mallard Bowl - 03","","","","","","","","","","","","",15.38,0,0,8.33,8.33,18.18
http://statistics.gov.scot/id/statistical-geography/S01010859,"Lower Bow and Larkfield, Fancy Farm, Mallard Bowl - 04","","","","","","","","","","","","",20,20,25,20,0,0.00
http://statistics.gov.scot/id/statistical-geography/S01010860,"Lower Bow and Larkfield, Fancy Farm, Mallard Bowl - 05","","","","","","","","","","","","",25,33.33,42.86,28.57,16.67,0.00
http://statistics.gov.scot/id/statistical-geography/S01010861,"Lower Bow and Larkfield, Fancy Farm, Mallard Bowl - 06","","","","","","","","","","","","",12.5,30,28.57,33.33,16.67,20
http://statistics.gov.scot/id/statistical-geography/S01010862,"Lower Bow and Larkfield, Fancy Farm, Mallard Bowl - 07","","","","","","","","","","","","",27.27,20,0,14.29,16.67,12.5
http://statistics.gov.scot/id/statistical-geography/S01009654,Lower Largo,"","","","","","","","","","","","",0,0,0,0,0,0.00
http://statistics.gov.scot/id/statistical-geography/S01009653,Lower Largo Northern,"","","","","","","","","","","","",0,0,0,0,0,0.00
http://statistics.gov.scot/id/statistical-geography/S01009631,Lower Methil,"","","","","","","","","","","","",7.14,16.67,16.67,20,12.5,10
http://statistics.gov.scot/id/statistical-geography/S01008402,Lower Whitecraigs and South Giffnock - 01,"","","","","","","","","","","","",0,0,0,0,0,0.00
http://statistics.gov.scot/id/statistical-geography/S01008403,Lower Whitecraigs and South Giffnock - 02,"","","","","","","","","","","","",25,0,0,0,0,0.00
http://statistics.gov.scot/id/statistical-geography/S01008404,Lower Whitecraigs and South Giffnock - 03,"","","","","","","","","","","","",0,0,0,0,0,0.00
http://statistics.gov.scot/id/statistical-geography/S01008405,Lower Whitecraigs and South Giffnock - 04,"","","","","","","","","","","","",0,0,0,0,0,0.00
http://statistics.gov.scot/id/statistical-geography/S01009450,Lumphinnans,"","","","","","","","","","","","",23.08,30,12.5,36.36,27.27,33.33
http://statistics.gov.scot/id/statistical-geography/S01007204,Lunan - 01,"","","","","","","","","","","","",23.53,23.53,6.25,7.69,6.67,8.33
http://statistics.gov.scot/id/statistical-geography/S01007205,Lunan - 02,"","","","","","","","","","","","",14.29,16.67,11.11,0,14.29,20
http://statistics.gov.scot/id/statistical-geography/S01007206,Lunan - 03,"","","","","","","","","","","","",16.67,0,0,0,0,0.00
http://statistics.gov.scot/id/statistical-geography/S01007207,Lunan - 04,"","","","","","","","","","","","",23.53,9.09,13.64,10,14.29,7.14
http://statistics.gov.scot/id/statistical-geography/S01012002,Luncarty and Dunkeld - 01,"","","","","","","","","","","","",33.33,33.33,16.67,0,0,0.00
http://statistics.gov.scot/id/statistical-geography/S01012003,Luncarty and Dunkeld - 02,"","","","","","","","","","","","",0,0,0,0,0,0.00
http://statistics.gov.scot/id/statistical-geography/S01012004,Luncarty and Dunkeld - 03,"","","","","","","","","","","","",8.33,15.38,20,20,0,0.00
http://statistics.gov.scot/id/statistical-geography/S01012005,Luncarty and Dunkeld - 04,"","","","","","","","","","","","",0,20,20,11.11,0,0.00
http://statistics.gov.scot/id/statistical-geography/S01012006,Luncarty and Dunkeld - 05,"","","","","","","","","","","","",0,0,0,0,0,0.00
http://statistics.gov.scot/id/statistical-geography/S01012007,Luncarty and Dunkeld - 06,"","","","","","","","","","","","",11.11,14.29,18.18,16.67,14.29,0.00
http://statistics.gov.scot/id/statistical-geography/S01012008,Luncarty and Dunkeld - 07,"","","","","","","","","","","","",0,0,0,0,0,0.00
http://statistics.gov.scot/id/statistical-geography/S01009652,Lundin Links,"","","","","","","","","","","","",0,0,0,0,0,0.00
http://statistics.gov.scot/id/statistical-geography/S01009332,Lynebank,"","","","","","","","","","","","",0,0,0,0,0,0.00
http://statistics.gov.scot/id/statistical-geography/S01007037,Macduff - 01,"","","","","","","","","","","","",0,10.53,12.5,17.65,5.26,4.35
http://statistics.gov.scot/id/statistical-geography/S01007038,Macduff - 02,"","","","","","","","","","","","",16.67,0,0,25,0,0.00
http://statistics.gov.scot/id/statistical-geography/S01007039,Macduff - 03,"","","","","","","","","","","","",9.09,0,0,16.67,28.57,10
http://statistics.gov.scot/id/statistical-geography/S01007040,Macduff - 04,"","","","","","","","","","","","",20,28.57,25,14.29,0,0.00
http://statistics.gov.scot/id/statistical-geography/S01007041,Macduff - 05,"","","","","","","","","","","","",0,0,0,0,0,0.00
http://statistics.gov.scot/id/statistical-geography/S01009558,Macedonia East,"","","","","","","","","","","","",21.43,28.57,36.36,14.29,0,8.33
http://statistics.gov.scot/id/statistical-geography/S01009557,Macedonia North,"","","","","","","","","","","","",21.43,25,20,11.11,22.22,30
http://statistics.gov.scot/id/statistical-geography/S01009559,Macedonia West,"","","","","","","","","","","","",17.65,17.65,25,33.33,37.5,11.11
http://statistics.gov.scot/id/statistical-geography/S01007502,Machars North - 01,"","","","","","","","","","","","",0,0,0,0,0,0.00
http://statistics.gov.scot/id/statistical-geography/S01007503,Machars North - 02,"","","","","","","","","","","","",11.11,0,12.5,12.5,14.29,0.00
http://statistics.gov.scot/id/statistical-geography/S01007504,Machars North - 03,"","","","","","","","","","","","",0,0,0,0,0,0.00
http://statistics.gov.scot/id/statistical-geography/S01007505,Machars North - 04,"","","","","","","","","","","","",37.5,33.33,50,100,33.33,0.00
http://statistics.gov.scot/id/statistical-geography/S01007506,Machars South - 01,"","","","","","","","","","","","",0,0,0,0,0,0.00
http://statistics.gov.scot/id/statistical-geography/S01007507,Machars South - 02,"","","","","","","","","","","","",50,25,28.57,12.5,20,10
http://statistics.gov.scot/id/statistical-geography/S01007508,Machars South - 03,"","","","","","","","","","","","",0,16.67,12.5,25,20,20
http://statistics.gov.scot/id/statistical-geography/S01007509,Machars South - 04,"","","","","","","","","","","","",40,16.67,20,25,20,0.00
http://statistics.gov.scot/id/statistical-geography/S01007510,Machars South - 05,"","","","","","","","","","","","",0,0,0,0,0,0.00
http://statistics.gov.scot/id/statistical-geography/S01007511,Machars South - 06,"","","","","","","","","","","","",25,25,25,0,0,50
http://statistics.gov.scot/id/statistical-geography/S01007512,Machars South - 07,"","","","","","","","","","","","",30,37.5,14.29,0,0,0.00
http://statistics.gov.scot/id/statistical-geography/S01009199,Maddiston and Rumford - 01,"","","","","","","","","","","","",0,0,0,0,0,0.00
http://statistics.gov.scot/id/statistical-geography/S01009200,Maddiston and Rumford - 02,"","","","","","","","","","","","",5.88,2.78,0,0,2.38,2.27
http://statistics.gov.scot/id/statistical-geography/S01009201,Maddiston and Rumford - 03,"","","","","","","","","","","","",15.79,7.14,0,0,0,0.00
http://statistics.gov.scot/id/statistical-geography/S01009202,Maddiston and Rumford - 04,"","","","","","","","","","","","",0,0,0,7.69,8.33,11.11
http://statistics.gov.scot/id/statistical-geography/S01009203,Maddiston and Rumford - 05,"","","","","","","","","","","","",30.77,25,28.57,12.5,12.5,10
http://statistics.gov.scot/id/statistical-geography/S01009204,Maddiston and Rumford - 06,"","","","","","","","","","","","",7.69,12.5,23.08,15.79,14.29,14.29
http://statistics.gov.scot/id/statistical-geography/S01009722,Madras and St Leonards,"","","","","","","","","","","","",0,0,"",0,25,20
http://statistics.gov.scot/id/statistical-geography/S01008611,Marchmont East and Sciennes - 01,"","","","","","","","","","","","",0,0,0,0,0,0.00
http://statistics.gov.scot/id/statistical-geography/S01008612,Marchmont East and Sciennes - 02,"","","","","","","","","","","","",0,0,0,0,0,0.00
http://statistics.gov.scot/id/statistical-geography/S01008613,Marchmont East and Sciennes - 03,"","","","","","","","","","","","",0,0,0,0,0,0.00
http://statistics.gov.scot/id/statistical-geography/S01008614,Marchmont East and Sciennes - 04,"","","","","","","","","","","","",0,0,0,0,0,0.00
http://statistics.gov.scot/id/statistical-geography/S01008615,Marchmont East and Sciennes - 05,"","","","","","","","","","","","",0,0,0,0,0,0.00
http://statistics.gov.scot/id/statistical-geography/S01008616,Marchmont East and Sciennes - 06,"","","","","","","","","","","","",0,0,0,0,0,0.00
http://statistics.gov.scot/id/statistical-geography/S01008617,Marchmont West - 01,"","","","","","","","","","","","",0,0,0,0,0,0.00
http://statistics.gov.scot/id/statistical-geography/S01008618,Marchmont West - 02,"","","","","","","","","","","","",0,0,0,0,0,0.00
http://statistics.gov.scot/id/statistical-geography/S01008619,Marchmont West - 03,"","","","","","","","","","","","",0,0,0,"",0,0.00
http://statistics.gov.scot/id/statistical-geography/S01008620,Marchmont West - 04,"","","","","","","","","","","","",0,0,0,0,0,0.00
http://statistics.gov.scot/id/statistical-geography/S01008621,Marchmont West - 05,"","","","","","","","","","","","",0,0,0,0,0,0.00
http://statistics.gov.scot/id/statistical-geography/S01008622,Marchmont West - 06,"","","","","","","","","","","","",0,0,0,0,0,0.00
http://statistics.gov.scot/id/statistical-geography/S01008623,Marchmont West - 07,"","","","","","","","","","","","",0,12.5,14.29,20,0,0.00
http://statistics.gov.scot/id/statistical-geography/S01009609,Markinch East,"","","","","","","","","","","","",12.5,44.44,42.86,25,0,0.00
http://statistics.gov.scot/id/statistical-geography/S01009608,Markinch North,"","","","","","","","","","","","",9.09,0,0,0,10,14.29
http://statistics.gov.scot/id/statistical-geography/S01009610,Markinch West,"","","","","","","","","","","","",6.67,8.33,9.09,33.33,28.57,20
http://statistics.gov.scot/id/statistical-geography/S01010350,Maryhill East - 01,"","","","","","","","","","","","",27.27,21.43,18.75,7.69,0,16.67
http://statistics.gov.scot/id/statistical-geography/S01010351,Maryhill East - 02,"","","","","","","","","","","","",15.79,5.56,5.26,0,0,0.00
http://statistics.gov.scot/id/statistical-geography/S01010352,Maryhill East - 03,"","","","","","","","","","","","",8.33,10,14.29,0,0,0.00
http://statistics.gov.scot/id/statistical-geography/S01010353,Maryhill East - 04,"","","","","","","","","","","","",30,36.36,31.82,15,6.25,0.00
http://statistics.gov.scot/id/statistical-geography/S01010354,Maryhill West - 01,"","","","","","","","","","","","",12,22.73,22.73,16.67,6.25,6.67
http://statistics.gov.scot/id/statistical-geography/S01010355,Maryhill West - 02,"","","","","","","","","","","","",11.76,11.11,4.55,0,6.67,10
http://statistics.gov.scot/id/statistical-geography/S01010356,Maryhill West - 03,"","","","","","","","","","","","",21.43,7.69,0,11.11,8.33,6.25
http://statistics.gov.scot/id/statistical-geography/S01010357,Maryhill West - 04,"","","","","","","","","","","","",0,42.86,40,33.33,25,22.22
http://statistics.gov.scot/id/statistical-geography/S01009354,Masterton Central,"","","","","","","","","","","","",0,0,0,0,3.57,3.7
http://statistics.gov.scot/id/statistical-geography/S01009359,Masterton North,"","","","","","","","","","","","",14.29,15.38,13.33,6.67,9.09,0.00
http://statistics.gov.scot/id/statistical-geography/S01009352,Masterton South,"","","","","","","","","","","","",0,0,0,0,0,0.00
http://statistics.gov.scot/id/statistical-geography/S01006701,Mastrick - 01,"","","","","","","","","","","","",10,5.88,9.52,9.09,5,5
http://statistics.gov.scot/id/statistical-geography/S01006702,Mastrick - 02,"","","","","","","","","","","","",7.69,0,11.11,23.08,28.57,23.08
http://statistics.gov.scot/id/statistical-geography/S01006703,Mastrick - 03,"","","","","","","","","","","","",0,0,0,0,0,0.00
http://statistics.gov.scot/id/statistical-geography/S01006704,Mastrick - 04,"","","","","","","","","","","","",38.1,33.33,24.14,9.52,15,10
http://statistics.gov.scot/id/statistical-geography/S01006705,Mastrick - 05,"","","","","","","","","","","","",16.67,7.69,0,0,12.5,11.11
http://statistics.gov.scot/id/statistical-geography/S01006706,Mastrick - 06,"","","","","","","","","","","","",26.67,17.65,7.69,0,0,0.00
http://statistics.gov.scot/id/statistical-geography/S01006707,Mastrick - 07,"","","","","","","","","","","","",23.08,23.08,16.67,6.25,8.33,9.09
http://statistics.gov.scot/id/statistical-geography/S01007892,Mauchline - 01,"","","","","","","","","","","","",0,14.29,20,40,12.5,9.09
http://statistics.gov.scot/id/statistical-geography/S01007893,Mauchline - 02,"","","","","","","","","","","","",9.09,6.25,7.14,0,0,0.00
http://statistics.gov.scot/id/statistical-geography/S01007894,Mauchline - 03,"","","","","","","","","","","","",16.67,11.11,7.14,6.25,7.14,0.00
http://statistics.gov.scot/id/statistical-geography/S01007895,Mauchline - 04,"","","","","","","","","","","","",16.67,25,20,0,0,0.00
http://statistics.gov.scot/id/statistical-geography/S01007896,Mauchline - 05,"","","","","","","","","","","","",20,12.5,0,0,0,0.00
http://statistics.gov.scot/id/statistical-geography/S01007881,Mauchline Rural - 01,"","","","","","","","","","","","",33.33,27.27,33.33,25,28.57,16.67
http://statistics.gov.scot/id/statistical-geography/S01007882,Mauchline Rural - 02,"","","","","","","","","","","","",16.67,20,0,0,0,0.00
http://statistics.gov.scot/id/statistical-geography/S01007883,Mauchline Rural - 03,"","","","","","","","","","","","",0,5.56,8.33,5.88,0,0.00
http://statistics.gov.scot/id/statistical-geography/S01007884,Mauchline Rural - 04,"","","","","","","","","","","","",0,0,10,10,9.09,9.09
http://statistics.gov.scot/id/statistical-geography/S01007885,Mauchline Rural - 05,"","","","","","","","","","","","",30.77,23.53,18.75,27.78,33.33,25
http://statistics.gov.scot/id/statistical-geography/S01007886,Mauchline Rural - 06,"","","","","","","","","","","","",12.5,11.11,8.33,10,9.09,14.29
http://statistics.gov.scot/id/statistical-geography/S01007887,Mauchline Rural - 07,"","","","","","","","","","","","",20,33.33,0,0,0,0.00
http://statistics.gov.scot/id/statistical-geography/S01009912,Maxwell Park - 01,"","","","","","","","","","","","",0,0,9.09,7.69,5.88,0.00
http://statistics.gov.scot/id/statistical-geography/S01009913,Maxwell Park - 02,"","","","","","","","","","","","",0,0,0,5.88,7.69,9.09
http://statistics.gov.scot/id/statistical-geography/S01009914,Maxwell Park - 03,"","","","","","","","","","","","",0,0,0,0,0,0.00
http://statistics.gov.scot/id/statistical-geography/S01009915,Maxwell Park - 04,"","","","","","","","","","","","",0,0,0,0,0,0.00
http://statistics.gov.scot/id/statistical-geography/S01009916,Maxwell Park - 05,"","","","","","","","","","","","",0,0,0,0,0,0.00
http://statistics.gov.scot/id/statistical-geography/S01009917,Maxwell Park - 06,"","","","","","","","","","","","",0,0,0,0,0,0.00
http://statistics.gov.scot/id/statistical-geography/S01009918,Maxwell Park - 07,"","","","","","","","","","","","",0,0,0,0,0,0.00
http://statistics.gov.scot/id/statistical-geography/S01012434,Maybole - 01,"","","","","","","","","","","","",12.5,14.29,13.33,42.86,50,44.44
http://statistics.gov.scot/id/statistical-geography/S01012435,Maybole - 02,"","","","","","","","","","","","",0,0,22.22,10,7.69,0.00
http://statistics.gov.scot/id/statistical-geography/S01012436,Maybole - 03,"","","","","","","","","","","","",26.67,35.71,15.38,20,0,8.33
http://statistics.gov.scot/id/statistical-geography/S01012437,Maybole - 04,"","","","","","","","","","","","",22.22,13.33,13.33,14.29,28.57,25
http://statistics.gov.scot/id/statistical-geography/S01012438,Maybole - 05,"","","","","","","","","","","","",11.11,12.5,22.22,16.67,12.5,0.00
http://statistics.gov.scot/id/statistical-geography/S01012439,Maybole - 06,"","","","","","","","","","","","",7.69,10,20,40,60,33.33
http://statistics.gov.scot/id/statistical-geography/S01012440,Maybole - 07,"","","","","","","","","","","","",33.33,33.33,33.33,0,0,0.00
http://statistics.gov.scot/id/statistical-geography/S01011025,Mayfield - 01,"","","","","","","","","","","","",26.67,10,12.5,20,10,11.11
http://statistics.gov.scot/id/statistical-geography/S01011026,Mayfield - 02,"","","","","","","","","","","","",20,16.67,0,0,0,0.00
http://statistics.gov.scot/id/statistical-geography/S01011027,Mayfield - 03,"","","","","","","","","","","","",16.67,14.29,20,10,12.5,0.00
http://statistics.gov.scot/id/statistical-geography/S01011028,Mayfield - 04,"","","","","","","","","","","","",0,0,22.22,40,36.36,14.29
http://statistics.gov.scot/id/statistical-geography/S01011029,Mayfield - 05,"","","","","","","","","","","","",28.57,37.5,10,14.29,0,0.00
http://statistics.gov.scot/id/statistical-geography/S01011030,Mayfield - 06,"","","","","","","","","","","","",25,20,16.67,16.67,22.22,28.57
http://statistics.gov.scot/id/statistical-geography/S01008689,Meadowbank and Abbeyhill North - 01,"","","","","","","","","","","","",0,0,0,0,0,0.00
http://statistics.gov.scot/id/statistical-geography/S01008690,Meadowbank and Abbeyhill North - 02,"","","","","","","","","","","","",6.25,5.88,4.35,0,0,0.00
http://statistics.gov.scot/id/statistical-geography/S01008691,Meadowbank and Abbeyhill North - 03,"","","","","","","","","","","","",0,0,0,0,0,0.00
http://statistics.gov.scot/id/statistical-geography/S01008692,Meadowbank and Abbeyhill North - 04,"","","","","","","","","","","","",0,0,0,0,0,0.00
http://statistics.gov.scot/id/statistical-geography/S01008693,Meadowbank and Abbeyhill North - 05,"","","","","","","","","","","","",0,0,0,0,0,0.00
http://statistics.gov.scot/id/statistical-geography/S01008666,Meadows and Southside - 01,"","","","","","","","","","","","",0,0,0,0,0,0.00
http://statistics.gov.scot/id/statistical-geography/S01008667,Meadows and Southside - 02,"","","","","","","","","","","","",8.33,0,0,0,0,0.00
http://statistics.gov.scot/id/statistical-geography/S01008668,Meadows and Southside - 03,"","","","","","","","","","","","",0,0,0,0,0,0.00
http://statistics.gov.scot/id/statistical-geography/S01008669,Meadows and Southside - 04,"","","","","","","","","","","","",0,0,"",0,0,""
http://statistics.gov.scot/id/statistical-geography/S01008670,Meadows and Southside - 05,"","","","","","","","","","","","",0,0,0,0,0,0.00
http://statistics.gov.scot/id/statistical-geography/S01008671,Meadows and Southside - 06,"","","","","","","","","","","","",0,0,0,0,0,0.00
http://statistics.gov.scot/id/statistical-geography/S01008672,Meadows and Southside - 07,"","","","","","","","","","","","",9.09,14.29,0,0,0,0.00
http://statistics.gov.scot/id/statistical-geography/S01008673,Meadows and Southside - 08,"","","","","","","","","","","","",0,0,0,0,0,0.00
http://statistics.gov.scot/id/statistical-geography/S01006811,Mearns North and Inverbervie - 01,"","","","","","","","","","","","",0,0,0,0,0,0.00
http://statistics.gov.scot/id/statistical-geography/S01006812,Mearns North and Inverbervie - 02,"","","","","","","","","","","","",8.33,0,0,0,0,0.00
http://statistics.gov.scot/id/statistical-geography/S01006813,Mearns North and Inverbervie - 03,"","","","","","","","","","","","",0,0,0,0,0,0.00
http://statistics.gov.scot/id/statistical-geography/S01006814,Mearns North and Inverbervie - 04,"","","","","","","","","","","","",9.09,6.25,7.69,0,0,0.00
http://statistics.gov.scot/id/statistical-geography/S01006815,Mearns North and Inverbervie - 05,"","","","","","","","","","","","",22.22,30.77,30,25,0,0.00
http://statistics.gov.scot/id/statistical-geography/S01006816,Mearns North and Inverbervie - 06,"","","","","","","","","","","","",0,0,0,9.09,10,9.09
http://statistics.gov.scot/id/statistical-geography/S01006817,Mearns North and Inverbervie - 07,"","","","","","","","","","","","",0,0,0,0,0,0.00
http://statistics.gov.scot/id/statistical-geography/S01006806,Mearns South and Benholm - 01,"","","","","","","","","","","","",0,0,0,0,0,0.00
http://statistics.gov.scot/id/statistical-geography/S01006807,Mearns South and Benholm - 02,"","","","","","","","","","","","",0,0,0,0,0,0.00
http://statistics.gov.scot/id/statistical-geography/S01006808,Mearns South and Benholm - 03,"","","","","","","","","","","","",0,0,0,0,0,10
http://statistics.gov.scot/id/statistical-geography/S01006809,Mearns South and Benholm - 04,"","","","","","","","","","","","",0,0,8.33,18.75,20,15.38
http://statistics.gov.scot/id/statistical-geography/S01006810,Mearns South and Benholm - 05,"","","","","","","","","","","","",7.14,0,6.67,12.5,12.5,0.00
http://statistics.gov.scot/id/statistical-geography/S01008335,"Mearns Village, Westacres and Greenfarm - 01","","","","","","","","","","","","",0,0,0,0,0,0.00
http://statistics.gov.scot/id/statistical-geography/S01008336,"Mearns Village, Westacres and Greenfarm - 02","","","","","","","","","","","","",0,0,0,0,0,0.00
http://statistics.gov.scot/id/statistical-geography/S01008337,"Mearns Village, Westacres and Greenfarm - 03","","","","","","","","","","","","",0,0,0,0,14.29,20
http://statistics.gov.scot/id/statistical-geography/S01008338,"Mearns Village, Westacres and Greenfarm - 04","","","","","","","","","","","","",0,0,0,0,0,0.00
http://statistics.gov.scot/id/statistical-geography/S01008339,"Mearns Village, Westacres and Greenfarm - 05","","","","","","","","","","","","",0,0,0,0,0,0.00
http://statistics.gov.scot/id/statistical-geography/S01008340,"Mearns Village, Westacres and Greenfarm - 06","","","","","","","","","","","","",5,5.26,10,0,0,0.00
http://statistics.gov.scot/id/statistical-geography/S01008341,"Mearns Village, Westacres and Greenfarm - 07","","","","","","","","","","","","",0,0,0,0,0,0.00
http://statistics.gov.scot/id/statistical-geography/S01008342,"Mearns Village, Westacres and Greenfarm - 08","","","","","","","","","","","","",0,0,20,33.33,25,0.00
http://statistics.gov.scot/id/statistical-geography/S01006801,Mearns and Laurencekirk - 01,"","","","","","","","","","","","",14.29,0,0,0,0,0.00
http://statistics.gov.scot/id/statistical-geography/S01006802,Mearns and Laurencekirk - 02,"","","","","","","","","","","","",9.09,11.11,16.67,14.29,0,0.00
http://statistics.gov.scot/id/statistical-geography/S01006803,Mearns and Laurencekirk - 03,"","","","","","","","","","","","",0,0,0,0,0,0.00
http://statistics.gov.scot/id/statistical-geography/S01006804,Mearns and Laurencekirk - 04,"","","","","","","","","","","","",10,0,0,0,0,0.00
http://statistics.gov.scot/id/statistical-geography/S01006805,Mearns and Laurencekirk - 05,"","","","","","","","","","","","",6.25,6.67,5.88,0,6.67,5.88
http://statistics.gov.scot/id/statistical-geography/S01008347,Mearnskirk and South Kirkhill - 01,"","","","","","","","","","","","",0,0,0,0,0,0.00
http://statistics.gov.scot/id/statistical-geography/S01008348,Mearnskirk and South Kirkhill - 02,"","","","","","","","","","","","",0,0,0,0,0,0.00
http://statistics.gov.scot/id/statistical-geography/S01008349,Mearnskirk and South Kirkhill - 03,"","","","","","","","","","","","",25,0,0,0,0,0.00
http://statistics.gov.scot/id/statistical-geography/S01008350,Mearnskirk and South Kirkhill - 04,"","","","","","","","","","","","",0,0,0,0,"",0.00
http://statistics.gov.scot/id/statistical-geography/S01008351,Mearnskirk and South Kirkhill - 05,"","","","","","","","","","","","",0,0,0,0,0,0.00
http://statistics.gov.scot/id/statistical-geography/S01008352,Mearnskirk and South Kirkhill - 06,"","","","","","","","","","","","",0,0,0,0,0,0.00
http://statistics.gov.scot/id/statistical-geography/S01008353,Mearnskirk and South Kirkhill - 07,"","","","","","","","","","","","",0,0,0,0,0,0.00
http://statistics.gov.scot/id/statistical-geography/S01008354,Mearnskirk and South Kirkhill - 08,"","","","","","","","","","","","",0,0,0,8.33,7.69,7.14
http://statistics.gov.scot/id/statistical-geography/S01012291,Melrose - Dingleton Hill,"","","","","","","","","","","","",0,0,0,0,0,0.00
http://statistics.gov.scot/id/statistical-geography/S01012292,Melrose - High Street,"","","","","","","","","","","","",0,0,0,0,0,0.00
http://statistics.gov.scot/id/statistical-geography/S01012290,Melrose - Newstead,"","","","","","","","","","","","",0,0,0,0,0,0.00
http://statistics.gov.scot/id/statistical-geography/S01007421,Menstrie - 01,"","","","","","","","","","","","",0,0,0,0,0,16.67
http://statistics.gov.scot/id/statistical-geography/S01007422,Menstrie - 02,"","","","","","","","","","","","",0,0,0,0,0,0.00
http://statistics.gov.scot/id/statistical-geography/S01007423,Menstrie - 03,"","","","","","","","","","","","",4.55,5.26,14.29,13.33,7.69,0.00
http://statistics.gov.scot/id/statistical-geography/S01007424,Menstrie - 04,"","","","","","","","","","","","",14.29,0,0,0,0,0.00
http://statistics.gov.scot/id/statistical-geography/S01007839,Menzieshill - 01,"","","","","","","","","","","","",33.33,33.33,25,20,20,16.67
http://statistics.gov.scot/id/statistical-geography/S01007840,Menzieshill - 02,"","","","","","","","","","","","",15.38,5.88,0,12.5,15.38,11.76
http://statistics.gov.scot/id/statistical-geography/S01007841,Menzieshill - 03,"","","","","","","","","","","","",14.29,11.11,14.29,20,18.75,25
http://statistics.gov.scot/id/statistical-geography/S01007842,Menzieshill - 04,"","","","","","","","","","","","",18.18,17.39,14.29,20,27.78,31.58
http://statistics.gov.scot/id/statistical-geography/S01007843,Menzieshill - 05,"","","","","","","","","","","","",20,15,19.05,9.09,6.25,6.25
http://statistics.gov.scot/id/statistical-geography/S01007844,Menzieshill - 06,"","","","","","","","","","","","",16.67,28.57,30.43,30,9.09,0.00
http://statistics.gov.scot/id/statistical-geography/S01008632,Merchiston and Greenhill - 01,"","","","","","","","","","","","",0,0,0,0,0,0.00
http://statistics.gov.scot/id/statistical-geography/S01008633,Merchiston and Greenhill - 02,"","","","","","","","","","","","",14.29,0,0,0,0,0.00
http://statistics.gov.scot/id/statistical-geography/S01008634,Merchiston and Greenhill - 03,"","","","","","","","","","","","",0,0,0,0,0,0.00
http://statistics.gov.scot/id/statistical-geography/S01008635,Merchiston and Greenhill - 04,"","","","","","","","","","","","",0,0,0,0,0,0.00
http://statistics.gov.scot/id/statistical-geography/S01008636,Merchiston and Greenhill - 05,"","","","","","","","","","","","",0,0,0,0,0,0.00
http://statistics.gov.scot/id/statistical-geography/S01008637,Merchiston and Greenhill - 06,"","","","","","","","","","","","",0,0,0,0,0,0.00
http://statistics.gov.scot/id/statistical-geography/S01008395,Merrylee and Braidbar - 01,"","","","","","","","","","","","",0,0,0,0,0,0.00
http://statistics.gov.scot/id/statistical-geography/S01008396,Merrylee and Braidbar - 02,"","","","","","","","","","","","",0,0,0,0,0,8.33
http://statistics.gov.scot/id/statistical-geography/S01008397,Merrylee and Braidbar - 03,"","","","","","","","","","","","",0,0,0,0,0,0.00
http://statistics.gov.scot/id/statistical-geography/S01008398,Merrylee and Braidbar - 04,"","","","","","","","","","","","",0,0,0,0,0,0.00
http://statistics.gov.scot/id/statistical-geography/S01008399,Merrylee and Braidbar - 05,"","","","","","","","","","","","",0,0,0,0,0,0.00
http://statistics.gov.scot/id/statistical-geography/S01008400,Merrylee and Braidbar - 06,"","","","","","","","","","","","",0,0,0,0,0,0.00
http://statistics.gov.scot/id/statistical-geography/S01008401,Merrylee and Braidbar - 07,"","","","","","","","","","","","",0,0,0,0,0,0.00
http://statistics.gov.scot/id/statistical-geography/S01009955,Merrylee and Millbrae - 01,"","","","","","","","","","","","",5.56,6.67,5.88,0,0,11.11
http://statistics.gov.scot/id/statistical-geography/S01009956,Merrylee and Millbrae - 02,"","","","","","","","","","","","",7.14,0,0,0,0,0.00
http://statistics.gov.scot/id/statistical-geography/S01009957,Merrylee and Millbrae - 03,"","","","","","","","","","","","",0,0,0,0,0,0.00
http://statistics.gov.scot/id/statistical-geography/S01009958,Merrylee and Millbrae - 04,"","","","","","","","","","","","",0,0,0,0,0,0.00
http://statistics.gov.scot/id/statistical-geography/S01012656,Merryton and Meadowhill - 01,"","","","","","","","","","","","",0,0,0,0,0,0.00
http://statistics.gov.scot/id/statistical-geography/S01012657,Merryton and Meadowhill - 02,"","","","","","","","","","","","",28.57,0,0,0,0,0.00
http://statistics.gov.scot/id/statistical-geography/S01012658,Merryton and Meadowhill - 03,"","","","","","","","","","","","",30.77,30,12.5,0,0,0.00
http://statistics.gov.scot/id/statistical-geography/S01012659,Merryton and Meadowhill - 04,"","","","","","","","","","","","",0,0,0,0,0,0.00
http://statistics.gov.scot/id/statistical-geography/S01009638,Methil Kirkland,"","","","","","","","","","","","",50,46.15,37.5,37.5,45.45,33.33
http://statistics.gov.scot/id/statistical-geography/S01009632,Methil Memorial Park,"","","","","","","","","","","","",33.33,30,12.5,30,45.45,41.67
http://statistics.gov.scot/id/statistical-geography/S01009625,Methil Methilmill,"","","","","","","","","","","","",45.45,33.33,16.67,11.11,0,0.00
http://statistics.gov.scot/id/statistical-geography/S01009635,Methil New Bayview,"","","","","","","","","","","","",8.33,10,29.41,33.33,38.89,30.77
http://statistics.gov.scot/id/statistical-geography/S01009637,Methil Old Bayview,"","","","","","","","","","","","",14.29,30,28.57,25,22.22,16.67
http://statistics.gov.scot/id/statistical-geography/S01009633,Methil Savoy,"","","","","","","","","","","","",41.67,54.55,57.14,38.46,23.08,31.25
http://statistics.gov.scot/id/statistical-geography/S01009634,Methil Sea Road,"","","","","","","","","","","","",40,25,0,0,0,33.33
http://statistics.gov.scot/id/statistical-geography/S01009626,Methil Trees East,"","","","","","","","","","","","",33.33,25,42.86,42.86,33.33,0.00
http://statistics.gov.scot/id/statistical-geography/S01009627,Methil Trees West,"","","","","","","","","","","","",15.38,9.09,12.5,27.27,30.77,30
http://statistics.gov.scot/id/statistical-geography/S01009630,Methilhill North,"","","","","","","","","","","","",27.78,12.5,21.43,33.33,22.22,27.27
http://statistics.gov.scot/id/statistical-geography/S01009629,Methilhill South West,"","","","","","","","","","","","",31.58,21.43,7.69,20,20,31.25
http://statistics.gov.scot/id/statistical-geography/S01009628,Methilhill Toll Bar,"","","","","","","","","","","","",0,0,0,0,0,25
http://statistics.gov.scot/id/statistical-geography/S01007311,Mid Argyll - 01,"","","","","","","","","","","","",9.09,11.11,15.38,16.67,25,9.09
http://statistics.gov.scot/id/statistical-geography/S01007312,Mid Argyll - 02,"","","","","","","","","","","","",14.29,14.29,0,0,0,0.00
http://statistics.gov.scot/id/statistical-geography/S01007313,Mid Argyll - 03,"","","","","","","","","","","","",11.11,0,0,0,0,0.00
http://statistics.gov.scot/id/statistical-geography/S01007314,Mid Argyll - 04,"","","","","","","","","","","","",0,0,0,0,0,0.00
http://statistics.gov.scot/id/statistical-geography/S01013284,Mid Calder and Kirknewton - 01,"","","","","","","","","","","","",0,0,0,0,0,0.00
http://statistics.gov.scot/id/statistical-geography/S01013285,Mid Calder and Kirknewton - 02,"","","","","","","","","","","","",0,20,12.5,11.11,0,0.00
http://statistics.gov.scot/id/statistical-geography/S01013286,Mid Calder and Kirknewton - 03,"","","","","","","","","","","","",0,0,0,0,0,0.00
http://statistics.gov.scot/id/statistical-geography/S01013287,Mid Calder and Kirknewton - 04,"","","","","","","","","","","","",10,0,0,"",0,0.00
http://statistics.gov.scot/id/statistical-geography/S01013288,Mid Calder and Kirknewton - 05,"","","","","","","","","","","","",50,0,0,0,0,0.00
http://statistics.gov.scot/id/statistical-geography/S01013289,Mid Calder and Kirknewton - 06,"","","","","","","","","","","","",0,0,0,0,0,0.00
http://statistics.gov.scot/id/statistical-geography/S01013290,Mid Calder and Kirknewton - 07,"","","","","","","","","","","","",0,0,0,0,0,0.00
http://statistics.gov.scot/id/statistical-geography/S01013291,Mid Calder and Kirknewton - 08,"","","","","","","","","","","","",100,50,14.29,0,0,0.00
http://statistics.gov.scot/id/statistical-geography/S01007564,Mid Nithsdale - 01,"","","","","","","","","","","","",0,0,0,0,0,0.00
http://statistics.gov.scot/id/statistical-geography/S01007565,Mid Nithsdale - 02,"","","","","","","","","","","","",20,25,22.22,0,0,0.00
http://statistics.gov.scot/id/statistical-geography/S01007566,Mid Nithsdale - 03,"","","","","","","","","","","","",16.67,20,20,8.33,0,0.00
http://statistics.gov.scot/id/statistical-geography/S01007567,Mid Nithsdale - 04,"","","","","","","","","","","","",0,0,0,0,0,0.00
http://statistics.gov.scot/id/statistical-geography/S01007568,Mid Nithsdale - 05,"","","","","","","","","","","","",8.33,11.11,0,0,0,0.00
http://statistics.gov.scot/id/statistical-geography/S01007569,Mid Nithsdale - 06,"","","","","","","","","","","","",22.22,10,0,14.29,25,25
http://statistics.gov.scot/id/statistical-geography/S01009353,Middlebank,"","","","","","","","","","","","",3.45,0,0,0,0,0.00
http://statistics.gov.scot/id/statistical-geography/S01006558,Midstocket - 01,"","","","","","","","","","","","",0,0,0,0,0,0.00
http://statistics.gov.scot/id/statistical-geography/S01006559,Midstocket - 02,"","","","","","","","","","","","",0,0,0,0,0,0.00
http://statistics.gov.scot/id/statistical-geography/S01006560,Midstocket - 03,"","","","","","","","","","","","",0,0,0,0,0,0.00
http://statistics.gov.scot/id/statistical-geography/S01006561,Midstocket - 04,"","","","","","","","","","","","",7.69,0,0,0,0,0.00
http://statistics.gov.scot/id/statistical-geography/S01006562,Midstocket - 05,"","","","","","","","","","","","",22.22,18.18,12.5,0,0,0.00
http://statistics.gov.scot/id/statistical-geography/S01006563,Midstocket - 06,"","","","","","","","","","","","",0,0,0,0,0,0.00
http://statistics.gov.scot/id/statistical-geography/S01009293,Milesmark East,"","","","","","","","","","","","",14.29,0,14.29,9.09,11.11,0.00
http://statistics.gov.scot/id/statistical-geography/S01009294,Milesmark West,"","","","","","","","","","","","",0,0,0,0,0,11.11
http://statistics.gov.scot/id/statistical-geography/S01011843,Milnathort and Crook of Devon - 01,"","","","","","","","","","","","",8.33,9.09,14.29,0,0,0.00
http://statistics.gov.scot/id/statistical-geography/S01011844,Milnathort and Crook of Devon - 02,"","","","","","","","","","","","",0,0,0,0,0,0.00
http://statistics.gov.scot/id/statistical-geography/S01011845,Milnathort and Crook of Devon - 03,"","","","","","","","","","","","",0,11.11,11.11,11.11,14.29,16.67
http://statistics.gov.scot/id/statistical-geography/S01011846,Milnathort and Crook of Devon - 04,"","","","","","","","","","","","",0,0,0,0,0,0.00
http://statistics.gov.scot/id/statistical-geography/S01011505,Milnwood - 01,"","","","","","","","","","","","",0,0,0,0,18.18,21.43
http://statistics.gov.scot/id/statistical-geography/S01011506,Milnwood - 02,"","","","","","","","","","","","",14.29,0,0,0,0,0.00
http://statistics.gov.scot/id/statistical-geography/S01011507,Milnwood - 03,"","","","","","","","","","","","",60,33.33,33.33,14.29,20,20
http://statistics.gov.scot/id/statistical-geography/S01011508,Milnwood - 04,"","","","","","","","","","","","",6.25,11.11,9.52,5.56,6.25,15.38
http://statistics.gov.scot/id/statistical-geography/S01011509,Milnwood - 05,"","","","","","","","","","","","",0,0,0,14.29,16.67,25
http://statistics.gov.scot/id/statistical-geography/S01011510,Milnwood - 06,"","","","","","","","","","","","",30,25,6.67,8.33,0,10.53
http://statistics.gov.scot/id/statistical-geography/S01011511,Milnwood - 07,"","","","","","","","","","","","",0,0,10,10,14.29,0.00
http://statistics.gov.scot/id/statistical-geography/S01010335,Milton East - 01,"","","","","","","","","","","","",10,7.69,6.67,7.69,12.5,0.00
http://statistics.gov.scot/id/statistical-geography/S01010336,Milton East - 02,"","","","","","","","","","","","",20,5.56,0,0,0,0.00
http://statistics.gov.scot/id/statistical-geography/S01010337,Milton East - 03,"","","","","","","","","","","","",37.5,42.86,33.33,18.18,11.11,11.11
http://statistics.gov.scot/id/statistical-geography/S01010338,Milton East - 04,"","","","","","","","","","","","",15,13.64,14.29,6.25,14.29,0.00
http://statistics.gov.scot/id/statistical-geography/S01010339,Milton East - 05,"","","","","","","","","","","","",0,0,0,0,0,0.00
http://statistics.gov.scot/id/statistical-geography/S01010330,Milton West - 01,"","","","","","","","","","","","",0,0,0,0,0,0.00
http://statistics.gov.scot/id/statistical-geography/S01010331,Milton West - 02,"","","","","","","","","","","","",7.69,11.11,0,0,6.67,12.5
http://statistics.gov.scot/id/statistical-geography/S01010332,Milton West - 03,"","","","","","","","","","","","",0,0,28.57,30,27.27,12.5
http://statistics.gov.scot/id/statistical-geography/S01010333,Milton West - 04,"","","","","","","","","","","","",9.52,8.7,5,0,0,7.69
http://statistics.gov.scot/id/statistical-geography/S01010334,Milton West - 05,"","","","","","","","","","","","",8,4.55,5.26,11.11,4.55,8.33
http://statistics.gov.scot/id/statistical-geography/S01009614,Milton of Balgonie,"","","","","","","","","","","","",33.33,50,50,0,0,14.29
http://statistics.gov.scot/id/statistical-geography/S01008153,Milton of Campsie - 01,"","","","","","","","","","","","",25,20,0,0,0,0.00
http://statistics.gov.scot/id/statistical-geography/S01008154,Milton of Campsie - 02,"","","","","","","","","","","","",0,0,0,0,0,0.00
http://statistics.gov.scot/id/statistical-geography/S01008155,Milton of Campsie - 03,"","","","","","","","","","","","",20,0,0,0,16.67,25
http://statistics.gov.scot/id/statistical-geography/S01008156,Milton of Campsie - 04,"","","","","","","","","","","","",12.5,10,0,0,0,10
http://statistics.gov.scot/id/statistical-geography/S01008157,Milton of Campsie - 05,"","","","","","","","","","","","",14.29,16.67,12.5,0,0,0.00
http://statistics.gov.scot/id/statistical-geography/S01007057,Mintlaw - 01,"","","","","","","","","","","","",50,0,0,0,0,0.00
http://statistics.gov.scot/id/statistical-geography/S01007058,Mintlaw - 02,"","","","","","","","","","","","",22.22,16.67,33.33,0,0,0.00
http://statistics.gov.scot/id/statistical-geography/S01007059,Mintlaw - 03,"","","","","","","","","","","","",10,8.33,9.09,0,0,0.00
http://statistics.gov.scot/id/statistical-geography/S01007060,Mintlaw - 04,"","","","","","","","","","","","",25,0,0,0,0,28.57
http://statistics.gov.scot/id/statistical-geography/S01012357,Minto Cauldmill and Boonraw Area,"","","","","","","","","","","","",20,16.67,10,0,0,0.00
http://statistics.gov.scot/id/statistical-geography/S01009531,Mitchelston and Randolph,"","","","","","","","","","","","",6.25,0,16.67,18.75,20,6.25
http://statistics.gov.scot/id/statistical-geography/S01007641,Moffat - 01,"","","","","","","","","","","","",0,0,0,0,0,12.5
http://statistics.gov.scot/id/statistical-geography/S01007642,Moffat - 02,"","","","","","","","","","","","",22.22,11.11,0,0,0,0.00
http://statistics.gov.scot/id/statistical-geography/S01007643,Moffat - 03,"","","","","","","","","","","","",16.67,16.67,25,14.29,9.09,9.09
http://statistics.gov.scot/id/statistical-geography/S01007644,Moffat - 04,"","","","","","","","","","","","",14.29,25,28.57,20,0,0.00
http://statistics.gov.scot/id/statistical-geography/S01007645,Moffat - 05,"","","","","","","","","","","","",16.67,0,0,0,0,0.00
http://statistics.gov.scot/id/statistical-geography/S01011887,Moncrieffe and Friarton - 01,"","","","","","","","","","","","",16.67,10,16.67,8.33,12.5,0.00
http://statistics.gov.scot/id/statistical-geography/S01011888,Moncrieffe and Friarton - 02,"","","","","","","","","","","","",16.67,20,11.11,11.11,14.29,11.11
http://statistics.gov.scot/id/statistical-geography/S01011889,Moncrieffe and Friarton - 03,"","","","","","","","","","","","",0,0,0,0,0,0.00
http://statistics.gov.scot/id/statistical-geography/S01011890,Moncrieffe and Friarton - 04,"","","","","","","","","","","","",0,0,0,0,0,0.00
http://statistics.gov.scot/id/statistical-geography/S01011891,Moncrieffe and Friarton - 05,"","","","","","","","","","","","",10,20,23.08,20,18.75,18.18
http://statistics.gov.scot/id/statistical-geography/S01007149,Monifieth East - 01,"","","","","","","","","","","","",0,0,0,0,0,20
http://statistics.gov.scot/id/statistical-geography/S01007150,Monifieth East - 02,"","","","","","","","","","","","","","","",0,0,0.00
http://statistics.gov.scot/id/statistical-geography/S01007151,Monifieth East - 03,"","","","","","","","","","","","",14.29,7.69,12.5,0,0,14.29
http://statistics.gov.scot/id/statistical-geography/S01007152,Monifieth East - 04,"","","","","","","","","","","","",0,0,0,0,0,0.00
http://statistics.gov.scot/id/statistical-geography/S01007153,Monifieth East - 05,"","","","","","","","","","","","",14.29,20,25,0,0,0.00
http://statistics.gov.scot/id/statistical-geography/S01007154,Monifieth East - 06,"","","","","","","","","","","","",0,0,0,0,0,0.00
http://statistics.gov.scot/id/statistical-geography/S01007155,Monifieth East - 07,"","","","","","","","","","","","",0,0,0,0,0,0.00
http://statistics.gov.scot/id/statistical-geography/S01007145,Monifieth West - 01,"","","","","","","","","","","","",0,0,0,0,0,0.00
http://statistics.gov.scot/id/statistical-geography/S01007146,Monifieth West - 02,"","","","","","","","","","","","",0,0,0,0,0,0.00
http://statistics.gov.scot/id/statistical-geography/S01007147,Monifieth West - 03,"","","","","","","","","","","","",16.67,12.5,0,0,0,0.00
http://statistics.gov.scot/id/statistical-geography/S01007148,Monifieth West - 04,"","","","","","","","","","","","",0,0,0,0,0,0.00
http://statistics.gov.scot/id/statistical-geography/S01007137,Monikie - 01,"","","","","","","","","","","","",0,0,0,0,0,0.00
http://statistics.gov.scot/id/statistical-geography/S01007138,Monikie - 02,"","","","","","","","","","","","",0,0,0,0,0,0.00
http://statistics.gov.scot/id/statistical-geography/S01007139,Monikie - 03,"","","","","","","","","","","","",0,0,0,0,0,0.00
http://statistics.gov.scot/id/statistical-geography/S01007140,Monikie - 04,"","","","","","","","","","","","",0,0,0,0,9.09,10
http://statistics.gov.scot/id/statistical-geography/S01007141,Monikie - 05,"","","","","","","","","","","","",0,0,0,0,0,0.00
http://statistics.gov.scot/id/statistical-geography/S01007142,Monikie - 06,"","","","","","","","","","","","",0,12.5,25,50,0,0.00
http://statistics.gov.scot/id/statistical-geography/S01007143,Monikie - 07,"","","","","","","","","","","","",0,0,0,14.29,14.29,33.33
http://statistics.gov.scot/id/statistical-geography/S01007144,Monikie - 08,"","","","","","","","","","","","",16.67,25,0,0,0,0.00
http://statistics.gov.scot/id/statistical-geography/S01009664,Monimal Pitlessie and Cults,"","","","","","","","","","","","",0,0,0,0,0,0.00
http://statistics.gov.scot/id/statistical-geography/S01007215,Montrose North - 01,"","","","","","","","","","","","",14.29,18.18,20,11.11,0,14.29
http://statistics.gov.scot/id/statistical-geography/S01007216,Montrose North - 02,"","","","","","","","","","","","",0,8.33,7.14,9.09,0,20
http://statistics.gov.scot/id/statistical-geography/S01007217,Montrose North - 03,"","","","","","","","","","","","",13.64,17.39,26.09,36.84,41.67,37.5
http://statistics.gov.scot/id/statistical-geography/S01007218,Montrose North - 04,"","","","","","","","","","","","",7.14,9.09,0,0,0,0.00
http://statistics.gov.scot/id/statistical-geography/S01007219,Montrose North - 05,"","","","","","","","","","","","",8.33,0,0,0,0,0.00
http://statistics.gov.scot/id/statistical-geography/S01007220,Montrose North - 06,"","","","","","","","","","","","",0,0,0,10,10,9.09
http://statistics.gov.scot/id/statistical-geography/S01007208,Montrose South - 01,"","","","","","","","","","","","",16.67,14.81,14.81,8.33,12.5,15.38
http://statistics.gov.scot/id/statistical-geography/S01007209,Montrose South - 02,"","","","","","","","","","","","",33.33,27.27,16.67,0,0,14.29
http://statistics.gov.scot/id/statistical-geography/S01007210,Montrose South - 03,"","","","","","","","","","","","",0,0,0,0,6.67,7.69
http://statistics.gov.scot/id/statistical-geography/S01007211,Montrose South - 04,"","","","","","","","","","","","",5.88,10.53,10.53,10.53,0,0.00
http://statistics.gov.scot/id/statistical-geography/S01007212,Montrose South - 05,"","","","","","","","","","","","",20,16.67,20,0,0,12.5
http://statistics.gov.scot/id/statistical-geography/S01007213,Montrose South - 06,"","","","","","","","","","","","",8.33,0,0,0,0,0.00
http://statistics.gov.scot/id/statistical-geography/S01007214,Montrose South - 07,"","","","","","","","","","","","",8.33,7.69,6.67,0,0,10
http://statistics.gov.scot/id/statistical-geography/S01011714,Moodiesburn East - 01,"","","","","","","","","","","","",16.67,10,7.69,0,0,0.00
http://statistics.gov.scot/id/statistical-geography/S01011715,Moodiesburn East - 02,"","","","","","","","","","","","",16.67,7.69,7.69,0,0,0.00
http://statistics.gov.scot/id/statistical-geography/S01011716,Moodiesburn East - 03,"","","","","","","","","","","","",5.56,3.57,4.17,5.56,0,0.00
http://statistics.gov.scot/id/statistical-geography/S01011717,Moodiesburn East - 04,"","","","","","","","","","","","",0,0,0,0,0,0.00
http://statistics.gov.scot/id/statistical-geography/S01011718,Moodiesburn East - 05,"","","","","","","","","","","","",0,5.56,5.56,4.35,0,0.00
http://statistics.gov.scot/id/statistical-geography/S01011709,Moodiesburn West - 01,"","","","","","","","","","","","",5.88,8.33,9.09,0,0,0.00
http://statistics.gov.scot/id/statistical-geography/S01011710,Moodiesburn West - 02,"","","","","","","","","","","","",25,10,10,0,0,0.00
http://statistics.gov.scot/id/statistical-geography/S01011711,Moodiesburn West - 03,"","","","","","","","","","","","",20,11.11,11.11,5,7.14,12.5
http://statistics.gov.scot/id/statistical-geography/S01011712,Moodiesburn West - 04,"","","","","","","","","","","","",8.33,27.27,42.86,50,0,0.00
http://statistics.gov.scot/id/statistical-geography/S01011713,Moodiesburn West - 05,"","","","","","","","","","","","",20,6.67,0,7.14,14.29,14.29
http://statistics.gov.scot/id/statistical-geography/S01012329,Morebattle Hownam and Area,"","","","","","","","","","","","",10,16.67,16.67,20,0,0.00
http://statistics.gov.scot/id/statistical-geography/S01008569,Moredun and Craigour - 01,"","","","","","","","","","","","",10,7.69,11.76,20,23.08,20
http://statistics.gov.scot/id/statistical-geography/S01008570,Moredun and Craigour - 02,"","","","","","","","","","","","",0,11.11,33.33,37.5,37.5,42.86
http://statistics.gov.scot/id/statistical-geography/S01008571,Moredun and Craigour - 03,"","","","","","","","","","","","",0,0,0,50,33.33,33.33
http://statistics.gov.scot/id/statistical-geography/S01008572,Moredun and Craigour - 04,"","","","","","","","","","","","",25,25,11.11,0,0,0.00
http://statistics.gov.scot/id/statistical-geography/S01008624,Morningside - 01,"","","","","","","","","","","","",0,0,0,0,0,0.00
http://statistics.gov.scot/id/statistical-geography/S01008625,Morningside - 02,"","","","","","","","","","","","",0,0,0,0,0,0.00
http://statistics.gov.scot/id/statistical-geography/S01008626,Morningside - 03,"","","","","","","","","","","","",0,0,0,0,0,0.00
http://statistics.gov.scot/id/statistical-geography/S01008627,Morningside - 04,"","","","","","","","","","","","",0,0,0,0,0,0.00
http://statistics.gov.scot/id/statistical-geography/S01008628,Morningside - 05,"","","","","","","","","","","","",0,0,0,0,0,0.00
http://statistics.gov.scot/id/statistical-geography/S01008629,Morningside - 06,"","","","","","","","","","","","",0,0,0,0,0,0.00
http://statistics.gov.scot/id/statistical-geography/S01008630,Morningside - 07,"","","","","","","","","","","","",0,0,0,0,0,0.00
http://statistics.gov.scot/id/statistical-geography/S01008631,Morningside - 08,"","","","","","","","","","","","",0,0,0,0,0,0.00
http://statistics.gov.scot/id/statistical-geography/S01008514,Morningside and Craighouse - 01,"","","","","","","","","","","","",0,0,25,0,0,0.00
http://statistics.gov.scot/id/statistical-geography/S01008515,Morningside and Craighouse - 02,"","","","","","","","","","","","",0,0,0,0,0,0.00
http://statistics.gov.scot/id/statistical-geography/S01008516,Morningside and Craighouse - 03,"","","","","","","","","","","","",22.22,20,12.5,0,0,0.00
http://statistics.gov.scot/id/statistical-geography/S01008517,Morningside and Craighouse - 04,"","","","","","","","","","","","",0,0,0,0,0,0.00
http://statistics.gov.scot/id/statistical-geography/S01008518,Morningside and Craighouse - 05,"","","","","","","","","","","","",0,0,0,12.5,16.67,10
http://statistics.gov.scot/id/statistical-geography/S01008550,Mortonhall and Anwickhill - 01,"","","","","","","","","","","","",0,0,0,0,0,0.00
http://statistics.gov.scot/id/statistical-geography/S01008551,Mortonhall and Anwickhill - 02,"","","","","","","","","","","","",0,0,0,0,0,0.00
http://statistics.gov.scot/id/statistical-geography/S01008552,Mortonhall and Anwickhill - 03,"","","","","","","","","","","","",0,0,0,0,10,14.29
http://statistics.gov.scot/id/statistical-geography/S01009456,Mossbank and Donibristle,"","","","","","","","","","","","",0,0,0,0,0,0.00
http://statistics.gov.scot/id/statistical-geography/S01012958,Mossneuk and Newlandsmuir - 01,"","","","","","","","","","","","",0,0,0,0,0,14.29
http://statistics.gov.scot/id/statistical-geography/S01012959,Mossneuk and Newlandsmuir - 02,"","","","","","","","","","","","",5.88,6.25,10,11.11,14.29,0.00
http://statistics.gov.scot/id/statistical-geography/S01012960,Mossneuk and Newlandsmuir - 03,"","","","","","","","","","","","",9.09,11.11,0,0,0,0.00
http://statistics.gov.scot/id/statistical-geography/S01012961,Mossneuk and Newlandsmuir - 04,"","","","","","","","","","","","",20,33.33,0,0,0,0.00
http://statistics.gov.scot/id/statistical-geography/S01012962,Mossneuk and Newlandsmuir - 05,"","","","","","","","","","","","",0,0,0,0,0,0.00
http://statistics.gov.scot/id/statistical-geography/S01009852,Mosspark - 01,"","","","","","","","","","","","",25,11.11,18.18,11.11,12.5,0.00
http://statistics.gov.scot/id/statistical-geography/S01009853,Mosspark - 02,"","","","","","","","","","","","",0,0,0,4.55,5,6.25
http://statistics.gov.scot/id/statistical-geography/S01009854,Mosspark - 03,"","","","","","","","","","","","",11.11,0,0,0,0,6.67
http://statistics.gov.scot/id/statistical-geography/S01009855,Mosspark - 04,"","","","","","","","","","","","",0,0,0,0,0,0.00
http://statistics.gov.scot/id/statistical-geography/S01009856,Mosspark - 05,"","","","","","","","","","","","",33.33,25,20,0,0,0.00
http://statistics.gov.scot/id/statistical-geography/S01009857,Mosspark - 06,"","","","","","","","","","","","",11.76,7.14,25,28.57,26.67,21.05
http://statistics.gov.scot/id/statistical-geography/S01009858,Mosspark - 07,"","","","","","","","","","","","",6.25,6.25,0,0,0,0.00
http://statistics.gov.scot/id/statistical-geography/S01011083,"Mosstodloch, Portgordon and seaward - 01","","","","","","","","","","","","",20,12.5,25,20,0,0.00
http://statistics.gov.scot/id/statistical-geography/S01011084,"Mosstodloch, Portgordon and seaward - 02","","","","","","","","","","","","",0,0,0,0,0,0.00
http://statistics.gov.scot/id/statistical-geography/S01011085,"Mosstodloch, Portgordon and seaward - 03","","","","","","","","","","","","",0,0,10,14.29,0,0.00
http://statistics.gov.scot/id/statistical-geography/S01011086,"Mosstodloch, Portgordon and seaward - 04","","","","","","","","","","","","",0,0,0,0,0,0.00
http://statistics.gov.scot/id/statistical-geography/S01011087,"Mosstodloch, Portgordon and seaward - 05","","","","","","","","","","","","",11.11,0,10,12.5,11.11,0.00
http://statistics.gov.scot/id/statistical-geography/S01011486,Motherwell North - 01,"","","","","","","","","","","","",33.33,28.57,33.33,66.67,50,42.86
http://statistics.gov.scot/id/statistical-geography/S01011487,Motherwell North - 02,"","","","","","","","","","","","",10.53,9.09,11.11,12.5,10,11.11
http://statistics.gov.scot/id/statistical-geography/S01011488,Motherwell North - 03,"","","","","","","","","","","","",25,14.29,10,25,25,40
http://statistics.gov.scot/id/statistical-geography/S01011489,Motherwell North - 04,"","","","","","","","","","","","",12.5,11.11,18.18,9.09,7.69,0.00
http://statistics.gov.scot/id/statistical-geography/S01011471,Motherwell South - 01,"","","","","","","","","","","","",0,11.11,11.11,20,16.67,16.67
http://statistics.gov.scot/id/statistical-geography/S01011472,Motherwell South - 02,"","","","","","","","","","","","",30.77,28.57,23.53,22.73,16.67,10.53
http://statistics.gov.scot/id/statistical-geography/S01011473,Motherwell South - 03,"","","","","","","","","","","","",0,0,16.67,33.33,14.29,0.00
http://statistics.gov.scot/id/statistical-geography/S01011474,Motherwell South - 04,"","","","","","","","","","","","",6.67,0,0,0,0,0.00
http://statistics.gov.scot/id/statistical-geography/S01011475,Motherwell South - 05,"","","","","","","","","","","","",7.69,0,0,0,0,0.00
http://statistics.gov.scot/id/statistical-geography/S01011481,Motherwell West - 01,"","","","","","","","","","","","",9.52,0,0,0,0,9.09
http://statistics.gov.scot/id/statistical-geography/S01011482,Motherwell West - 02,"","","","","","","","","","","","",6.67,7.14,11.76,10,10,0.00
http://statistics.gov.scot/id/statistical-geography/S01011483,Motherwell West - 03,"","","","","","","","","","","","",0,0,0,0,0,0.00
http://statistics.gov.scot/id/statistical-geography/S01011484,Motherwell West - 04,"","","","","","","","","","","","",30.77,16.67,0,0,20,22.22
http://statistics.gov.scot/id/statistical-geography/S01011485,Motherwell West - 05,"","","","","","","","","","","","",13.04,13.64,20,21.43,18.18,11.11
http://statistics.gov.scot/id/statistical-geography/S01010011,Mount Florida - 01,"","","","","","","","","","","","",0,0,0,0,0,0.00
http://statistics.gov.scot/id/statistical-geography/S01010012,Mount Florida - 02,"","","","","","","","","","","","",0,0,11.11,12.5,14.29,0.00
http://statistics.gov.scot/id/statistical-geography/S01010013,Mount Florida - 03,"","","","","","","","","","","","",0,0,0,4.35,5.56,12.5
http://statistics.gov.scot/id/statistical-geography/S01010014,Mount Florida - 04,"","","","","","","","","","","","",3.03,0,0,0,0,0.00
http://statistics.gov.scot/id/statistical-geography/S01010015,Mount Florida - 05,"","","","","","","","","","","","",0,0,0,0,0,0.00
http://statistics.gov.scot/id/statistical-geography/S01010078,Mount Vernon North and Sandyhills - 01,"","","","","","","","","","","","",0,0,0,0,0,0.00
http://statistics.gov.scot/id/statistical-geography/S01010079,Mount Vernon North and Sandyhills - 02,"","","","","","","","","","","","",0,0,0,0,0,0.00
http://statistics.gov.scot/id/statistical-geography/S01010080,Mount Vernon North and Sandyhills - 03,"","","","","","","","","","","","",16.67,12.5,0,0,0,0.00
http://statistics.gov.scot/id/statistical-geography/S01010081,Mount Vernon North and Sandyhills - 04,"","","","","","","","","","","","",0,0,0,0,0,0.00
http://statistics.gov.scot/id/statistical-geography/S01010082,Mount Vernon North and Sandyhills - 05,"","","","","","","","","","","","",0,16.67,12.5,33.33,10,8.33
http://statistics.gov.scot/id/statistical-geography/S01008739,Mountcastle - 01,"","","","","","","","","","","","",20,25,0,0,0,0.00
http://statistics.gov.scot/id/statistical-geography/S01008740,Mountcastle - 02,"","","","","","","","","","","","",0,0,0,0,0,0.00
http://statistics.gov.scot/id/statistical-geography/S01008741,Mountcastle - 03,"","","","","","","","","","","","",0,0,0,0,0,0.00
http://statistics.gov.scot/id/statistical-geography/S01008742,Mountcastle - 04,"","","","","","","","","","","","",0,0,0,0,0,0.00
http://statistics.gov.scot/id/statistical-geography/S01010703,Muir of Ord - 01,"","","","","","","","","","","","",0,0,0,0,0,0.00
http://statistics.gov.scot/id/statistical-geography/S01010704,Muir of Ord - 02,"","","","","","","","","","","","",22.22,0,0,14.29,28.57,37.5
http://statistics.gov.scot/id/statistical-geography/S01010705,Muir of Ord - 03,"","","","","","","","","","","","",10,14.29,4.76,5.88,0,5.88
http://statistics.gov.scot/id/statistical-geography/S01010706,Muir of Ord - 04,"","","","","","","","","","","","",6.67,5,5,0,0,0.00
http://statistics.gov.scot/id/statistical-geography/S01009959,Muirend and Old Cathcart - 01,"","","","","","","","","","","","",0,0,0,0,0,0.00
http://statistics.gov.scot/id/statistical-geography/S01009960,Muirend and Old Cathcart - 02,"","","","","","","","","","","","",0,0,0,0,0,0.00
http://statistics.gov.scot/id/statistical-geography/S01009961,Muirend and Old Cathcart - 03,"","","","","","","","","","","","",0,0,0,0,0,0.00
http://statistics.gov.scot/id/statistical-geography/S01009962,Muirend and Old Cathcart - 04,"","","","","","","","","","","","",5.26,12.5,6.25,5,0,0.00
http://statistics.gov.scot/id/statistical-geography/S01009963,Muirend and Old Cathcart - 05,"","","","","","","","","","","","",0,0,0,0,0,0.00
http://statistics.gov.scot/id/statistical-geography/S01009964,Muirend and Old Cathcart - 06,"","","","","","","","","","","","",16.67,0,0,0,0,0.00
http://statistics.gov.scot/id/statistical-geography/S01012549,Muirhead - 01,"","","","","","","","","","","","",10,14.29,0,0,0,0.00
http://statistics.gov.scot/id/statistical-geography/S01012550,Muirhead - 02,"","","","","","","","","","","","",26.67,18.75,14.29,0,0,0.00
http://statistics.gov.scot/id/statistical-geography/S01012551,Muirhead - 03,"","","","","","","","","","","","",0,0,0,0,0,0.00
http://statistics.gov.scot/id/statistical-geography/S01012552,Muirhead - 04,"","","","","","","","","","","","",0,0,0,0,0,0.00
http://statistics.gov.scot/id/statistical-geography/S01012553,Muirhead - 05,"","","","","","","","","","","","",0,0,5,11.76,13.33,8.33
http://statistics.gov.scot/id/statistical-geography/S01012554,Muirhead - 06,"","","","","","","","","","","","",0,0,0,0,0,0.00
http://statistics.gov.scot/id/statistical-geography/S01012555,Muirhead - 07,"","","","","","","","","","","","",14.29,11.11,0,0,0,0.00
http://statistics.gov.scot/id/statistical-geography/S01012556,Muirhead - 08,"","","","","","","","","","","","",0,0,0,0,"",0.00
http://statistics.gov.scot/id/statistical-geography/S01011368,Muirhouse - 01,"","","","","","","","","","","","",0,0,0,0,0,0.00
http://statistics.gov.scot/id/statistical-geography/S01008929,Muirhouse - 01,"","","","","","","","","","","","",29.41,40,30.77,20,9.09,0.00
http://statistics.gov.scot/id/statistical-geography/S01011369,Muirhouse - 02,"","","","","","","","","","","","",15.38,15.38,0,0,12.5,18.18
http://statistics.gov.scot/id/statistical-geography/S01008930,Muirhouse - 02,"","","","","","","","","","","","",12.5,9.09,20,33.33,36.36,21.43
http://statistics.gov.scot/id/statistical-geography/S01011370,Muirhouse - 03,"","","","","","","","","","","","",0,0,0,0,0,6.25
http://statistics.gov.scot/id/statistical-geography/S01008931,Muirhouse - 03,"","","","","","","","","","","","",25,14.29,18.18,15.79,16.67,17.39
http://statistics.gov.scot/id/statistical-geography/S01008932,Muirhouse - 04,"","","","","","","","","","","","",10,6.67,5,0,0,0.00
http://statistics.gov.scot/id/statistical-geography/S01011371,Muirhouse - 04,"","","","","","","","","","","","",22.73,26.32,14.29,25,19.05,21.05
http://statistics.gov.scot/id/statistical-geography/S01008933,Muirhouse - 05,"","","","","","","","","","","","",50,25,0,0,9.09,11.11
http://statistics.gov.scot/id/statistical-geography/S01011372,Muirhouse - 05,"","","","","","","","","","","","",16.67,22.22,30,25,21.43,6.25
http://statistics.gov.scot/id/statistical-geography/S01008934,Muirhouse - 06,"","","","","","","","","","","","",25,0,22.22,30,18.18,0.00
http://statistics.gov.scot/id/statistical-geography/S01011373,Muirhouse and Knowetop - 01,"","","","","","","","","","","","",7.69,7.69,10,14.29,0,0.00
http://statistics.gov.scot/id/statistical-geography/S01011374,Muirhouse and Knowetop - 02,"","","","","","","","","","","","",0,0,0,0,0,0.00
http://statistics.gov.scot/id/statistical-geography/S01011375,Muirhouse and Knowetop - 03,"","","","","","","","","","","","",36.36,33.33,12.5,0,7.69,8.33
http://statistics.gov.scot/id/statistical-geography/S01011376,Muirhouse and Knowetop - 04,"","","","","","","","","","","","",16.67,25,12.5,16.67,0,14.29
http://statistics.gov.scot/id/statistical-geography/S01011377,Muirhouse and Knowetop - 05,"","","","","","","","","","","","",0,0,0,0,0,0.00
http://statistics.gov.scot/id/statistical-geography/S01011378,Muirhouse and Knowetop - 06,"","","","","","","","","","","","",0,0,0,0,0,0.00
http://statistics.gov.scot/id/statistical-geography/S01011379,Muirhouse and Knowetop - 07,"","","","","","","","","","","","",0,0,0,0,0,5
http://statistics.gov.scot/id/statistical-geography/S01011380,Muirhouse and Knowetop - 08,"","","","","","","","","","","","",0,0,0,0,0,0.00
http://statistics.gov.scot/id/statistical-geography/S01011381,Muirhouse and Knowetop - 09,"","","","","","","","","","","","",0,0,0,0,0,0.00
http://statistics.gov.scot/id/statistical-geography/S01011931,Muirton - 01,"","","","","","","","","","","","",33.33,25,30.77,13.33,23.08,6.67
http://statistics.gov.scot/id/statistical-geography/S01011932,Muirton - 02,"","","","","","","","","","","","",3.85,0,0,0,0,0.00
http://statistics.gov.scot/id/statistical-geography/S01011933,Muirton - 03,"","","","","","","","","","","","",0,5.26,13.64,14.29,14.29,0.00
http://statistics.gov.scot/id/statistical-geography/S01011934,Muirton - 04,"","","","","","","","","","","","",0,0,0,0,5.56,6.67
http://statistics.gov.scot/id/statistical-geography/S01007284,"Mull, Iona, Coll and Tiree - 01","","","","","","","","","","","","",0,0,0,0,0,0.00
http://statistics.gov.scot/id/statistical-geography/S01007285,"Mull, Iona, Coll and Tiree - 02","","","","","","","","","","","","",20,25,0,0,0,0.00
http://statistics.gov.scot/id/statistical-geography/S01007286,"Mull, Iona, Coll and Tiree - 03","","","","","","","","","","","","",7.69,5.56,5.88,0,11.11,7.14
http://statistics.gov.scot/id/statistical-geography/S01007287,"Mull, Iona, Coll and Tiree - 04","","","","","","","","","","","","",0,0,0,0,0,0.00
http://statistics.gov.scot/id/statistical-geography/S01007288,"Mull, Iona, Coll and Tiree - 05","","","","","","","","","","","","",0,0,0,0,0,0.00
http://statistics.gov.scot/id/statistical-geography/S01008459,Murrayburn and Wester Hailes North - 01,"","","","","","","","","","","","",13.33,20,12.5,18.18,7.69,0.00
http://statistics.gov.scot/id/statistical-geography/S01008460,Murrayburn and Wester Hailes North - 02,"","","","","","","","","","","","",25,18.18,18.18,16.67,40,33.33
http://statistics.gov.scot/id/statistical-geography/S01008461,Murrayburn and Wester Hailes North - 03,"","","","","","","","","","","","",11.11,10,12.5,30,27.27,16.67
http://statistics.gov.scot/id/statistical-geography/S01008462,Murrayburn and Wester Hailes North - 04,"","","","","","","","","","","","",12.5,14.29,0,"",0,0.00
http://statistics.gov.scot/id/statistical-geography/S01008463,Murrayburn and Wester Hailes North - 05,"","","","","","","","","","","","",20,18.18,25,25,25,12.5
http://statistics.gov.scot/id/statistical-geography/S01008881,Murrayfield and Ravelston - 01,"","","","","","","","","","","","",0,0,0,0,0,0.00
http://statistics.gov.scot/id/statistical-geography/S01008882,Murrayfield and Ravelston - 02,"","","","","","","","","","","","",0,0,0,0,0,0.00
http://statistics.gov.scot/id/statistical-geography/S01008883,Murrayfield and Ravelston - 03,"","","","","","","","","","","","",0,0,0,0,0,0.00
http://statistics.gov.scot/id/statistical-geography/S01008884,Murrayfield and Ravelston - 04,"","","","","","","","","","","","",0,0,0,0,"",""
http://statistics.gov.scot/id/statistical-geography/S01008885,Murrayfield and Ravelston - 05,"","","","","","","","","","","","",0,0,0,0,0,""
http://statistics.gov.scot/id/statistical-geography/S01011847,"Muthill, Greenloaning and Gleneagles - 01","","","","","","","","","","","","",0,0,0,0,0,0.00
http://statistics.gov.scot/id/statistical-geography/S01011848,"Muthill, Greenloaning and Gleneagles - 02","","","","","","","","","","","","",0,0,0,0,0,0.00
http://statistics.gov.scot/id/statistical-geography/S01011849,"Muthill, Greenloaning and Gleneagles - 03","","","","","","","","","","","","",6.67,14.29,0,0,0,0.00
http://statistics.gov.scot/id/statistical-geography/S01011850,"Muthill, Greenloaning and Gleneagles - 04","","","","","","","","","","","","",0,0,0,0,0,0.00
http://statistics.gov.scot/id/statistical-geography/S01011851,"Muthill, Greenloaning and Gleneagles - 05","","","","","","","","","","","","",40,27.27,7.69,6.67,0,0.00
http://statistics.gov.scot/id/statistical-geography/S01010554,Nairn East - 01,"","","","","","","","","","","","",0,6.67,10,10,12.5,16.67
http://statistics.gov.scot/id/statistical-geography/S01010555,Nairn East - 02,"","","","","","","","","","","","",20,29.41,25,23.53,10,6.25
http://statistics.gov.scot/id/statistical-geography/S01010556,Nairn East - 03,"","","","","","","","","","","","",22.22,30,25,11.11,20,33.33
http://statistics.gov.scot/id/statistical-geography/S01010557,Nairn East - 04,"","","","","","","","","","","","",20,14.29,25,0,0,0.00
http://statistics.gov.scot/id/statistical-geography/S01010558,Nairn East - 05,"","","","","","","","","","","","",20,12.5,20,20,22.22,21.43
http://statistics.gov.scot/id/statistical-geography/S01010548,Nairn Rural - 01,"","","","","","","","","","","","",0,0,0,0,0,0.00
http://statistics.gov.scot/id/statistical-geography/S01010549,Nairn Rural - 02,"","","","","","","","","","","","",0,0,0,0,0,0.00
http://statistics.gov.scot/id/statistical-geography/S01010550,Nairn Rural - 03,"","","","","","","","","","","","",14.29,14.29,7.69,9.09,0,0.00
http://statistics.gov.scot/id/statistical-geography/S01010551,Nairn Rural - 04,"","","","","","","","","","","","",0,0,0,0,0,0.00
http://statistics.gov.scot/id/statistical-geography/S01010552,Nairn Rural - 05,"","","","","","","","","","","","",0,0,0,0,0,0.00
http://statistics.gov.scot/id/statistical-geography/S01010553,Nairn Rural - 06,"","","","","","","","","","","","",0,0,12.5,11.11,20,0.00
http://statistics.gov.scot/id/statistical-geography/S01010559,Nairn West - 01,"","","","","","","","","","","","",0,0,0,0,0,0.00
http://statistics.gov.scot/id/statistical-geography/S01010560,Nairn West - 02,"","","","","","","","","","","","",25,16.67,16.67,0,0,0.00
http://statistics.gov.scot/id/statistical-geography/S01010561,Nairn West - 03,"","","","","","","","","","","","",0,0,0,0,0,0.00
http://statistics.gov.scot/id/statistical-geography/S01010562,Nairn West - 04,"","","","","","","","","","","","",0,0,0,0,0,0.00
http://statistics.gov.scot/id/statistical-geography/S01010563,Nairn West - 05,"","","","","","","","","","","","",42.86,40,20,0,0,0.00
http://statistics.gov.scot/id/statistical-geography/S01010564,Nairn West - 06,"","","","","","","","","","","","",28.57,28.57,28.57,25,14.29,0.00
http://statistics.gov.scot/id/statistical-geography/S01010565,Nairn West - 07,"","","","","","","","","","","","",30,33.33,25,14.29,16.67,33.33
http://statistics.gov.scot/id/statistical-geography/S01008295,Neilston and Uplawmoor - 01,"","","","","","","","","","","","",14.29,0,0,0,0,0.00
http://statistics.gov.scot/id/statistical-geography/S01008296,Neilston and Uplawmoor - 02,"","","","","","","","","","","","",0,0,0,0,0,0.00
http://statistics.gov.scot/id/statistical-geography/S01008297,Neilston and Uplawmoor - 03,"","","","","","","","","","","","",0,0,0,0,0,0.00
http://statistics.gov.scot/id/statistical-geography/S01008298,Neilston and Uplawmoor - 04,"","","","","","","","","","","","",0,0,0,0,0,0.00
http://statistics.gov.scot/id/statistical-geography/S01008299,Neilston and Uplawmoor - 05,"","","","","","","","","","","","",16.67,0,0,9.09,10,20
http://statistics.gov.scot/id/statistical-geography/S01008300,Neilston and Uplawmoor - 06,"","","","","","","","","","","","",10,18.18,9.09,10,0,0.00
http://statistics.gov.scot/id/statistical-geography/S01008301,Neilston and Uplawmoor - 07,"","","","","","","","","","","","",0,0,0,0,0,0.00
http://statistics.gov.scot/id/statistical-geography/S01008302,Neilston and Uplawmoor - 08,"","","","","","","","","","","","",0,0,0,0,0,0.00
http://statistics.gov.scot/id/statistical-geography/S01012894,Nerston and EK Landward Area - 01,"","","","","","","","","","","","",7.14,0,0,2.22,1.82,1.79
http://statistics.gov.scot/id/statistical-geography/S01012895,Nerston and EK Landward Area - 02,"","","","","","","","","","","","",0,0,0,0,0,0.00
http://statistics.gov.scot/id/statistical-geography/S01012896,Nerston and EK Landward Area - 03,"","","","","","","","","","","","",0,0,0,0,0,0.00
http://statistics.gov.scot/id/statistical-geography/S01012897,Nerston and EK Landward Area - 04,"","","","","","","","","","","","",0,0,0,0,0,0.00
http://statistics.gov.scot/id/statistical-geography/S01012898,Nerston and EK Landward Area - 05,"","","","","","","","","","","","",0,10,11.11,16.67,20,16.67
http://statistics.gov.scot/id/statistical-geography/S01012899,Nerston and EK Landward Area - 06,"","","","","","","","","","","","",14.29,22.22,16.67,14.29,0,0.00
http://statistics.gov.scot/id/statistical-geography/S01012900,Nerston and EK Landward Area - 07,"","","","","","","","","","","","",12.5,0,0,0,0,0.00
http://statistics.gov.scot/id/statistical-geography/S01008389,Netherlee - 01,"","","","","","","","","","","","",0,0,0,0,0,0.00
http://statistics.gov.scot/id/statistical-geography/S01008390,Netherlee - 02,"","","","","","","","","","","","",0,0,0,0,0,0.00
http://statistics.gov.scot/id/statistical-geography/S01008391,Netherlee - 03,"","","","","","","","","","","","",0,0,0,0,0,0.00
http://statistics.gov.scot/id/statistical-geography/S01008392,Netherlee - 04,"","","","","","","","","","","","",0,0,0,0,0,0.00
http://statistics.gov.scot/id/statistical-geography/S01008393,Netherlee - 05,"","","","","","","","","","","","",0,0,0,0,0,0.00
http://statistics.gov.scot/id/statistical-geography/S01008394,Netherlee - 06,"","","","","","","","","","","","",10,7.14,0,0,0,0.00
http://statistics.gov.scot/id/statistical-geography/S01011363,Netherton and Kirkhill - 01,"","","","","","","","","","","","",0,16.67,25,22.22,0,0.00
http://statistics.gov.scot/id/statistical-geography/S01011364,Netherton and Kirkhill - 02,"","","","","","","","","","","","",0,0,0,0,0,0.00
http://statistics.gov.scot/id/statistical-geography/S01011365,Netherton and Kirkhill - 03,"","","","","","","","","","","","",0,0,0,0,0,0.00
http://statistics.gov.scot/id/statistical-geography/S01011366,Netherton and Kirkhill - 04,"","","","","","","","","","","","",16.67,16.67,0,0,14.29,0.00
http://statistics.gov.scot/id/statistical-geography/S01011367,Netherton and Kirkhill - 05,"","","","","","","","","","","","",11.11,11.11,16.67,15.38,16.67,0.00
http://statistics.gov.scot/id/statistical-geography/S01007593,New Abbey - 01,"","","","","","","","","","","","",0,10,10,11.11,10,22.22
http://statistics.gov.scot/id/statistical-geography/S01007594,New Abbey - 02,"","","","","","","","","","","","",0,0,0,0,0,0.00
http://statistics.gov.scot/id/statistical-geography/S01007595,New Abbey - 03,"","","","","","","","","","","","",11.11,25,18.18,11.11,0,0.00
http://statistics.gov.scot/id/statistical-geography/S01007596,New Abbey - 04,"","","","","","","","","","","","",0,0,0,0,0,0.00
http://statistics.gov.scot/id/statistical-geography/S01007905,New Cumnock - 01,"","","","","","","","","","","","",11.11,7.69,12.5,12.5,16.67,18.18
http://statistics.gov.scot/id/statistical-geography/S01007906,New Cumnock - 02,"","","","","","","","","","","","",22.22,25,10,6.67,0,0.00
http://statistics.gov.scot/id/statistical-geography/S01007907,New Cumnock - 03,"","","","","","","","","","","","",40,44.44,28.57,50,16.67,16.67
http://statistics.gov.scot/id/statistical-geography/S01007908,New Cumnock - 04,"","","","","","","","","","","","",11.11,0,0,0,0,0.00
http://statistics.gov.scot/id/statistical-geography/S01011107,New Elgin East - 01,"","","","","","","","","","","","",7.14,12.5,10.53,9.52,5.26,0.00
http://statistics.gov.scot/id/statistical-geography/S01011108,New Elgin East - 02,"","","","","","","","","","","","",9.09,8.33,0,9.09,11.11,0.00
http://statistics.gov.scot/id/statistical-geography/S01011109,New Elgin East - 03,"","","","","","","","","","","","",13.33,21.43,7.69,7.69,0,0.00
http://statistics.gov.scot/id/statistical-geography/S01011110,New Elgin East - 04,"","","","","","","","","","","","",23.08,21.43,23.08,22.22,12.5,14.29
http://statistics.gov.scot/id/statistical-geography/S01011111,New Elgin East - 05,"","","","","","","","","","","","",19.05,14.29,0,9.09,11.11,16.67
http://statistics.gov.scot/id/statistical-geography/S01011112,New Elgin West - 01,"","","","","","","","","","","","",14.29,14.29,12.5,0,0,0.00
http://statistics.gov.scot/id/statistical-geography/S01011113,New Elgin West - 02,"","","","","","","","","","","","",0,0,0,0,0,0.00
http://statistics.gov.scot/id/statistical-geography/S01011114,New Elgin West - 03,"","","","","","","","","","","","",0,0,0,0,16.67,10
http://statistics.gov.scot/id/statistical-geography/S01011115,New Elgin West - 04,"","","","","","","","","","","","",30,11.76,0,7.14,0,0.00
http://statistics.gov.scot/id/statistical-geography/S01011116,New Elgin West - 05,"","","","","","","","","","","","",18.18,0,0,0,0,0.00
http://statistics.gov.scot/id/statistical-geography/S01007982,New Farm Loch South - 01,"","","","","","","","","","","","",0,0,16.67,33.33,33.33,0.00
http://statistics.gov.scot/id/statistical-geography/S01007983,New Farm Loch South - 02,"","","","","","","","","","","","",11.11,11.11,16.67,18.18,9.09,0.00
http://statistics.gov.scot/id/statistical-geography/S01007984,New Farm Loch South - 03,"","","","","","","","","","","","",6.67,13.33,10,28.57,33.33,20
http://statistics.gov.scot/id/statistical-geography/S01007985,New Farm Loch South - 04,"","","","","","","","","","","","",18.75,7.69,30.77,25,18.75,0.00
http://statistics.gov.scot/id/statistical-geography/S01009651,New Gilston and Upper Largo,"","","","","","","","","","","","",0,0,0,0,0,0.00
http://statistics.gov.scot/id/statistical-geography/S01007046,New Pitsligo - 01,"","","","","","","","","","","","",16.67,16.67,37.5,0,0,0.00
http://statistics.gov.scot/id/statistical-geography/S01007047,New Pitsligo - 02,"","","","","","","","","","","","",0,9.09,9.09,0,0,0.00
http://statistics.gov.scot/id/statistical-geography/S01007048,New Pitsligo - 03,"","","","","","","","","","","","",27.27,18.18,25,0,0,0.00
http://statistics.gov.scot/id/statistical-geography/S01007049,New Pitsligo - 04,"","","","","","","","","","","","",13.33,9.52,5.88,18.75,27.27,28.57
http://statistics.gov.scot/id/statistical-geography/S01008845,New Town East and Gayfield - 01,"","","","","","","","","","","","",0,0,0,0,0,0.00
http://statistics.gov.scot/id/statistical-geography/S01008846,New Town East and Gayfield - 02,"","","","","","","","","","","","",0,0,0,0,0,0.00
http://statistics.gov.scot/id/statistical-geography/S01008847,New Town East and Gayfield - 03,"","","","","","","","","","","","",0,0,0,0,0,0.00
http://statistics.gov.scot/id/statistical-geography/S01008848,New Town East and Gayfield - 04,"","","","","","","","","","","","",0,0,0,0,0,0.00
http://statistics.gov.scot/id/statistical-geography/S01008849,New Town West - 01,"","","","","","","","","","","","",0,0,0,0,0,0.00
http://statistics.gov.scot/id/statistical-geography/S01008850,New Town West - 02,"","","","","","","","","","","","",0,0,0,0,0,0.00
http://statistics.gov.scot/id/statistical-geography/S01008851,New Town West - 03,"","","","","","","","","","","","",0,0,0,0,0,0.00
http://statistics.gov.scot/id/statistical-geography/S01008852,New Town West - 04,"","","","","","","","","","","","",0,0,0,0,0,0.00
http://statistics.gov.scot/id/statistical-geography/S01011452,Newarthill - 01,"","","","","","","","","","","","",0,0,0,0,12.5,27.27
http://statistics.gov.scot/id/statistical-geography/S01011453,Newarthill - 02,"","","","","","","","","","","","",28.57,12.5,16.67,20,50,16.67
http://statistics.gov.scot/id/statistical-geography/S01011454,Newarthill - 03,"","","","","","","","","","","","",0,0,23.08,27.27,30,12.5
http://statistics.gov.scot/id/statistical-geography/S01011455,Newarthill - 04,"","","","","","","","","","","","",15.38,23.08,18.18,10,0,0.00
http://statistics.gov.scot/id/statistical-geography/S01010985,Newbattle and Dalhousie - 01,"","","","","","","","","","","","",0,0,0,0,25,16.67
http://statistics.gov.scot/id/statistical-geography/S01010986,Newbattle and Dalhousie - 02,"","","","","","","","","","","","",0,0,0,0,0,0.00
http://statistics.gov.scot/id/statistical-geography/S01010987,Newbattle and Dalhousie - 03,"","","","","","","","","","","","",0,0,0,0,"",0.00
http://statistics.gov.scot/id/statistical-geography/S01010988,Newbattle and Dalhousie - 04,"","","","","","","","","","","","",0,0,20,33.33,50,0.00
http://statistics.gov.scot/id/statistical-geography/S01010989,Newbattle and Dalhousie - 05,"","","","","","","","","","","","",0,0,0,0,0,3.85
http://statistics.gov.scot/id/statistical-geography/S01010990,Newbattle and Dalhousie - 06,"","","","","","","","","","","","",0,25,14.29,20,8.33,11.11
http://statistics.gov.scot/id/statistical-geography/S01010991,Newbattle and Dalhousie - 07,"","","","","","","","","","","","",0,10,5.41,3.85,0,3.39
http://statistics.gov.scot/id/statistical-geography/S01010992,Newbattle and Dalhousie - 08,"","","","","","","","","","","","",0,0,0,0,0,0.00
http://statistics.gov.scot/id/statistical-geography/S01010993,Newbattle and Dalhousie - 09,"","","","","","","","","","","","",0,0,20,33.33,0,50
http://statistics.gov.scot/id/statistical-geography/S01009679,Newburgh East,"","","","","","","","","","","","",0,7.14,7.69,7.14,0,0.00
http://statistics.gov.scot/id/statistical-geography/S01009678,Newburgh North East and Braeside of Lindores,"","","","","","","","","","","","",33.33,50,0,0,0,0.00
http://statistics.gov.scot/id/statistical-geography/S01009680,Newburgh West and Lochmill,"","","","","","","","","","","","",37.5,12.5,0,16.67,16.67,12.5
http://statistics.gov.scot/id/statistical-geography/S01009551,Newcastle East,"","","","","","","","","","","","",22.22,0,0,0,10,10
http://statistics.gov.scot/id/statistical-geography/S01009550,Newcastle West,"","","","","","","","","","","","","",0,0,11.11,16.67,25
http://statistics.gov.scot/id/statistical-geography/S01012354,Newcastleton,"","","","","","","","","","","","",0,0,0,0,0,0.00
http://statistics.gov.scot/id/statistical-geography/S01008599,Newington and Dalkeith Road - 01,"","","","","","","","","","","","",0,0,0,0,0,0.00
http://statistics.gov.scot/id/statistical-geography/S01008600,Newington and Dalkeith Road - 02,"","","","","","","","","","","","",0,0,0,0,0,0.00
http://statistics.gov.scot/id/statistical-geography/S01008601,Newington and Dalkeith Road - 03,"","","","","","","","","","","","",0,0,0,0,0,0.00
http://statistics.gov.scot/id/statistical-geography/S01008602,Newington and Dalkeith Road - 04,"","","","","","","","","","","","",0,0,8.33,8.33,11.11,0.00
http://statistics.gov.scot/id/statistical-geography/S01008603,Newington and Dalkeith Road - 05,"","","","","","","","","","","","",0,0,0,0,0,0.00
http://statistics.gov.scot/id/statistical-geography/S01009948,Newlands - 01,"","","","","","","","","","","","",7.69,8.33,10,16.67,20,16.67
http://statistics.gov.scot/id/statistical-geography/S01009949,Newlands - 02,"","","","","","","","","","","","",13.33,16.67,25,11.11,12.5,12.5
http://statistics.gov.scot/id/statistical-geography/S01009950,Newlands - 03,"","","","","","","","","","","","",0,0,0,0,0,0.00
http://statistics.gov.scot/id/statistical-geography/S01009951,Newlands - 04,"","","","","","","","","","","","",0,0,0,0,0,0.00
http://statistics.gov.scot/id/statistical-geography/S01009952,Newlands - 05,"","","","","","","","","","","","",0,0,0,0,0,0.00
http://statistics.gov.scot/id/statistical-geography/S01009953,Newlands - 06,"","","","","","","","","","","","",0,0,0,0,0,0.00
http://statistics.gov.scot/id/statistical-geography/S01009954,Newlands - 07,"","","","","","","","","","","","",7.69,0,0,0,0,0.00
http://statistics.gov.scot/id/statistical-geography/S01009498,Newliston,"","","","","","","","","","","","",0,16.67,50,20,0,0.00
http://statistics.gov.scot/id/statistical-geography/S01006946,Newmachar and Fintray - 01,"","","","","","","","","","","","",7.14,0,0,0,0,0.00
http://statistics.gov.scot/id/statistical-geography/S01006947,Newmachar and Fintray - 02,"","","","","","","","","","","","",0,0,0,0,5.88,5
http://statistics.gov.scot/id/statistical-geography/S01006948,Newmachar and Fintray - 03,"","","","","","","","","","","","",0,0,0,0,0,0.00
http://statistics.gov.scot/id/statistical-geography/S01006949,Newmachar and Fintray - 04,"","","","","","","","","","","","",0,0,0,0,0,0.00
http://statistics.gov.scot/id/statistical-geography/S01006950,Newmachar and Fintray - 05,"","","","","","","","","","","","",5.88,7.14,7.69,0,0,0.00
http://statistics.gov.scot/id/statistical-geography/S01006951,Newmachar and Fintray - 06,"","","","","","","","","","","","",0,0,0,0,0,0.00
http://statistics.gov.scot/id/statistical-geography/S01011417,Newmains - 01,"","","","","","","","","","","","",50,40,16.67,0,0,0.00
http://statistics.gov.scot/id/statistical-geography/S01011418,Newmains - 02,"","","","","","","","","","","","",20,33.33,16.67,16.67,0,0.00
http://statistics.gov.scot/id/statistical-geography/S01011419,Newmains - 03,"","","","","","","","","","","","",0,0,0,0,0,0.00
http://statistics.gov.scot/id/statistical-geography/S01011420,Newmains - 04,"","","","","","","","","","","","",30.77,18.18,25,20,22.22,0.00
http://statistics.gov.scot/id/statistical-geography/S01011421,Newmains - 05,"","","","","","","","","","","","",0,5.26,11.76,14.29,15.38,8.33
http://statistics.gov.scot/id/statistical-geography/S01011422,Newmains - 06,"","","","","","","","","","","","",28.57,20,8.33,18.18,20,16.67
http://statistics.gov.scot/id/statistical-geography/S01011423,Newmains - 07,"","","","","","","","","","","","",55.56,55.56,42.86,33.33,0,12.5
http://statistics.gov.scot/id/statistical-geography/S01011424,Newmains - 08,"","","","","","","","","","","","",20,22.22,12.5,0,0,0.00
http://statistics.gov.scot/id/statistical-geography/S01011425,Newmains - 09,"","","","","","","","","","","","",26.67,27.27,33.33,50,50,25
http://statistics.gov.scot/id/statistical-geography/S01009279,Newmills,"","","","","","","","","","","","",0,11.11,12.5,12.5,0,0.00
http://statistics.gov.scot/id/statistical-geography/S01007945,Newmilns - 01,"","","","","","","","","","","","",9.09,0,12.5,8.33,6.67,23.08
http://statistics.gov.scot/id/statistical-geography/S01007946,Newmilns - 02,"","","","","","","","","","","","",16.67,10,0,0,0,0.00
http://statistics.gov.scot/id/statistical-geography/S01007947,Newmilns - 03,"","","","","","","","","","","","",20,20,16.67,12.5,12.5,16.67
http://statistics.gov.scot/id/statistical-geography/S01007948,Newmilns - 04,"","","","","","","","","","","","",27.27,44.44,42.86,42.86,25,14.29
http://statistics.gov.scot/id/statistical-geography/S01009753,Newport Central,"","","","","","","","","","","","",20,20,12.5,0,0,0.00
http://statistics.gov.scot/id/statistical-geography/S01009754,Newport East,"","","","","","","","","","","","",0,0,0,0,0,0.00
http://statistics.gov.scot/id/statistical-geography/S01009755,Newport North East,"","","","","","","","","","","","",9.09,16.67,15.38,11.11,0,0.00
http://statistics.gov.scot/id/statistical-geography/S01009752,Newport West,"","","","","","","","","","","","",0,0,0,0,0,20
http://statistics.gov.scot/id/statistical-geography/S01012506,Newton North - 01,"","","","","","","","","","","","",0,0,0,0,20,33.33
http://statistics.gov.scot/id/statistical-geography/S01012507,Newton North - 02,"","","","","","","","","","","","",7.69,0,7.69,8.33,9.09,0.00
http://statistics.gov.scot/id/statistical-geography/S01012508,Newton North - 03,"","","","","","","","","","","","",7.69,0,0,0,0,0.00
http://statistics.gov.scot/id/statistical-geography/S01012509,Newton North - 04,"","","","","","","","","","","","",0,0,0,0,0,0.00
http://statistics.gov.scot/id/statistical-geography/S01012510,Newton North - 05,"","","","","","","","","","","","",0,0,0,0,0,0.00
http://statistics.gov.scot/id/statistical-geography/S01012511,Newton North - 06,"","","","","","","","","","","","",0,0,0,0,0,0.00
http://statistics.gov.scot/id/statistical-geography/S01007513,Newton Stewart - 01,"","","","","","","","","","","","",27.78,21.05,17.65,9.09,25,15.38
http://statistics.gov.scot/id/statistical-geography/S01007514,Newton Stewart - 02,"","","","","","","","","","","","",0,22.22,16.67,22.22,0,0.00
http://statistics.gov.scot/id/statistical-geography/S01007515,Newton Stewart - 03,"","","","","","","","","","","","",16.67,20,16.67,16.67,0,0.00
http://statistics.gov.scot/id/statistical-geography/S01007516,Newton Stewart - 04,"","","","","","","","","","","","",54.55,50,12.5,0,0,0.00
http://statistics.gov.scot/id/statistical-geography/S01007517,Newton Stewart - 05,"","","","","","","","","","","","",0,0,0,0,0,0.00
http://statistics.gov.scot/id/statistical-geography/S01007518,Newton Stewart - 06,"","","","","","","","","","","","",14.29,20,0,0,0,0.00
http://statistics.gov.scot/id/statistical-geography/S01007519,Newton Stewart - 07,"","","","","","","","","","","","",50,100,100,100,50,0.00
http://statistics.gov.scot/id/statistical-geography/S01007520,Newton Stewart - 08,"","","","","","","","","","","","",20,12.5,0,0,0,0.00
http://statistics.gov.scot/id/statistical-geography/S01011031,Newtongrange - 01,"","","","","","","","","","","","",0,0,12.5,27.27,28.57,11.76
http://statistics.gov.scot/id/statistical-geography/S01011032,Newtongrange - 02,"","","","","","","","","","","","",14.29,14.29,16.67,0,14.29,0.00
http://statistics.gov.scot/id/statistical-geography/S01011033,Newtongrange - 03,"","","","","","","","","","","","",0,0,0,0,0,0.00
http://statistics.gov.scot/id/statistical-geography/S01011034,Newtongrange - 04,"","","","","","","","","","","","",33.33,33.33,0,0,0,0.00
http://statistics.gov.scot/id/statistical-geography/S01011035,Newtongrange - 05,"","","","","","","","","","","","",0,0,0,20,33.33,20
http://statistics.gov.scot/id/statistical-geography/S01011036,Newtongrange - 06,"","","","","","","","","","","","",0,20,11.11,8.33,7.69,12.5
http://statistics.gov.scot/id/statistical-geography/S01006839,Newtonhill - 01,"","","","","","","","","","","","",0,0,12.5,11.76,10,6.25
http://statistics.gov.scot/id/statistical-geography/S01006840,Newtonhill - 02,"","","","","","","","","","","","",6.25,0,0,0,0,0.00
http://statistics.gov.scot/id/statistical-geography/S01006841,Newtonhill - 03,"","","","","","","","","","","","",0,0,0,0,0,0.00
http://statistics.gov.scot/id/statistical-geography/S01012345,Newtown St Boswells - North,"","","","","","","","","","","","",25,0,0,0,0,0.00
http://statistics.gov.scot/id/statistical-geography/S01012344,Newtown St Boswells - South,"","","","","","","","","","","","",0,0,0,0,16.67,16.67
http://statistics.gov.scot/id/statistical-geography/S01008706,Niddrie - 01,"","","","","","","","","","","","",0,0,12.5,9.09,7.69,0.00
http://statistics.gov.scot/id/statistical-geography/S01008707,Niddrie - 02,"","","","","","","","","","","","",25,20,30.77,30.77,28.57,0.00
http://statistics.gov.scot/id/statistical-geography/S01008708,Niddrie - 03,"","","","","","","","","","","","",14.29,17.65,12.5,21.43,23.08,26.67
http://statistics.gov.scot/id/statistical-geography/S01008709,Niddrie - 04,"","","","","","","","","","","","",16.67,20,0,0,0,20
http://statistics.gov.scot/id/statistical-geography/S01008710,Niddrie - 05,"","","","","","","","","","","","",16.67,0,18.18,12.5,9.09,8.33
http://statistics.gov.scot/id/statistical-geography/S01008711,Niddrie - 06,"","","","","","","","","","","","",20,40,28.57,25,0,0.00
http://statistics.gov.scot/id/statistical-geography/S01009775,Nitshill - 01,"","","","","","","","","","","","",15.38,33.33,37.5,30,0,0.00
http://statistics.gov.scot/id/statistical-geography/S01009776,Nitshill - 02,"","","","","","","","","","","","",15.38,17.65,7.69,16.67,12.5,33.33
http://statistics.gov.scot/id/statistical-geography/S01009777,Nitshill - 03,"","","","","","","","","","","","",7.14,18.75,18.18,25,0,0.00
http://statistics.gov.scot/id/statistical-geography/S01009778,Nitshill - 04,"","","","","","","","","","","","",14.29,33.33,45.45,41.67,27.27,11.11
http://statistics.gov.scot/id/statistical-geography/S01009779,Nitshill - 05,"","","","","","","","","","","","",0,0,0,0,0,0.00
http://statistics.gov.scot/id/statistical-geography/S01009780,Nitshill - 06,"","","","","","","","","","","","",16.67,12.5,10,18.75,13.33,31.25
http://statistics.gov.scot/id/statistical-geography/S01009781,Nitshill - 07,"","","","","","","","","","","","",28.57,28.57,0,0,0,0.00
http://statistics.gov.scot/id/statistical-geography/S01009782,Nitshill - 08,"","","","","","","","","","","","",23.08,11.11,4.35,4.17,0,0.00
http://statistics.gov.scot/id/statistical-geography/S01009783,Nitshill - 09,"","","","","","","","","","","","",16.67,14.29,21.43,14.29,0,0.00
http://statistics.gov.scot/id/statistical-geography/S01010118,North Barlanark and Easterhouse South - 01,"","","","","","","","","","","","",30,18.18,25,23.53,25,27.27
http://statistics.gov.scot/id/statistical-geography/S01010119,North Barlanark and Easterhouse South - 02,"","","","","","","","","","","","",25,35.29,30.77,14.29,0,0.00
http://statistics.gov.scot/id/statistical-geography/S01010120,North Barlanark and Easterhouse South - 03,"","","","","","","","","","","","",5.88,11.76,12.5,26.67,18.18,22.22
http://statistics.gov.scot/id/statistical-geography/S01010121,North Barlanark and Easterhouse South - 04,"","","","","","","","","","","","",16.67,16.67,22.22,28.57,30,18.18
http://statistics.gov.scot/id/statistical-geography/S01010122,North Barlanark and Easterhouse South - 05,"","","","","","","","","","","","",14.29,14.29,16.67,0,0,33.33
http://statistics.gov.scot/id/statistical-geography/S01008058,North Castlehill and Thorn - 01,"","","","","","","","","","","","",0,0,0,0,0,0.00
http://statistics.gov.scot/id/statistical-geography/S01008059,North Castlehill and Thorn - 02,"","","","","","","","","","","","",0,0,0,0,0,0.00
http://statistics.gov.scot/id/statistical-geography/S01008060,North Castlehill and Thorn - 03,"","","","","","","","","","","","",0,0,0,0,0,0.00
http://statistics.gov.scot/id/statistical-geography/S01008061,North Castlehill and Thorn - 04,"","","","","","","","","","","","",0,0,0,0,0,0.00
http://statistics.gov.scot/id/statistical-geography/S01008062,North Castlehill and Thorn - 05,"","","","","","","","","","","","",0,0,0,0,0,0.00
http://statistics.gov.scot/id/statistical-geography/S01008406,North Giffnock and North Thornliebank - 01,"","","","","","","","","","","","",0,0,0,0,0,0.00
http://statistics.gov.scot/id/statistical-geography/S01008407,North Giffnock and North Thornliebank - 02,"","","","","","","","","","","","",0,0,0,0,0,0.00
http://statistics.gov.scot/id/statistical-geography/S01008408,North Giffnock and North Thornliebank - 03,"","","","","","","","","","","","",0,0,0,0,0,0.00
http://statistics.gov.scot/id/statistical-geography/S01008409,North Giffnock and North Thornliebank - 04,"","","","","","","","","","","","",8.33,14.29,0,0,0,0.00
http://statistics.gov.scot/id/statistical-geography/S01008410,North Giffnock and North Thornliebank - 05,"","","","","","","","","","","","",0,0,12.5,18.18,25,14.29
http://statistics.gov.scot/id/statistical-geography/S01011037,North Gorebridge - 01,"","","","","","","","","","","","",16.67,11.11,21.43,18.75,21.43,6.25
http://statistics.gov.scot/id/statistical-geography/S01011038,North Gorebridge - 02,"","","","","","","","","","","","",12.5,20,33.33,22.22,12.5,0.00
http://statistics.gov.scot/id/statistical-geography/S01011039,North Gorebridge - 03,"","","","","","","","","","","","",33.33,12.5,17.65,7.69,7.41,4.55
http://statistics.gov.scot/id/statistical-geography/S01009736,North Haugh,"","","","","","","","","","","","",0,0,0,0,0,0.00
http://statistics.gov.scot/id/statistical-geography/S01011935,North Inch - 01,"","","","","","","","","","","","",12.5,6.25,5.88,7.69,14.29,23.08
http://statistics.gov.scot/id/statistical-geography/S01011936,North Inch - 02,"","","","","","","","","","","","",22.22,14.29,7.69,0,0,0.00
http://statistics.gov.scot/id/statistical-geography/S01011937,North Inch - 03,"","","","","","","","","","","","",3.45,0,0,0,0,0.00
http://statistics.gov.scot/id/statistical-geography/S01010369,North Kelvin - 01,"","","","","","","","","","","","",0,0,0,0,0,0.00
http://statistics.gov.scot/id/statistical-geography/S01010370,North Kelvin - 02,"","","","","","","","","","","","",0,0,0,0,0,0.00
http://statistics.gov.scot/id/statistical-geography/S01010371,North Kelvin - 03,"","","","","","","","","","","","",0,0,0,0,0,0.00
http://statistics.gov.scot/id/statistical-geography/S01010372,North Kelvin - 04,"","","","","","","","","","","","",0,0,0,0,0,0.00
http://statistics.gov.scot/id/statistical-geography/S01010373,North Kelvin - 05,"","","","","","","","","","","","",0,0,0,0,0,0.00
http://statistics.gov.scot/id/statistical-geography/S01008362,North Kirkhill - 01,"","","","","","","","","","","","",0,0,0,0,0,0.00
http://statistics.gov.scot/id/statistical-geography/S01008363,North Kirkhill - 02,"","","","","","","","","","","","",0,0,0,0,0,0.00
http://statistics.gov.scot/id/statistical-geography/S01008364,North Kirkhill - 03,"","","","","","","","","","","","",0,0,0,0,0,0.00
http://statistics.gov.scot/id/statistical-geography/S01008365,North Kirkhill - 04,"","","","","","","","","","","","",0,0,0,0,0,0.00
http://statistics.gov.scot/id/statistical-geography/S01008772,North Leith and Newhaven - 01,"","","","","","","","","","","","",0,0,0,0,0,0.00
http://statistics.gov.scot/id/statistical-geography/S01008773,North Leith and Newhaven - 02,"","","","","","","","","","","","",0,5.56,6.67,13.33,6.67,6.67
http://statistics.gov.scot/id/statistical-geography/S01008774,North Leith and Newhaven - 03,"","","","","","","","","","","","",12,11.54,6.9,4.17,0,6.25
http://statistics.gov.scot/id/statistical-geography/S01008775,North Leith and Newhaven - 04,"","","","","","","","","","","","",0,0,0,0,0,0.00
http://statistics.gov.scot/id/statistical-geography/S01008776,North Leith and Newhaven - 05,"","","","","","","","","","","","",7.14,7.69,6.67,0,0,0.00
http://statistics.gov.scot/id/statistical-geography/S01008777,North Leith and Newhaven - 06,"","","","","","","","","","","","",14.29,12.5,7.14,0,8.33,6.25
http://statistics.gov.scot/id/statistical-geography/S01012410,North Mainland - 01,"","","","","","","","","","","","",0,3.33,7.14,4.35,6.67,0.00
http://statistics.gov.scot/id/statistical-geography/S01012411,North Mainland - 02,"","","","","","","","","","","","",5.88,5,13.64,16,18.75,0.00
http://statistics.gov.scot/id/statistical-geography/S01012412,North Mainland - 03,"","","","","","","","","","","","",0,0,0,0,0,0.00
http://statistics.gov.scot/id/statistical-geography/S01011926,North Muirton and Old Scone - 01,"","","","","","","","","","","","",28.57,12.5,0,0,0,0.00
http://statistics.gov.scot/id/statistical-geography/S01011927,North Muirton and Old Scone - 02,"","","","","","","","","","","","",10,10,25,27.27,33.33,33.33
http://statistics.gov.scot/id/statistical-geography/S01011928,North Muirton and Old Scone - 03,"","","","","","","","","","","","",16.67,10,10,0,12.5,14.29
http://statistics.gov.scot/id/statistical-geography/S01011929,North Muirton and Old Scone - 04,"","","","","","","","","","","","",15.38,15.38,0,0,0,0.00
http://statistics.gov.scot/id/statistical-geography/S01011930,North Muirton and Old Scone - 05,"","","","","","","","","","","","",10,8.33,0,0,10,11.11
http://statistics.gov.scot/id/statistical-geography/S01009384,North Queensferry,"","","","","","","","","","","","",0,0,0,0,0,0.00
http://statistics.gov.scot/id/statistical-geography/S01009385,North Queensferry Ferryhills,"","","","","","","","","","","","",0,0,0,0,0,0.00
http://statistics.gov.scot/id/statistical-geography/S01011050,North Speyside - 01,"","","","","","","","","","","","",0,0,0,9.09,10,14.29
http://statistics.gov.scot/id/statistical-geography/S01011051,North Speyside - 02,"","","","","","","","","","","","",0,0,0,0,0,0.00
http://statistics.gov.scot/id/statistical-geography/S01011052,North Speyside - 03,"","","","","","","","","","","","",33.33,16.67,0,0,0,0.00
http://statistics.gov.scot/id/statistical-geography/S01011053,North Speyside - 04,"","","","","","","","","","","","",36.36,21.43,15.38,0,15.38,12.5
http://statistics.gov.scot/id/statistical-geography/S01011054,North Speyside - 05,"","","","","","","","","","","","",16.67,0,20,0,0,0.00
http://statistics.gov.scot/id/statistical-geography/S01012413,North and East Isles - 01,"","","","","","","","","","","","",0,7.14,8.33,9.09,0,0.00
http://statistics.gov.scot/id/statistical-geography/S01012414,North and East Isles - 02,"","","","","","","","","","","","",10,8.33,12.5,9.09,14.29,0.00
http://statistics.gov.scot/id/statistical-geography/S01012415,North and East Isles - 03,"","","","","","","","","","","","",5.26,7.14,11.11,20,33.33,0.00
http://statistics.gov.scot/id/statistical-geography/S01012416,North and East Isles - 04,"","","","","","","","","","","","",6.25,0,0,0,0,0.00
http://statistics.gov.scot/id/statistical-geography/S01007925,Northern and Irvine Valley Rural - 01,"","","","","","","","","","","","",0,0,0,0,0,0.00
http://statistics.gov.scot/id/statistical-geography/S01007926,Northern and Irvine Valley Rural - 02,"","","","","","","","","","","","",0,0,0,0,0,0.00
http://statistics.gov.scot/id/statistical-geography/S01007927,Northern and Irvine Valley Rural - 03,"","","","","","","","","","","","",0,0,0,0,0,0.00
http://statistics.gov.scot/id/statistical-geography/S01007928,Northern and Irvine Valley Rural - 04,"","","","","","","","","","","","",11.11,0,0,0,16.67,14.29
http://statistics.gov.scot/id/statistical-geography/S01007929,Northern and Irvine Valley Rural - 05,"","","","","","","","","","","","",0,0,0,0,0,0.00
http://statistics.gov.scot/id/statistical-geography/S01007930,Northern and Irvine Valley Rural - 06,"","","","","","","","","","","","",0,0,0,0,0,0.00
http://statistics.gov.scot/id/statistical-geography/S01007931,Northern and Irvine Valley Rural - 07,"","","","","","","","","","","","",0,0,0,0,0,0.00
http://statistics.gov.scot/id/statistical-geography/S01006719,Northfield - 01,"","","","","","","","","","","","",20,8.7,8,4.55,6.67,8.33
http://statistics.gov.scot/id/statistical-geography/S01006720,Northfield - 02,"","","","","","","","","","","","",0,10,13.33,16.67,10,0.00
http://statistics.gov.scot/id/statistical-geography/S01006721,Northfield - 03,"","","","","","","","","","","","",12.5,11.76,7.14,16.67,20,23.81
http://statistics.gov.scot/id/statistical-geography/S01006722,Northfield - 04,"","","","","","","","","","","","",22.22,14.29,11.11,0,0,0.00
http://statistics.gov.scot/id/statistical-geography/S01006723,Northfield - 05,"","","","","","","","","","","","",42.86,33.33,12.5,14.29,7.14,8.33
http://statistics.gov.scot/id/statistical-geography/S01006724,Northfield - 06,"","","","","","","","","","","","",30,31.58,43.75,40,30,19.05
http://statistics.gov.scot/id/statistical-geography/S01006725,Northfield - 07,"","","","","","","","","","","","",16.67,14.29,0,16.67,11.76,25
http://statistics.gov.scot/id/statistical-geography/S01008743,Northfield and Piershill - 01,"","","","","","","","","","","","",25,11.11,9.09,0,0,0.00
http://statistics.gov.scot/id/statistical-geography/S01008744,Northfield and Piershill - 02,"","","","","","","","","","","","",20,0,10,8.33,10,0.00
http://statistics.gov.scot/id/statistical-geography/S01008745,Northfield and Piershill - 03,"","","","","","","","","","","","",0,0,0,0,0,0.00
http://statistics.gov.scot/id/statistical-geography/S01008746,Northfield and Piershill - 04,"","","","","","","","","","","","",0,5.26,5.26,7.14,0,0.00
http://statistics.gov.scot/id/statistical-geography/S01009028,Northwest Lewis - 01,"","","","","","","","","","","","",0,0,0,0,0,0.00
http://statistics.gov.scot/id/statistical-geography/S01009029,Northwest Lewis - 02,"","","","","","","","","","","","",0,0,0,0,0,0.00
http://statistics.gov.scot/id/statistical-geography/S01009030,Northwest Lewis - 03,"","","","","","","","","","","","",11.11,14.29,12.5,0,0,0.00
http://statistics.gov.scot/id/statistical-geography/S01009031,Northwest Lewis - 04,"","","","","","","","","","","","",16.67,9.09,14.29,9.09,16.67,0.00
http://statistics.gov.scot/id/statistical-geography/S01009032,Northwest Lewis - 05,"","","","","","","","","","","","",0,0,0,0,0,0.00
http://statistics.gov.scot/id/statistical-geography/S01009033,Northwest Lewis - 06,"","","","","","","","","","","","",0,0,0,0,0,0.00
http://statistics.gov.scot/id/statistical-geography/S01007613,Nunholm - 01,"","","","","","","","","","","","",0,0,0,0,0,0.00
http://statistics.gov.scot/id/statistical-geography/S01007614,Nunholm - 02,"","","","","","","","","","","","",0,0,0,0,0,0.00
http://statistics.gov.scot/id/statistical-geography/S01007615,Nunholm - 03,"","","","","","","","","","","","",0,0,5.26,11.11,11.11,7.14
http://statistics.gov.scot/id/statistical-geography/S01007616,Nunholm - 04,"","","","","","","","","","","","",16.67,0,20,22.22,13.33,16.67
http://statistics.gov.scot/id/statistical-geography/S01009272,Oakley East,"","","","","","","","","","","","",25,20,20,6.67,0,0.00
http://statistics.gov.scot/id/statistical-geography/S01009269,Oakley North,"","","","","","","","","","","","",22.22,27.27,20,36.36,37.5,50
http://statistics.gov.scot/id/statistical-geography/S01007297,Oban North - 01,"","","","","","","","","","","","",5.56,9.52,14.29,9.52,6.67,0.00
http://statistics.gov.scot/id/statistical-geography/S01007298,Oban North - 02,"","","","","","","","","","","","",0,0,0,16.67,25,25
http://statistics.gov.scot/id/statistical-geography/S01007299,Oban North - 03,"","","","","","","","","","","","",23.53,20,11.11,9.52,9.09,15.38
http://statistics.gov.scot/id/statistical-geography/S01007300,Oban North - 04,"","","","","","","","","","","","",16.67,7.69,14.29,16.67,12.5,0.00
http://statistics.gov.scot/id/statistical-geography/S01007289,Oban South - 01,"","","","","","","","","","","","",0,7.14,7.69,6.67,0,0.00
http://statistics.gov.scot/id/statistical-geography/S01007290,Oban South - 02,"","","","","","","","","","","","",8.7,16.67,23.53,28.57,20,20
http://statistics.gov.scot/id/statistical-geography/S01007291,Oban South - 03,"","","","","","","","","","","","",0,0,0,0,0,0.00
http://statistics.gov.scot/id/statistical-geography/S01007292,Oban South - 04,"","","","","","","","","","","","",0,0,0,0,0,0.00
http://statistics.gov.scot/id/statistical-geography/S01007293,Oban South - 05,"","","","","","","","","","","","",0,8.33,13.33,20,15.79,17.65
http://statistics.gov.scot/id/statistical-geography/S01007294,Oban South - 06,"","","","","","","","","","","","",23.53,21.43,12.5,7.69,0,8.33
http://statistics.gov.scot/id/statistical-geography/S01007295,Oban South - 07,"","","","","","","","","","","","",0,6.67,13.33,13.33,18.18,20
http://statistics.gov.scot/id/statistical-geography/S01007296,Oban South - 08,"","","","","","","","","","","","",7.14,9.09,0,0,0,0.00
http://statistics.gov.scot/id/statistical-geography/S01006671,Old Aberdeen - 01,"","","","","","","","","","","","",0,0,0,0,0,0.00
http://statistics.gov.scot/id/statistical-geography/S01006672,Old Aberdeen - 02,"","","","","","","","","","","","",18.75,12.5,12.5,10,10.53,0.00
http://statistics.gov.scot/id/statistical-geography/S01006673,Old Aberdeen - 03,"","","","","","","","","","","","",14.29,21.74,28.57,33.33,21.43,15
http://statistics.gov.scot/id/statistical-geography/S01006674,Old Aberdeen - 04,"","","","","","","","","","","","",12.5,0,0,0,5.56,9.09
http://statistics.gov.scot/id/statistical-geography/S01010147,Old Shettleston and Parkhead North - 01,"","","","","","","","","","","","",7.69,7.69,6.67,6.25,0,0.00
http://statistics.gov.scot/id/statistical-geography/S01010148,Old Shettleston and Parkhead North - 02,"","","","","","","","","","","","",38.89,22.73,12.5,0,0,0.00
http://statistics.gov.scot/id/statistical-geography/S01010149,Old Shettleston and Parkhead North - 03,"","","","","","","","","","","","",6.9,6.25,4.55,0,0,0.00
http://statistics.gov.scot/id/statistical-geography/S01010150,Old Shettleston and Parkhead North - 04,"","","","","","","","","","","","",0,15.38,18.18,28.57,0,0.00
http://statistics.gov.scot/id/statistical-geography/S01010151,Old Shettleston and Parkhead North - 05,"","","","","","","","","","","","",0,20,21.43,25,20,0.00
http://statistics.gov.scot/id/statistical-geography/S01008674,"Old Town, Princes Street and Leith Street - 01","","","","","","","","","","","","",0,0,0,0,0,0.00
http://statistics.gov.scot/id/statistical-geography/S01008675,"Old Town, Princes Street and Leith Street - 02","","","","","","","","","","","","",0,0,0,0,0,25
http://statistics.gov.scot/id/statistical-geography/S01008676,"Old Town, Princes Street and Leith Street - 03","","","","","","","","","","","","",0,0,0,0,0,0.00
http://statistics.gov.scot/id/statistical-geography/S01008677,"Old Town, Princes Street and Leith Street - 04","","","","","","","","","","","","",0,0,0,0,0,0.00
http://statistics.gov.scot/id/statistical-geography/S01008678,"Old Town, Princes Street and Leith Street - 05","","","","","","","","","","","","",0,0,12.5,0,0,0.00
http://statistics.gov.scot/id/statistical-geography/S01008679,"Old Town, Princes Street and Leith Street - 06","","","","","","","","","","","","",25,14.29,0,0,0,0.00
http://statistics.gov.scot/id/statistical-geography/S01006768,Oldmachar East - 01,"","","","","","","","","","","","",0,0,0,0,0,0.00
http://statistics.gov.scot/id/statistical-geography/S01006769,Oldmachar East - 02,"","","","","","","","","","","","",0,0,0,0,0,0.00
http://statistics.gov.scot/id/statistical-geography/S01006770,Oldmachar East - 03,"","","","","","","","","","","","",12.5,0,0,0,0,0.00
http://statistics.gov.scot/id/statistical-geography/S01006771,Oldmachar East - 04,"","","","","","","","","","","","",20,16.67,0,12.5,10,10
http://statistics.gov.scot/id/statistical-geography/S01006772,Oldmachar East - 05,"","","","","","","","","","","","",4,0,0,0,0,0.00
http://statistics.gov.scot/id/statistical-geography/S01006773,Oldmachar East - 06,"","","","","","","","","","","","",0,5.88,3.57,4.35,0,0.00
http://statistics.gov.scot/id/statistical-geography/S01006774,Oldmachar East - 07,"","","","","","","","","","","","",11.11,9.09,11.11,0,0,0.00
http://statistics.gov.scot/id/statistical-geography/S01006762,Oldmachar West - 01,"","","","","","","","","","","","",0,0,0,0,0,0.00
http://statistics.gov.scot/id/statistical-geography/S01006763,Oldmachar West - 02,"","","","","","","","","","","","",0,0,0,0,0,0.00
http://statistics.gov.scot/id/statistical-geography/S01006764,Oldmachar West - 03,"","","","","","","","","","","","",6.25,10,7.69,0,0,0.00
http://statistics.gov.scot/id/statistical-geography/S01006765,Oldmachar West - 04,"","","","","","","","","","","","",7.14,0,0,0,0,0.00
http://statistics.gov.scot/id/statistical-geography/S01006766,Oldmachar West - 05,"","","","","","","","","","","","",0,0,0,0,0,0.00
http://statistics.gov.scot/id/statistical-geography/S01006767,Oldmachar West - 06,"","","","","","","","","","","","",15.38,9.09,0,0,0,0.00
http://statistics.gov.scot/id/statistical-geography/S01011512,Orbiston - 01,"","","","","","","","","","","","",35.71,33.33,14.29,8.33,8.33,14.29
http://statistics.gov.scot/id/statistical-geography/S01011513,Orbiston - 02,"","","","","","","","","","","","",27.27,25,30.77,21.43,16.67,25
http://statistics.gov.scot/id/statistical-geography/S01011514,Orbiston - 03,"","","","","","","","","","","","",22.22,35.29,33.33,43.75,36.36,28.57
http://statistics.gov.scot/id/statistical-geography/S01011515,Orbiston - 04,"","","","","","","","","","","","",0,0,0,0,0,0.00
http://statistics.gov.scot/id/statistical-geography/S01011516,Orbiston - 05,"","","","","","","","","","","","",16.67,18.75,10,7.14,0,10
http://statistics.gov.scot/id/statistical-geography/S01011517,Orbiston - 06,"","","","","","","","","","","","",0,0,0,0,0,0.00
http://statistics.gov.scot/id/statistical-geography/S01011518,Orbiston - 07,"","","","","","","","","","","","",11.11,8.33,0,0,12.5,11.11
http://statistics.gov.scot/id/statistical-geography/S01009484,Oriel and Forth,"","","","","","","","","","","","",0,0,11.11,20,35.71,41.67
http://statistics.gov.scot/id/statistical-geography/S01009532,Overton,"","","","","","","","","","","","",15.79,14.29,10,0,0,12.5
http://statistics.gov.scot/id/statistical-geography/S01011357,Overtown - 01,"","","","","","","","","","","","",10,0,14.29,50,50,0.00
http://statistics.gov.scot/id/statistical-geography/S01011358,Overtown - 02,"","","","","","","","","","","","",0,0,0,16.67,16.67,20
http://statistics.gov.scot/id/statistical-geography/S01011359,Overtown - 03,"","","","","","","","","","","","",22.22,33.33,12.5,0,0,16.67
http://statistics.gov.scot/id/statistical-geography/S01011360,Overtown - 04,"","","","","","","","","","","","",11.76,13.33,14.29,27.27,30.77,36.36
http://statistics.gov.scot/id/statistical-geography/S01011361,Overtown - 05,"","","","","","","","","","","","",37.5,44.44,28.57,12.5,6.67,9.09
http://statistics.gov.scot/id/statistical-geography/S01011362,Overtown - 06,"","","","","","","","","","","","",12.5,0,0,0,0,0.00
http://statistics.gov.scot/id/statistical-geography/S01008529,Oxgangs - 01,"","","","","","","","","","","","",0,0,0,0,0,0.00
http://statistics.gov.scot/id/statistical-geography/S01008530,Oxgangs - 02,"","","","","","","","","","","","",28.57,50,28.57,33.33,0,0.00
http://statistics.gov.scot/id/statistical-geography/S01008531,Oxgangs - 03,"","","","","","","","","","","","",50,50,0,0,0,0.00
http://statistics.gov.scot/id/statistical-geography/S01008532,Oxgangs - 04,"","","","","","","","","","","","","","","",0,0,0.00
http://statistics.gov.scot/id/statistical-geography/S01012341,Oxnam and Camptown Area,"","","","","","","","","","","","",0,0,0,0,0,0.00
http://statistics.gov.scot/id/statistical-geography/S01012299,Oxton and Area,"","","","","","","","","","","","",0,0,0,0,14.29,8.33
http://statistics.gov.scot/id/statistical-geography/S01012126,Paisley Central - 01,"","","","","","","","","","","","",4.35,0,0,0,0,0.00
http://statistics.gov.scot/id/statistical-geography/S01012127,Paisley Central - 02,"","","","","","","","","","","","",0,4,3.85,3.85,8.7,12
http://statistics.gov.scot/id/statistical-geography/S01012128,Paisley Central - 03,"","","","","","","","","","","","",8.33,8.33,0,6.67,12.5,9.09
http://statistics.gov.scot/id/statistical-geography/S01012129,Paisley Central - 04,"","","","","","","","","","","","",16.67,21.43,7.14,0,0,10
http://statistics.gov.scot/id/statistical-geography/S01012130,Paisley Central - 05,"","","","","","","","","","","","",12,12.5,0,0,0,0.00
http://statistics.gov.scot/id/statistical-geography/S01012131,Paisley Central - 06,"","","","","","","","","","","","",13.04,21.05,16.67,11.11,13.04,15
http://statistics.gov.scot/id/statistical-geography/S01012132,Paisley Central - 07,"","","","","","","","","","","","",16.67,16.67,17.65,14.29,14.29,8.33
http://statistics.gov.scot/id/statistical-geography/S01012133,Paisley Central - 08,"","","","","","","","","","","","",17.65,18.18,13.33,15.38,0,0.00
http://statistics.gov.scot/id/statistical-geography/S01012115,Paisley Dykebar - 01,"","","","","","","","","","","","",14.29,14.29,0,0,0,0.00
http://statistics.gov.scot/id/statistical-geography/S01012116,Paisley Dykebar - 02,"","","","","","","","","","","","",0,0,0,0,11.11,10
http://statistics.gov.scot/id/statistical-geography/S01012117,Paisley Dykebar - 03,"","","","","","","","","","","","",0,0,0,8.7,7.41,6.67
http://statistics.gov.scot/id/statistical-geography/S01012118,Paisley Dykebar - 04,"","","","","","","","","","","","",0,0,0,0,0,0.00
http://statistics.gov.scot/id/statistical-geography/S01012119,Paisley Dykebar - 05,"","","","","","","","","","","","",0,0,0,0,0,0.00
http://statistics.gov.scot/id/statistical-geography/S01012120,Paisley East - 01,"","","","","","","","","","","","",42.86,42.86,37.5,33.33,20,0.00
http://statistics.gov.scot/id/statistical-geography/S01012121,Paisley East - 02,"","","","","","","","","","","","",7.69,0,0,0,0,0.00
http://statistics.gov.scot/id/statistical-geography/S01012122,Paisley East - 03,"","","","","","","","","","","","",18.18,33.33,0,0,0,0.00
http://statistics.gov.scot/id/statistical-geography/S01012123,Paisley East - 04,"","","","","","","","","","","","",0,0,25,12.5,18.18,11.11
http://statistics.gov.scot/id/statistical-geography/S01012124,Paisley East - 05,"","","","","","","","","","","","",7.14,0,8.33,11.11,12.5,0.00
http://statistics.gov.scot/id/statistical-geography/S01012125,Paisley East - 06,"","","","","","","","","","","","",9.09,0,0,0,0,0.00
http://statistics.gov.scot/id/statistical-geography/S01012063,Paisley Ferguslie - 01,"","","","","","","","","","","","",16.67,0,0,0,0,0.00
http://statistics.gov.scot/id/statistical-geography/S01012064,Paisley Ferguslie - 02,"","","","","","","","","","","","",14.29,8.33,12.5,0,12.5,14.29
http://statistics.gov.scot/id/statistical-geography/S01012065,Paisley Ferguslie - 03,"","","","","","","","","","","","",30.77,20,25,20,36.36,33.33
http://statistics.gov.scot/id/statistical-geography/S01012066,Paisley Ferguslie - 04,"","","","","","","","","","","","",16.67,9.09,10,11.76,15.38,15.38
http://statistics.gov.scot/id/statistical-geography/S01012067,Paisley Ferguslie - 05,"","","","","","","","","","","","",41.67,36.36,30.77,8.33,16.67,11.11
http://statistics.gov.scot/id/statistical-geography/S01012068,Paisley Ferguslie - 06,"","","","","","","","","","","","",20,0,12.5,11.11,10,28.57
http://statistics.gov.scot/id/statistical-geography/S01012069,Paisley Ferguslie - 07,"","","","","","","","","","","","",33.33,25,20,0,0,0.00
http://statistics.gov.scot/id/statistical-geography/S01012081,Paisley Foxbar - 01,"","","","","","","","","","","","",6.67,0,9.09,7.69,16.67,7.69
http://statistics.gov.scot/id/statistical-geography/S01012082,Paisley Foxbar - 02,"","","","","","","","","","","","",18.18,9.09,9.09,12.5,8.33,0.00
http://statistics.gov.scot/id/statistical-geography/S01012083,Paisley Foxbar - 03,"","","","","","","","","","","","",33.33,33.33,40,12.5,8.33,8.33
http://statistics.gov.scot/id/statistical-geography/S01012084,Paisley Foxbar - 04,"","","","","","","","","","","","",16.67,25,33.33,0,0,0.00
http://statistics.gov.scot/id/statistical-geography/S01012085,Paisley Foxbar - 05,"","","","","","","","","","","","",16.67,0,0,0,0,0.00
http://statistics.gov.scot/id/statistical-geography/S01012086,Paisley Foxbar - 06,"","","","","","","","","","","","",0,7.14,20,21.43,18.18,7.69
http://statistics.gov.scot/id/statistical-geography/S01012087,Paisley Foxbar - 07,"","","","","","","","","","","","",0,0,0,0,0,0.00
http://statistics.gov.scot/id/statistical-geography/S01012146,Paisley Gallowhill and Hillington - 01,"","","","","","","","","","","","",11.11,15.79,18.18,16.67,13.33,0.00
http://statistics.gov.scot/id/statistical-geography/S01012147,Paisley Gallowhill and Hillington - 02,"","","","","","","","","","","","",25,29.41,20,13.33,16.67,7.69
http://statistics.gov.scot/id/statistical-geography/S01012148,Paisley Gallowhill and Hillington - 03,"","","","","","","","","","","","",15.38,7.69,15,17.65,16.67,16.67
http://statistics.gov.scot/id/statistical-geography/S01012149,Paisley Gallowhill and Hillington - 04,"","","","","","","","","","","","",28.57,11.11,0,9.09,9.09,8.33
http://statistics.gov.scot/id/statistical-geography/S01012150,Paisley Gallowhill and Hillington - 05,"","","","","","","","","","","","",20,30,33.33,42.86,36.36,23.08
http://statistics.gov.scot/id/statistical-geography/S01012151,Paisley Gallowhill and Hillington - 06,"","","","","","","","","","","","",16.67,9.09,0,9.09,8.33,11.11
http://statistics.gov.scot/id/statistical-geography/S01012152,Paisley Gallowhill and Hillington - 07,"","","","","","","","","","","","",18.18,10,7.14,0,0,0.00
http://statistics.gov.scot/id/statistical-geography/S01012100,Paisley Glenburn East - 01,"","","","","","","","","","","","",0,9.09,13.33,23.53,23.08,20
http://statistics.gov.scot/id/statistical-geography/S01012101,Paisley Glenburn East - 02,"","","","","","","","","","","","",0,0,0,0,0,0.00
http://statistics.gov.scot/id/statistical-geography/S01012102,Paisley Glenburn East - 03,"","","","","","","","","","","","",25,0,0,0,14.29,14.29
http://statistics.gov.scot/id/statistical-geography/S01012103,Paisley Glenburn East - 04,"","","","","","","","","","","","",0,0,0,0,0,0.00
http://statistics.gov.scot/id/statistical-geography/S01012095,Paisley Glenburn West - 01,"","","","","","","","","","","","",7.14,14.29,25,15.38,9.09,6.25
http://statistics.gov.scot/id/statistical-geography/S01012096,Paisley Glenburn West - 02,"","","","","","","","","","","","",5.56,5.88,6.67,14.29,8.33,7.14
http://statistics.gov.scot/id/statistical-geography/S01012097,Paisley Glenburn West - 03,"","","","","","","","","","","","",20,22.22,8.33,0,0,0.00
http://statistics.gov.scot/id/statistical-geography/S01012098,Paisley Glenburn West - 04,"","","","","","","","","","","","",16.67,0,0,0,0,12.5
http://statistics.gov.scot/id/statistical-geography/S01012099,Paisley Glenburn West - 05,"","","","","","","","","","","","",0,12.5,8.33,8.33,0,0.00
http://statistics.gov.scot/id/statistical-geography/S01012153,Paisley North - 01,"","","","","","","","","","","","",8.33,9.09,9.09,10,10,11.11
http://statistics.gov.scot/id/statistical-geography/S01012154,Paisley North - 02,"","","","","","","","","","","","",13.33,27.27,20,10,0,6.67
http://statistics.gov.scot/id/statistical-geography/S01012155,Paisley North - 03,"","","","","","","","","","","","",6.25,0,0,0,0,11.11
http://statistics.gov.scot/id/statistical-geography/S01012156,Paisley North - 04,"","","","","","","","","","","","",9.09,7.69,12.5,11.76,11.11,5.26
http://statistics.gov.scot/id/statistical-geography/S01012157,Paisley North - 05,"","","","","","","","","","","","",18.75,28.57,5.56,12.5,8.33,16.67
http://statistics.gov.scot/id/statistical-geography/S01012158,Paisley North - 06,"","","","","","","","","","","","",5.26,5.56,3.45,4.55,0,5.56
http://statistics.gov.scot/id/statistical-geography/S01012134,Paisley North East - 01,"","","","","","","","","","","","",6.25,0,5.56,5,5.26,0.00
http://statistics.gov.scot/id/statistical-geography/S01012135,Paisley North East - 02,"","","","","","","","","","","","",7.69,10,16.67,19.05,18.18,11.11
http://statistics.gov.scot/id/statistical-geography/S01012136,Paisley North East - 03,"","","","","","","","","","","","",10.53,11.76,18.75,15,21.74,12.5
http://statistics.gov.scot/id/statistical-geography/S01012137,Paisley North East - 04,"","","","","","","","","","","","",5.88,8.7,4.35,4.55,0,0.00
http://statistics.gov.scot/id/statistical-geography/S01012138,Paisley North East - 05,"","","","","","","","","","","","",0,0,0,0,0,6.67
http://statistics.gov.scot/id/statistical-geography/S01012139,Paisley North East - 06,"","","","","","","","","","","","",0,0,0,0,0,0.00
http://statistics.gov.scot/id/statistical-geography/S01012140,Paisley North East - 07,"","","","","","","","","","","","",0,0,0,0,0,0.00
http://statistics.gov.scot/id/statistical-geography/S01012070,Paisley North West - 01,"","","","","","","","","","","","",0,0,0,0,5,11.76
http://statistics.gov.scot/id/statistical-geography/S01012071,Paisley North West - 02,"","","","","","","","","","","","",0,10.53,15.79,26.32,15,23.53
http://statistics.gov.scot/id/statistical-geography/S01012072,Paisley North West - 03,"","","","","","","","","","","","",15.38,6.25,5.88,0,0,7.14
http://statistics.gov.scot/id/statistical-geography/S01012073,Paisley North West - 04,"","","","","","","","","","","","",0,0,0,0,0,5.56
http://statistics.gov.scot/id/statistical-geography/S01012141,Paisley Ralston - 01,"","","","","","","","","","","","",0,0,0,0,0,0.00
http://statistics.gov.scot/id/statistical-geography/S01012142,Paisley Ralston - 02,"","","","","","","","","","","","",0,0,0,0,0,0.00
http://statistics.gov.scot/id/statistical-geography/S01012143,Paisley Ralston - 03,"","","","","","","","","","","","",28.57,11.11,0,0,0,0.00
http://statistics.gov.scot/id/statistical-geography/S01012144,Paisley Ralston - 04,"","","","","","","","","","","","",0,0,0,0,0,0.00
http://statistics.gov.scot/id/statistical-geography/S01012145,Paisley Ralston - 05,"","","","","","","","","","","","",11.11,10,0,0,0,0.00
http://statistics.gov.scot/id/statistical-geography/S01012104,Paisley South - 01,"","","","","","","","","","","","",0,0,0,0,0,0.00
http://statistics.gov.scot/id/statistical-geography/S01012105,Paisley South - 02,"","","","","","","","","","","","",7.69,12.5,0,0,0,0.00
http://statistics.gov.scot/id/statistical-geography/S01012106,Paisley South - 03,"","","","","","","","","","","","",7.14,4.76,0,0,0,0.00
http://statistics.gov.scot/id/statistical-geography/S01012107,Paisley South - 04,"","","","","","","","","","","","",0,0,16.67,14.29,25,0.00
http://statistics.gov.scot/id/statistical-geography/S01012108,Paisley South East - 01,"","","","","","","","","","","","",15.79,6.25,18.18,20,25,16.67
http://statistics.gov.scot/id/statistical-geography/S01012109,Paisley South East - 02,"","","","","","","","","","","","",37.5,20,17.65,11.76,5.56,0.00
http://statistics.gov.scot/id/statistical-geography/S01012110,Paisley South East - 03,"","","","","","","","","","","","",0,0,7.14,8.33,8.33,0.00
http://statistics.gov.scot/id/statistical-geography/S01012111,Paisley South East - 04,"","","","","","","","","","","","",22.22,16.67,36.36,46.67,42.86,33.33
http://statistics.gov.scot/id/statistical-geography/S01012112,Paisley South East - 05,"","","","","","","","","","","","",0,0,0,0,0,0.00
http://statistics.gov.scot/id/statistical-geography/S01012113,Paisley South East - 06,"","","","","","","","","","","","",21.05,21.43,16.67,0,0,0.00
http://statistics.gov.scot/id/statistical-geography/S01012114,Paisley South East - 07,"","","","","","","","","","","","",0,0,0,0,0,0.00
http://statistics.gov.scot/id/statistical-geography/S01012088,Paisley South West - 01,"","","","","","","","","","","","",11.11,0,0,0,0,0.00
http://statistics.gov.scot/id/statistical-geography/S01012089,Paisley South West - 02,"","","","","","","","","","","","",16.67,16.67,0,0,0,0.00
http://statistics.gov.scot/id/statistical-geography/S01012090,Paisley South West - 03,"","","","","","","","","","","","",0,0,0,0,0,0.00
http://statistics.gov.scot/id/statistical-geography/S01012091,Paisley South West - 04,"","","","","","","","","","","","",0,0,0,0,0,0.00
http://statistics.gov.scot/id/statistical-geography/S01012092,Paisley South West - 05,"","","","","","","","","","","","",0,0,0,20,16.67,14.29
http://statistics.gov.scot/id/statistical-geography/S01012093,Paisley South West - 06,"","","","","","","","","","","","",0,0,0,0,0,0.00
http://statistics.gov.scot/id/statistical-geography/S01012094,Paisley South West - 07,"","","","","","","","","","","","",0,0,0,0,0,0.00
http://statistics.gov.scot/id/statistical-geography/S01012074,Paisley West - 01,"","","","","","","","","","","","",6.25,6.67,7.69,0,0,0.00
http://statistics.gov.scot/id/statistical-geography/S01012075,Paisley West - 02,"","","","","","","","","","","","",10,12.5,25,0,0,0.00
http://statistics.gov.scot/id/statistical-geography/S01012076,Paisley West - 03,"","","","","","","","","","","","",0,5,14.29,15.38,8.33,0.00
http://statistics.gov.scot/id/statistical-geography/S01012077,Paisley West - 04,"","","","","","","","","","","","",7.14,0,0,11.76,14.29,13.04
http://statistics.gov.scot/id/statistical-geography/S01012078,Paisley West - 05,"","","","","","","","","","","","",7.69,0,0,0,0,0.00
http://statistics.gov.scot/id/statistical-geography/S01012079,Paisley West - 06,"","","","","","","","","","","","",6.25,6.67,30.77,44.44,60,33.33
http://statistics.gov.scot/id/statistical-geography/S01012080,Paisley West - 07,"","","","","","","","","","","","",27.78,29.41,30.77,14.29,11.11,0.00
http://statistics.gov.scot/id/statistical-geography/S01010056,Parkhead East and Braidfauld North - 01,"","","","","","","","","","","","",40,12.5,8.33,0,0,0.00
http://statistics.gov.scot/id/statistical-geography/S01010057,Parkhead East and Braidfauld North - 02,"","","","","","","","","","","","",7.69,9.09,0,0,11.11,11.11
http://statistics.gov.scot/id/statistical-geography/S01010058,Parkhead East and Braidfauld North - 03,"","","","","","","","","","","","",9.09,10,0,50,25,10
http://statistics.gov.scot/id/statistical-geography/S01010059,Parkhead East and Braidfauld North - 04,"","","","","","","","","","","","",6.25,0,0,0,0,0.00
http://statistics.gov.scot/id/statistical-geography/S01010060,Parkhead East and Braidfauld North - 05,"","","","","","","","","","","","",10.53,5.56,13.64,9.52,12,4.76
http://statistics.gov.scot/id/statistical-geography/S01010049,Parkhead West and Barrowfield - 01,"","","","","","","","","","","","",26.67,25,20,15.38,12.5,0.00
http://statistics.gov.scot/id/statistical-geography/S01010050,Parkhead West and Barrowfield - 02,"","","","","","","","","","","","",9.52,0,0,3.45,6.67,13.33
http://statistics.gov.scot/id/statistical-geography/S01010051,Parkhead West and Barrowfield - 03,"","","","","","","","","","","","",8.33,15.38,6.67,6.25,0,0.00
http://statistics.gov.scot/id/statistical-geography/S01010052,Parkhead West and Barrowfield - 04,"","","","","","","","","","","","",11.11,8.7,4.35,0,4.35,4.35
http://statistics.gov.scot/id/statistical-geography/S01010053,Parkhead West and Barrowfield - 05,"","","","","","","","","","","","",4.55,4.35,5,5.56,5,0.00
http://statistics.gov.scot/id/statistical-geography/S01010054,Parkhead West and Barrowfield - 06,"","","","","","","","","","","","",27.27,27.27,18.18,14.29,0,0.00
http://statistics.gov.scot/id/statistical-geography/S01010055,Parkhead West and Barrowfield - 07,"","","","","","","","","","","","",22.22,25,25,18.75,4.76,9.09
http://statistics.gov.scot/id/statistical-geography/S01008464,Parkhead and Sighthill - 01,"","","","","","","","","","","","",11.11,5.88,5.88,0,0,0.00
http://statistics.gov.scot/id/statistical-geography/S01008465,Parkhead and Sighthill - 02,"","","","","","","","","","","","",22.22,12.5,28.57,9.09,12.5,0.00
http://statistics.gov.scot/id/statistical-geography/S01008466,Parkhead and Sighthill - 03,"","","","","","","","","","","","",0,0,0,0,0,0.00
http://statistics.gov.scot/id/statistical-geography/S01008467,Parkhead and Sighthill - 04,"","","","","","","","","","","","",0,0,0,0,0,0.00
http://statistics.gov.scot/id/statistical-geography/S01010393,Partick - 01,"","","","","","","","","","","","",6.67,5.26,0,0,0,0.00
http://statistics.gov.scot/id/statistical-geography/S01010394,Partick - 02,"","","","","","","","","","","","",22.22,20,18.18,6.67,6.25,5.88
http://statistics.gov.scot/id/statistical-geography/S01010395,Partick - 03,"","","","","","","","","","","","",5,0,0,0,0,0.00
http://statistics.gov.scot/id/statistical-geography/S01010396,Partick - 04,"","","","","","","","","","","","",5.26,0,0,0,0,0.00
http://statistics.gov.scot/id/statistical-geography/S01010397,Partickhill and Hyndland - 01,"","","","","","","","","","","","",0,0,0,0,0,0.00
http://statistics.gov.scot/id/statistical-geography/S01010398,Partickhill and Hyndland - 02,"","","","","","","","","","","","",4.55,0,0,0,0,0.00
http://statistics.gov.scot/id/statistical-geography/S01010399,Partickhill and Hyndland - 03,"","","","","","","","","","","","",4.76,5,4.76,0,0,0.00
http://statistics.gov.scot/id/statistical-geography/S01010400,Partickhill and Hyndland - 04,"","","","","","","","","","","","",0,0,0,0,0,0.00
http://statistics.gov.scot/id/statistical-geography/S01010401,Partickhill and Hyndland - 05,"","","","","","","","","","","","",0,0,0,0,0,0.00
http://statistics.gov.scot/id/statistical-geography/S01010402,Partickhill and Hyndland - 06,"","","","","","","","","","","","",0,0,0,0,0,0.00
http://statistics.gov.scot/id/statistical-geography/S01011388,Pather - 01,"","","","","","","","","","","","",5,5.88,6.67,7.14,0,0.00
http://statistics.gov.scot/id/statistical-geography/S01011389,Pather - 02,"","","","","","","","","","","","",17.65,27.27,12.5,0,0,0.00
http://statistics.gov.scot/id/statistical-geography/S01011390,Pather - 03,"","","","","","","","","","","","",11.76,7.14,16.67,22.22,27.27,27.27
http://statistics.gov.scot/id/statistical-geography/S01011391,Pather - 04,"","","","","","","","","","","","",7.14,8.33,25,14.29,14.29,0.00
http://statistics.gov.scot/id/statistical-geography/S01011392,Pather - 05,"","","","","","","","","","","","",9.09,9.09,20,25,42.86,42.86
http://statistics.gov.scot/id/statistical-geography/S01009527,Pathhead Central,"","","","","","","","","","","","",7.14,0,0,0,6.25,7.69
http://statistics.gov.scot/id/statistical-geography/S01009524,Pathhead North West,"","","","","","","","","","","","",0,0,13.33,17.65,23.08,15.38
http://statistics.gov.scot/id/statistical-geography/S01009528,Pathhead South and Sands,"","","","","","","","","","","","",0,0,0,14.29,16.67,20
http://statistics.gov.scot/id/statistical-geography/S01011014,Pathhead and Rural East Midlothian - 01,"","","","","","","","","","","","",0,0,0,14.29,0,16.67
http://statistics.gov.scot/id/statistical-geography/S01011015,Pathhead and Rural East Midlothian - 02,"","","","","","","","","","","","",20,50,50,50,0,0.00
http://statistics.gov.scot/id/statistical-geography/S01011016,Pathhead and Rural East Midlothian - 03,"","","","","","","","","","","","",14.29,10,8.57,4.55,4.55,2.33
http://statistics.gov.scot/id/statistical-geography/S01011017,Pathhead and Rural East Midlothian - 04,"","","","","","","","","","","","",0,0,0,0,0,0.00
http://statistics.gov.scot/id/statistical-geography/S01011018,Pathhead and Rural East Midlothian - 05,"","","","","","","","","","","","",0,0,0,0,0,0.00
http://statistics.gov.scot/id/statistical-geography/S01011019,Pathhead and Rural East Midlothian - 06,"","","","","","","","","","","","",25,20,16.67,9.52,5.26,0.00
http://statistics.gov.scot/id/statistical-geography/S01011020,Pathhead and Rural East Midlothian - 07,"","","","","","","","","","","","",0,0,0,0,0,0.00
http://statistics.gov.scot/id/statistical-geography/S01009365,Pattiesmuir,"","","","","","","","","","","","",0,9.09,9.09,7.69,0,0.00
http://statistics.gov.scot/id/statistical-geography/S01009698,Peat Inn and Dunino,"","","","","","","","","","","","",25,0,0,0,0,0.00
http://statistics.gov.scot/id/statistical-geography/S01012251,Peebles - N - Connor St,"","","","","","","","","","","","",5.56,5.56,5.88,10,0,0.00
http://statistics.gov.scot/id/statistical-geography/S01012253,Peebles - N - Cuddyside,"","","","","","","","","","","","",0,0,0,0,0,0.00
http://statistics.gov.scot/id/statistical-geography/S01012255,Peebles - N - Eastgate,"","","","","","","","","","","","",7.69,0,11.11,20,10,0.00
http://statistics.gov.scot/id/statistical-geography/S01012254,Peebles - N - March St,"","","","","","","","","","","","",5.88,8.33,16.67,11.11,10,0.00
http://statistics.gov.scot/id/statistical-geography/S01012259,Peebles - S - Caledonian-Springhill,"","","","","","","","","","","","",0,0,0,0,0,0.00
http://statistics.gov.scot/id/statistical-geography/S01012256,Peebles - S - Calvalry Park,"","","","","","","","","","","","",0,0,0,0,0,0.00
http://statistics.gov.scot/id/statistical-geography/S01012258,Peebles - S - Edderston Rd,"","","","","","","","","","","","",25,0,0,0,0,0.00
http://statistics.gov.scot/id/statistical-geography/S01012257,Peebles - S - Gallow Hill,"","","","","","","","","","","","",25,20,25,14.29,14.29,0.00
http://statistics.gov.scot/id/statistical-geography/S01012260,Peebles - S - Victoria Park,"","","","","","","","","","","","",16.67,12.5,0,0,0,0.00
http://statistics.gov.scot/id/statistical-geography/S01012252,Peebles North - Dalatho,"","","","","","","","","","","","",18.18,7.14,7.69,0,0,0.00
http://statistics.gov.scot/id/statistical-geography/S01010945,Penicuik East - 01,"","","","","","","","","","","","",0,0,12.5,10,11.11,0.00
http://statistics.gov.scot/id/statistical-geography/S01010946,Penicuik East - 02,"","","","","","","","","","","","",0,16.67,14.29,14.29,25,25
http://statistics.gov.scot/id/statistical-geography/S01010947,Penicuik East - 03,"","","","","","","","","","","","",0,0,66.67,60,33.33,16.67
http://statistics.gov.scot/id/statistical-geography/S01010948,Penicuik East - 04,"","","","","","","","","","","","",0,50,66.67,42.86,16.67,0.00
http://statistics.gov.scot/id/statistical-geography/S01010949,Penicuik North - 01,"","","","","","","","","","","","",0,0,0,0,0,14.29
http://statistics.gov.scot/id/statistical-geography/S01010950,Penicuik North - 02,"","","","","","","","","","","","",9.09,12.5,28.57,28.57,25,0.00
http://statistics.gov.scot/id/statistical-geography/S01010951,Penicuik North - 03,"","","","","","","","","","","","",0,0,0,0,0,0.00
http://statistics.gov.scot/id/statistical-geography/S01010952,Penicuik North - 04,"","","","","","","","","","","","",0,0,0,0,0,0.00
http://statistics.gov.scot/id/statistical-geography/S01010953,Penicuik North - 05,"","","","","","","","","","","","",0,0,0,0,0,0.00
http://statistics.gov.scot/id/statistical-geography/S01010934,Penicuik Southeast - 01,"","","","","","","","","","","","",0,0,10,0,0,0.00
http://statistics.gov.scot/id/statistical-geography/S01010935,Penicuik Southeast - 02,"","","","","","","","","","","","",0,0,0,0,0,0.00
http://statistics.gov.scot/id/statistical-geography/S01010936,Penicuik Southeast - 03,"","","","","","","","","","","","",0,0,0,0,12.5,16.67
http://statistics.gov.scot/id/statistical-geography/S01010937,Penicuik Southeast - 04,"","","","","","","","","","","","",20,12.5,11.11,0,0,0.00
http://statistics.gov.scot/id/statistical-geography/S01010938,Penicuik Southeast - 05,"","","","","","","","","","","","",0,25,40,25,25,0.00
http://statistics.gov.scot/id/statistical-geography/S01010939,Penicuik Southwest - 01,"","","","","","","","","","","","",25,33.33,0,0,0,0.00
http://statistics.gov.scot/id/statistical-geography/S01010940,Penicuik Southwest - 02,"","","","","","","","","","","","",0,0,0,0,0,0.00
http://statistics.gov.scot/id/statistical-geography/S01010941,Penicuik Southwest - 03,"","","","","","","","","","","","",16.67,0,0,0,0,0.00
http://statistics.gov.scot/id/statistical-geography/S01010942,Penicuik Southwest - 04,"","","","","","","","","","","","",0,0,0,0,0,0.00
http://statistics.gov.scot/id/statistical-geography/S01010943,Penicuik Southwest - 05,"","","","","","","","","","","","",0,0,0,0,0,0.00
http://statistics.gov.scot/id/statistical-geography/S01010944,Penicuik Southwest - 06,"","","","","","","","","","","","",20,11.11,0,0,0,0.00
http://statistics.gov.scot/id/statistical-geography/S01009822,Penilee - 01,"","","","","","","","","","","","",0,0,0,0,0,9.09
http://statistics.gov.scot/id/statistical-geography/S01009823,Penilee - 02,"","","","","","","","","","","","",16.67,0,0,0,9.09,7.69
http://statistics.gov.scot/id/statistical-geography/S01009824,Penilee - 03,"","","","","","","","","","","","",25,23.08,7.69,0,10,14.29
http://statistics.gov.scot/id/statistical-geography/S01009825,Penilee - 04,"","","","","","","","","","","","",15.38,12.5,0,0,9.09,9.09
http://statistics.gov.scot/id/statistical-geography/S01009826,Penilee - 05,"","","","","","","","","","","","",9.09,0,0,0,0,20
http://statistics.gov.scot/id/statistical-geography/S01009827,Penilee - 06,"","","","","","","","","","","","",10,7.69,15.38,6.67,7.14,0.00
http://statistics.gov.scot/id/statistical-geography/S01009828,Penilee - 07,"","","","","","","","","","","","",23.08,16.67,0,9.09,12.5,20
http://statistics.gov.scot/id/statistical-geography/S01010954,Pentland - 01,"","","","","","","","","","","","",0,0,0,0,0,14.29
http://statistics.gov.scot/id/statistical-geography/S01010955,Pentland - 02,"","","","","","","","","","","","",10,6.25,0,0,0,0.00
http://statistics.gov.scot/id/statistical-geography/S01010956,Pentland - 03,"","","","","","","","","","","","",20,0,0,0,5.88,6.25
http://statistics.gov.scot/id/statistical-geography/S01007689,Perth Road - 01,"","","","","","","","","","","","",0,0,0,0,0,0.00
http://statistics.gov.scot/id/statistical-geography/S01007690,Perth Road - 02,"","","","","","","","","","","","",0,0,0,12.5,10,10
http://statistics.gov.scot/id/statistical-geography/S01007691,Perth Road - 03,"","","","","","","","","","","","",8.33,8.33,0,11.11,28.57,40
http://statistics.gov.scot/id/statistical-geography/S01007692,Perth Road - 04,"","","","","","","","","","","","",0,0,0,0,0,0.00
http://statistics.gov.scot/id/statistical-geography/S01007693,Perth Road - 05,"","","","","","","","","","","","",12.5,12.5,12.5,0,0,0.00
http://statistics.gov.scot/id/statistical-geography/S01007694,Perth Road - 06,"","","","","","","","","","","","",0,8.33,11.11,18.18,18.18,16.67
http://statistics.gov.scot/id/statistical-geography/S01007078,Peterhead Bay - 01,"","","","","","","","","","","","",15,25,15,13.33,0,0.00
http://statistics.gov.scot/id/statistical-geography/S01007079,Peterhead Bay - 02,"","","","","","","","","","","","",12.5,10,0,14.29,0,0.00
http://statistics.gov.scot/id/statistical-geography/S01007080,Peterhead Bay - 03,"","","","","","","","","","","","",14.29,6.67,7.69,20,14.29,11.11
http://statistics.gov.scot/id/statistical-geography/S01007081,Peterhead Harbour - 01,"","","","","","","","","","","","",15,22.73,27.27,23.53,18.75,15.38
http://statistics.gov.scot/id/statistical-geography/S01007082,Peterhead Harbour - 02,"","","","","","","","","","","","",12.5,14.29,18.18,14.29,16.67,0.00
http://statistics.gov.scot/id/statistical-geography/S01007083,Peterhead Harbour - 03,"","","","","","","","","","","","",31.25,25,18.18,18.18,15.38,18.18
http://statistics.gov.scot/id/statistical-geography/S01007084,Peterhead Harbour - 04,"","","","","","","","","","","","",14.29,0,0,0,0,0.00
http://statistics.gov.scot/id/statistical-geography/S01007085,Peterhead Harbour - 05,"","","","","","","","","","","","",22.73,6.67,20,20,40,20
http://statistics.gov.scot/id/statistical-geography/S01007086,Peterhead Harbour - 06,"","","","","","","","","","","","",19.35,23.08,13.33,17.39,17.24,17.24
http://statistics.gov.scot/id/statistical-geography/S01007087,Peterhead Harbour - 07,"","","","","","","","","","","","",14.29,16.67,25,26.32,22.73,15.79
http://statistics.gov.scot/id/statistical-geography/S01007088,Peterhead Harbour - 08,"","","","","","","","","","","","",28.57,30,28.57,50,22.22,0.00
http://statistics.gov.scot/id/statistical-geography/S01007072,Peterhead Links - 01,"","","","","","","","","","","","",0,0,0,0,0,0.00
http://statistics.gov.scot/id/statistical-geography/S01007073,Peterhead Links - 02,"","","","","","","","","","","","",0,0,0,0,0,0.00
http://statistics.gov.scot/id/statistical-geography/S01007074,Peterhead Links - 03,"","","","","","","","","","","","",18.75,20,21.43,20,8.33,0.00
http://statistics.gov.scot/id/statistical-geography/S01007075,Peterhead Links - 04,"","","","","","","","","","","","",27.27,20,28.57,0,8.33,7.69
http://statistics.gov.scot/id/statistical-geography/S01007076,Peterhead Links - 05,"","","","","","","","","","","","",6.67,0,12.5,22.22,22.22,9.09
http://statistics.gov.scot/id/statistical-geography/S01007077,Peterhead Links - 06,"","","","","","","","","","","","",16.67,12.5,27.27,8.33,16.67,5.88
http://statistics.gov.scot/id/statistical-geography/S01007089,Peterhead Ugieside - 01,"","","","","","","","","","","","",16.67,0,0,0,0,0.00
http://statistics.gov.scot/id/statistical-geography/S01007090,Peterhead Ugieside - 02,"","","","","","","","","","","","",0,0,0,0,0,0.00
http://statistics.gov.scot/id/statistical-geography/S01007091,Peterhead Ugieside - 03,"","","","","","","","","","","","",28.57,25,11.11,11.11,0,0.00
http://statistics.gov.scot/id/statistical-geography/S01007092,Peterhead Ugieside - 04,"","","","","","","","","","","","",25,21.43,11.11,0,25,18.18
http://statistics.gov.scot/id/statistical-geography/S01007093,Peterhead Ugieside - 05,"","","","","","","","","","","","",7.14,0,0,6.25,5.88,0.00
http://statistics.gov.scot/id/statistical-geography/S01007094,Peterhead Ugieside - 06,"","","","","","","","","","","","",0,7.69,20,22.22,8.33,0.00
http://statistics.gov.scot/id/statistical-geography/S01011630,Petersburn - 01,"","","","","","","","","","","","",28.57,30,42.86,0,0,0.00
http://statistics.gov.scot/id/statistical-geography/S01011631,Petersburn - 02,"","","","","","","","","","","","",14.29,30.77,36.36,41.67,31.25,35.71
http://statistics.gov.scot/id/statistical-geography/S01011632,Petersburn - 03,"","","","","","","","","","","","",10,18.18,16.67,33.33,0,0.00
http://statistics.gov.scot/id/statistical-geography/S01011633,Petersburn - 04,"","","","","","","","","","","","",42.86,50,60,33.33,22.22,12.5
http://statistics.gov.scot/id/statistical-geography/S01011634,Petersburn - 05,"","","","","","","","","","","","",30,30,50,25,20,12.5
http://statistics.gov.scot/id/statistical-geography/S01011635,Petersburn - 06,"","","","","","","","","","","","",9.09,20,42.86,33.33,44.44,28.57
http://statistics.gov.scot/id/statistical-geography/S01010203,Petershill - 01,"","","","","","","","","","","","",9.09,20,28.57,11.11,0,6.67
http://statistics.gov.scot/id/statistical-geography/S01010204,Petershill - 02,"","","","","","","","","","","","",10.53,6.67,8.33,16.67,20,37.5
http://statistics.gov.scot/id/statistical-geography/S01010205,Petershill - 03,"","","","","","","","","","","","",12.5,0,20,14.29,14.29,0.00
http://statistics.gov.scot/id/statistical-geography/S01010206,Petershill - 04,"","","","","","","","","","","","",13.33,25,"","","",""
http://statistics.gov.scot/id/statistical-geography/S01010207,Petershill - 05,"","","","","","","","","","","","",0,4.17,6.25,10.53,0,0.00
http://statistics.gov.scot/id/statistical-geography/S01010208,Petershill - 06,"","","","","","","","","","","","",4.76,10.53,5.26,5.56,0,0.00
http://statistics.gov.scot/id/statistical-geography/S01007977,Piersland - 01,"","","","","","","","","","","","",0,0,0,0,0,0.00
http://statistics.gov.scot/id/statistical-geography/S01007978,Piersland - 02,"","","","","","","","","","","","",6.25,7.69,14.29,9.09,10,0.00
http://statistics.gov.scot/id/statistical-geography/S01007979,Piersland - 03,"","","","","","","","","","","","",0,0,0,0,0,0.00
http://statistics.gov.scot/id/statistical-geography/S01007980,Piersland - 04,"","","","","","","","","","","","",11.11,0,0,0,0,0.00
http://statistics.gov.scot/id/statistical-geography/S01007981,Piersland - 05,"","","","","","","","","","","","",0,0,0,0,0,0.00
http://statistics.gov.scot/id/statistical-geography/S01008813,Pilrig - 01,"","","","","","","","","","","","",12.5,11.11,9.09,23.08,18.75,7.69
http://statistics.gov.scot/id/statistical-geography/S01008814,Pilrig - 02,"","","","","","","","","","","","",0,0,0,0,0,0.00
http://statistics.gov.scot/id/statistical-geography/S01008815,Pilrig - 03,"","","","","","","","","","","","",7.14,7.69,14.29,4,4.17,0.00
http://statistics.gov.scot/id/statistical-geography/S01008816,Pilrig - 04,"","","","","","","","","","","","",0,0,0,0,18.18,12.5
http://statistics.gov.scot/id/statistical-geography/S01009311,Pitbauchlie West,"","","","","","","","","","","","",26.67,33.33,50,69.23,62.5,28.57
http://statistics.gov.scot/id/statistical-geography/S01009360,Pitbauchlie and Pitcorthie North West,"","","","","","","","","","","","",0,0,0,12.5,14.29,11.11
http://statistics.gov.scot/id/statistical-geography/S01009603,Pitcairn,"","","","","","","","","","","","",37.5,33.33,0,0,0,20
http://statistics.gov.scot/id/statistical-geography/S01009355,Pitcorthie Central,"","","","","","","","","","","","",7.14,8.33,8.33,0,0,0.00
http://statistics.gov.scot/id/statistical-geography/S01009356,Pitcorthie East,"","","","","","","","","","","","",7.69,7.69,7.14,0,0,0.00
http://statistics.gov.scot/id/statistical-geography/S01009342,Pitcorthie North,"","","","","","","","","","","","",14.29,11.11,27.27,30.77,33.33,36.36
http://statistics.gov.scot/id/statistical-geography/S01009343,Pitcorthie North East,"","","","","","","","","","","","",0,0,8.33,11.11,15.38,22.22
http://statistics.gov.scot/id/statistical-geography/S01009337,Pitcorthie North West,"","","","","","","","","","","","",10,7.14,21.43,12.5,16.67,0.00
http://statistics.gov.scot/id/statistical-geography/S01009362,Pitcorthie West,"","","","","","","","","","","","",8.33,0,0,0,0,0.00
http://statistics.gov.scot/id/statistical-geography/S01009599,Pitcoudie,"","","","","","","","","","","","",23.08,15.38,7.14,0,7.14,7.69
http://statistics.gov.scot/id/statistical-geography/S01012009,Pitlochry - 01,"","","","","","","","","","","","",25,14.29,16.67,0,0,20
http://statistics.gov.scot/id/statistical-geography/S01012010,Pitlochry - 02,"","","","","","","","","","","","",18.18,16.67,7.14,0,0,0.00
http://statistics.gov.scot/id/statistical-geography/S01012011,Pitlochry - 03,"","","","","","","","","","","","",5.56,0,0,0,5.56,5.56
http://statistics.gov.scot/id/statistical-geography/S01012012,Pitlochry - 04,"","","","","","","","","","","","",0,0,0,0,0,0.00
http://statistics.gov.scot/id/statistical-geography/S01009361,Pitreavie,"","","","","","","","","","","","",11.11,12.5,14.29,12.5,14.29,11.11
http://statistics.gov.scot/id/statistical-geography/S01009358,Pitreavie Castle East and Heathery,"","","","","","","","","","","","",0,0,0,6.67,10,11.11
http://statistics.gov.scot/id/statistical-geography/S01009357,Pitreavie Castle West,"","","","","","","","","","","","",0,7.14,8.33,11.11,0,0.00
http://statistics.gov.scot/id/statistical-geography/S01009299,Pittencrieff,"","","","","","","","","","","","",0,4.76,4.17,4.55,4,10.53
http://statistics.gov.scot/id/statistical-geography/S01009703,Pittenweem East,"","","","","","","","","","","","",12.5,14.29,20,14.29,0,0.00
http://statistics.gov.scot/id/statistical-geography/S01009704,Pittenweem West,"","","","","","","","","","","","",0,7.14,7.69,7.14,0,0.00
http://statistics.gov.scot/id/statistical-geography/S01009583,Pitteuchar Central,"","","","","","","","","","","","",0,0,9.09,33.33,26.67,26.67
http://statistics.gov.scot/id/statistical-geography/S01009582,Pitteuchar North East,"","","","","","","","","","","","",0,0,0,0,0,0.00
http://statistics.gov.scot/id/statistical-geography/S01009586,Pitteuchar South,"","","","","","","","","","","","",0,25,28.57,20,14.29,0.00
http://statistics.gov.scot/id/statistical-geography/S01009581,Pitteuchar South East,"","","","","","","","","","","","",13.33,10,11.11,14.29,12.5,11.11
http://statistics.gov.scot/id/statistical-geography/S01009585,Pitteuchar West,"","","","","","","","","","","","",7.69,0,0,0,0,0.00
http://statistics.gov.scot/id/statistical-geography/S01009580,Pitteuchar Woods,"","","","","","","","","","","","",11.11,0,0,0,0,0.00
http://statistics.gov.scot/id/statistical-geography/S01013025,Plean and Rural SE - 01,"","","","","","","","","","","","",0,0,14.29,10,9.09,0.00
http://statistics.gov.scot/id/statistical-geography/S01013026,Plean and Rural SE - 02,"","","","","","","","","","","","",14.29,13.04,4.35,4.76,0,12.5
http://statistics.gov.scot/id/statistical-geography/S01013027,Plean and Rural SE - 03,"","","","","","","","","","","","",40,21.43,6.25,0,0,9.09
http://statistics.gov.scot/id/statistical-geography/S01013028,Plean and Rural SE - 04,"","","","","","","","","","","","",0,0,0,0,0,0.00
http://statistics.gov.scot/id/statistical-geography/S01009046,Point - 01,"","","","","","","","","","","","",30.77,10.53,10,11.76,18.18,33.33
http://statistics.gov.scot/id/statistical-geography/S01009047,Point - 02,"","","","","","","","","","","","",0,9.09,15.38,15.38,12.5,0.00
http://statistics.gov.scot/id/statistical-geography/S01009048,Point - 03,"","","","","","","","","","","","",0,0,0,0,0,0.00
http://statistics.gov.scot/id/statistical-geography/S01009049,Point - 04,"","","","","","","","","","","","",20,25,25,25,28.57,25
http://statistics.gov.scot/id/statistical-geography/S01009799,Pollok North and East - 01,"","","","","","","","","","","","",25,0,0,25,25,25
http://statistics.gov.scot/id/statistical-geography/S01009800,Pollok North and East - 02,"","","","","","","","","","","","",0,0,15.38,13.33,13.33,7.69
http://statistics.gov.scot/id/statistical-geography/S01009801,Pollok North and East - 03,"","","","","","","","","","","","",17.65,35.71,35.71,14.29,9.09,7.14
http://statistics.gov.scot/id/statistical-geography/S01009802,Pollok North and East - 04,"","","","","","","","","","","","",30.77,22.22,16.67,10,14.29,11.11
http://statistics.gov.scot/id/statistical-geography/S01009803,Pollok North and East - 05,"","","","","","","","","","","","",0,7.69,21.43,33.33,42.86,33.33
http://statistics.gov.scot/id/statistical-geography/S01009804,Pollok North and East - 06,"","","","","","","","","","","","",0,0,0,0,0,0.00
http://statistics.gov.scot/id/statistical-geography/S01009805,Pollok North and East - 07,"","","","","","","","","","","","",40,33.33,28.57,12.5,22.22,20
http://statistics.gov.scot/id/statistical-geography/S01009792,Pollok South and West - 01,"","","","","","","","","","","","",5,0,0,0,0,0.00
http://statistics.gov.scot/id/statistical-geography/S01009793,Pollok South and West - 02,"","","","","","","","","","","","",0,0,0,0,0,0.00
http://statistics.gov.scot/id/statistical-geography/S01009794,Pollok South and West - 03,"","","","","","","","","","","","",0,0,0,0,0,0.00
http://statistics.gov.scot/id/statistical-geography/S01009795,Pollok South and West - 04,"","","","","","","","","","","","",0,0,0,0,0,0.00
http://statistics.gov.scot/id/statistical-geography/S01009796,Pollok South and West - 05,"","","","","","","","","","","","",0,0,0,0,0,0.00
http://statistics.gov.scot/id/statistical-geography/S01009797,Pollok South and West - 06,"","","","","","","","","","","","",18.18,11.11,0,0,0,0.00
http://statistics.gov.scot/id/statistical-geography/S01009798,Pollok South and West - 07,"","","","","","","","","","","","",0,0,0,0,0,0.00
http://statistics.gov.scot/id/statistical-geography/S01009933,Pollokshaws - 01,"","","","","","","","","","","","",0,0,8.33,7.14,11.11,13.33
http://statistics.gov.scot/id/statistical-geography/S01009934,Pollokshaws - 02,"","","","","","","","","","","","",0,0,0,0,0,0.00
http://statistics.gov.scot/id/statistical-geography/S01009935,Pollokshaws - 03,"","","","","","","","","","","","",16.67,16.67,18.18,0,20,28.57
http://statistics.gov.scot/id/statistical-geography/S01009936,Pollokshaws - 04,"","","","","","","","","","","","",0,0,0,0,0,0.00
http://statistics.gov.scot/id/statistical-geography/S01009937,Pollokshaws - 05,"","","","","","","","","","","","",28.57,20,0,0,0,0.00
http://statistics.gov.scot/id/statistical-geography/S01009938,Pollokshaws - 06,"","","","","","","","","","","","",15.38,0,0,0,10,11.11
http://statistics.gov.scot/id/statistical-geography/S01009881,Pollokshields East - 01,"","","","","","","","","","","","",0,0,0,0,0,0.00
http://statistics.gov.scot/id/statistical-geography/S01009882,Pollokshields East - 02,"","","","","","","","","","","","",0,2.44,2.13,2.5,0,0.00
http://statistics.gov.scot/id/statistical-geography/S01009883,Pollokshields East - 03,"","","","","","","","","","","","",0,0,0,0,0,0.00
http://statistics.gov.scot/id/statistical-geography/S01009884,Pollokshields East - 04,"","","","","","","","","","","","",0,3.45,5,5.88,5.56,5.26
http://statistics.gov.scot/id/statistical-geography/S01009885,Pollokshields East - 05,"","","","","","","","","","","","",0,0,0,0,0,0.00
http://statistics.gov.scot/id/statistical-geography/S01009886,Pollokshields East - 06,"","","","","","","","","","","","",6.25,7.14,8.33,5.88,0,0.00
http://statistics.gov.scot/id/statistical-geography/S01009875,Pollokshields West - 01,"","","","","","","","","","","","",10,11.11,5,4.55,4.35,0.00
http://statistics.gov.scot/id/statistical-geography/S01009876,Pollokshields West - 02,"","","","","","","","","","","","",20,30,33.33,50,33.33,33.33
http://statistics.gov.scot/id/statistical-geography/S01009877,Pollokshields West - 03,"","","","","","","","","","","","",0,0,0,0,0,0.00
http://statistics.gov.scot/id/statistical-geography/S01009878,Pollokshields West - 04,"","","","","","","","","","","","",5.56,7.14,6.25,7.69,7.69,0.00
http://statistics.gov.scot/id/statistical-geography/S01009879,Pollokshields West - 05,"","","","","","","","","","","","",0,0,0,0,0,0.00
http://statistics.gov.scot/id/statistical-geography/S01009880,Pollokshields West - 06,"","","","","","","","","","","","",0,0,0,0,0,0.00
http://statistics.gov.scot/id/statistical-geography/S01009205,Polmont - 01,"","","","","","","","","","","","",0,0,0,0,0,0.00
http://statistics.gov.scot/id/statistical-geography/S01009206,Polmont - 02,"","","","","","","","","","","","",9.09,12.5,0,0,0,0.00
http://statistics.gov.scot/id/statistical-geography/S01009207,Polmont - 03,"","","","","","","","","","","","",0,0,0,0,0,0.00
http://statistics.gov.scot/id/statistical-geography/S01009208,Polmont - 04,"","","","","","","","","","","","",0,0,0,0,0,0.00
http://statistics.gov.scot/id/statistical-geography/S01009209,Polmont - 05,"","","","","","","","","","","","",0,0,0,0,0,11.11
http://statistics.gov.scot/id/statistical-geography/S01009210,Polmont - 06,"","","","","","","","","","","","",0,33.33,50,50,0,""
http://statistics.gov.scot/id/statistical-geography/S01008645,Polwarth - 01,"","","","","","","","","","","","",0,0,0,0,0,0.00
http://statistics.gov.scot/id/statistical-geography/S01008646,Polwarth - 02,"","","","","","","","","","","","",0,0,0,0,0,0.00
http://statistics.gov.scot/id/statistical-geography/S01008647,Polwarth - 03,"","","","","","","","","","","","",0,0,0,0,0,0.00
http://statistics.gov.scot/id/statistical-geography/S01008648,Polwarth - 04,"","","","","","","","","","","","",0,0,0,0,0,0.00
http://statistics.gov.scot/id/statistical-geography/S01008649,Polwarth - 05,"","","","","","","","","","","","",0,0,0,0,6.67,18.18
http://statistics.gov.scot/id/statistical-geography/S01008650,Polwarth - 06,"","","","","","","","","","","","",0,0,0,0,0,0.00
http://statistics.gov.scot/id/statistical-geography/S01010916,"Port Glasgow Mid, East and Central - 01","","","","","","","","","","","","",16.67,0,0,0,0,0.00
http://statistics.gov.scot/id/statistical-geography/S01010917,"Port Glasgow Mid, East and Central - 02","","","","","","","","","","","","",22.22,0,0,0,0,0.00
http://statistics.gov.scot/id/statistical-geography/S01010918,"Port Glasgow Mid, East and Central - 03","","","","","","","","","","","","",12.5,20,37.5,33.33,37.5,25
http://statistics.gov.scot/id/statistical-geography/S01010919,"Port Glasgow Mid, East and Central - 04","","","","","","","","","","","","",7.69,10,22.22,22.22,22.22,10
http://statistics.gov.scot/id/statistical-geography/S01010920,"Port Glasgow Mid, East and Central - 05","","","","","","","","","","","","",30.77,35.71,25,12.5,0,0.00
http://statistics.gov.scot/id/statistical-geography/S01010921,"Port Glasgow Mid, East and Central - 06","","","","","","","","","","","","",0,0,0,0,10,9.09
http://statistics.gov.scot/id/statistical-geography/S01010922,"Port Glasgow Mid, East and Central - 07","","","","","","","","","","","","",33.33,33.33,27.27,20,0,14.29
http://statistics.gov.scot/id/statistical-geography/S01010923,Port Glasgow Upper East - 01,"","","","","","","","","","","","",11.11,20,16.67,23.08,13.33,16.67
http://statistics.gov.scot/id/statistical-geography/S01010924,Port Glasgow Upper East - 02,"","","","","","","","","","","","",25,33.33,25,0,0,0.00
http://statistics.gov.scot/id/statistical-geography/S01010925,Port Glasgow Upper East - 03,"","","","","","","","","","","","",14.29,12.5,11.11,0,20,16.67
http://statistics.gov.scot/id/statistical-geography/S01010926,Port Glasgow Upper East - 04,"","","","","","","","","","","","",0,0,10,9.09,7.14,7.69
http://statistics.gov.scot/id/statistical-geography/S01010927,Port Glasgow Upper East - 05,"","","","","","","","","","","","",11.11,14.29,0,25,33.33,25
http://statistics.gov.scot/id/statistical-geography/S01010928,Port Glasgow Upper East - 06,"","","","","","","","","","","","",0,0,20,16.67,10,0.00
http://statistics.gov.scot/id/statistical-geography/S01010929,Port Glasgow Upper East - 07,"","","","","","","","","","","","",0,0,12.5,12.5,11.11,0.00
http://statistics.gov.scot/id/statistical-geography/S01010907,"Port Glasgow Upper, West and Central - 01","","","","","","","","","","","","",0,5.56,9.52,10.53,8.33,0.00
http://statistics.gov.scot/id/statistical-geography/S01010908,"Port Glasgow Upper, West and Central - 02","","","","","","","","","","","","",28.57,11.11,10,9.09,0,0.00
http://statistics.gov.scot/id/statistical-geography/S01010909,"Port Glasgow Upper, West and Central - 03","","","","","","","","","","","","",0,0,0,0,0,0.00
http://statistics.gov.scot/id/statistical-geography/S01010910,"Port Glasgow Upper, West and Central - 04","","","","","","","","","","","","",37.5,25,22.22,0,0,0.00
http://statistics.gov.scot/id/statistical-geography/S01010911,"Port Glasgow Upper, West and Central - 05","","","","","","","","","","","","",12.5,12.5,33.33,40,37.5,14.29
http://statistics.gov.scot/id/statistical-geography/S01010912,"Port Glasgow Upper, West and Central - 06","","","","","","","","","","","","",0,50,28.57,28.57,20,50
http://statistics.gov.scot/id/statistical-geography/S01010913,"Port Glasgow Upper, West and Central - 07","","","","","","","","","","","","",0,0,0,8.33,9.09,9.09
http://statistics.gov.scot/id/statistical-geography/S01010914,"Port Glasgow Upper, West and Central - 08","","","","","","","","","","","","",0,16.67,16.67,12.5,0,0.00
http://statistics.gov.scot/id/statistical-geography/S01010915,"Port Glasgow Upper, West and Central - 09","","","","","","","","","","","","",12.5,12.5,0,0,0,0.00
http://statistics.gov.scot/id/statistical-geography/S01006842,Portlethen - 01,"","","","","","","","","","","","",0,0,0,0,0,0.00
http://statistics.gov.scot/id/statistical-geography/S01006843,Portlethen - 02,"","","","","","","","","","","","",22.22,0,0,0,0,0.00
http://statistics.gov.scot/id/statistical-geography/S01006844,Portlethen - 03,"","","","","","","","","","","","",0,0,0,0,7.69,10
http://statistics.gov.scot/id/statistical-geography/S01006845,Portlethen - 04,"","","","","","","","","","","","",0,0,0,0,0,0.00
http://statistics.gov.scot/id/statistical-geography/S01006846,Portlethen - 05,"","","","","","","","","","","","",0,0,9.09,13.33,15.38,7.69
http://statistics.gov.scot/id/statistical-geography/S01006847,Portlethen - 06,"","","","","","","","","","","","",0,0,0,0,0,0.00
http://statistics.gov.scot/id/statistical-geography/S01008728,Portobello - 01,"","","","","","","","","","","","",0,0,0,0,0,0.00
http://statistics.gov.scot/id/statistical-geography/S01008729,Portobello - 02,"","","","","","","","","","","","",0,0,0,0,0,0.00
http://statistics.gov.scot/id/statistical-geography/S01008730,Portobello - 03,"","","","","","","","","","","","",0,0,0,0,5.88,5
http://statistics.gov.scot/id/statistical-geography/S01008731,Portobello - 04,"","","","","","","","","","","","",25,25,25,25,0,0.00
http://statistics.gov.scot/id/statistical-geography/S01008732,Portobello - 05,"","","","","","","","","","","","",10,0,0,0,0,0.00
http://statistics.gov.scot/id/statistical-geography/S01008733,Portobello - 06,"","","","","","","","","","","","",0,0,0,0,0,0.00
http://statistics.gov.scot/id/statistical-geography/S01007023,"Portsoy, Fordyce and Cornhill - 01","","","","","","","","","","","","",0,0,0,0,0,0.00
http://statistics.gov.scot/id/statistical-geography/S01007024,"Portsoy, Fordyce and Cornhill - 02","","","","","","","","","","","","",12.5,16.67,0,0,0,0.00
http://statistics.gov.scot/id/statistical-geography/S01007025,"Portsoy, Fordyce and Cornhill - 03","","","","","","","","","","","","",0,0,0,0,11.11,10
http://statistics.gov.scot/id/statistical-geography/S01007026,"Portsoy, Fordyce and Cornhill - 04","","","","","","","","","","","","",16.67,20,12.5,0,0,0.00
http://statistics.gov.scot/id/statistical-geography/S01010323,Possil Park - 01,"","","","","","","","","","","","",0,0,0,0,0,0.00
http://statistics.gov.scot/id/statistical-geography/S01010324,Possil Park - 02,"","","","","","","","","","","","",30,23.08,15.38,7.69,20,20
http://statistics.gov.scot/id/statistical-geography/S01010325,Possil Park - 03,"","","","","","","","","","","","",9.09,0,0,11.11,8.33,10
http://statistics.gov.scot/id/statistical-geography/S01010326,Possil Park - 04,"","","","","","","","","","","","",22.22,23.81,22.22,13.33,7.14,6.25
http://statistics.gov.scot/id/statistical-geography/S01010327,Possil Park - 05,"","","","","","","","","","","","",15.79,10.53,13.04,7.69,9.52,0.00
http://statistics.gov.scot/id/statistical-geography/S01010328,Possil Park - 06,"","","","","","","","","","","","",10,5.56,11.76,8.33,33.33,28.57
http://statistics.gov.scot/id/statistical-geography/S01010329,Possil Park - 07,"","","","","","","","","","","","",11.11,0,0,0,0,0.00
http://statistics.gov.scot/id/statistical-geography/S01011833,"Powmill, Cleish and Scotlandwell - 01","","","","","","","","","","","","",0,0,0,0,0,0.00
http://statistics.gov.scot/id/statistical-geography/S01011834,"Powmill, Cleish and Scotlandwell - 02","","","","","","","","","","","","",100,33.33,0,0,0,0.00
http://statistics.gov.scot/id/statistical-geography/S01011835,"Powmill, Cleish and Scotlandwell - 03","","","","","","","","","","","","",16.67,0,0,0,0,14.29
http://statistics.gov.scot/id/statistical-geography/S01011836,"Powmill, Cleish and Scotlandwell - 04","","","","","","","","","","","","",14.29,14.29,0,0,0,0.00
http://statistics.gov.scot/id/statistical-geography/S01011837,"Powmill, Cleish and Scotlandwell - 05","","","","","","","","","","","","",0,0,0,0,0,0.00
http://statistics.gov.scot/id/statistical-geography/S01012319,Preston and Manderston Area,"","","","","","","","","","","","",18.75,7.69,0,12.5,6.67,5.88
http://statistics.gov.scot/id/statistical-geography/S01008595,Prestonfield - 01,"","","","","","","","","","","","",0,0,0,0,20,25
http://statistics.gov.scot/id/statistical-geography/S01008596,Prestonfield - 02,"","","","","","","","","","","","",14.29,12.5,12.5,0,0,0.00
http://statistics.gov.scot/id/statistical-geography/S01008597,Prestonfield - 03,"","","","","","","","","","","","",0,0,0,0,0,0.00
http://statistics.gov.scot/id/statistical-geography/S01008598,Prestonfield - 04,"","","","","","","","","","","","",0,0,0,0,0,16.67
http://statistics.gov.scot/id/statistical-geography/S01009607,Prestonhall,"","","","","","","","","","","","",0,0,0,0,0,0.00
http://statistics.gov.scot/id/statistical-geography/S01012531,Prestwick Airport and Monkton - 01,"","","","","","","","","","","","",9.09,15.38,15.38,7.14,0,0.00
http://statistics.gov.scot/id/statistical-geography/S01012532,Prestwick Airport and Monkton - 02,"","","","","","","","","","","","",0,0,0,0,0,0.00
http://statistics.gov.scot/id/statistical-geography/S01012533,Prestwick Airport and Monkton - 03,"","","","","","","","","","","","",0,0,0,0,0,0.00
http://statistics.gov.scot/id/statistical-geography/S01012534,Prestwick Airport and Monkton - 04,"","","","","","","","","","","","",25,16.67,14.29,12.5,12.5,11.11
http://statistics.gov.scot/id/statistical-geography/S01012524,Prestwick East - 01,"","","","","","","","","","","","",25,0,0,0,0,0.00
http://statistics.gov.scot/id/statistical-geography/S01012525,Prestwick East - 02,"","","","","","","","","","","","",0,0,0,0,0,0.00
http://statistics.gov.scot/id/statistical-geography/S01012526,Prestwick East - 03,"","","","","","","","","","","","",0,0,0,0,0,0.00
http://statistics.gov.scot/id/statistical-geography/S01012527,Prestwick East - 04,"","","","","","","","","","","","",20,0,0,0,0,0.00
http://statistics.gov.scot/id/statistical-geography/S01012528,Prestwick East - 05,"","","","","","","","","","","","",10,11.11,15.38,9.09,17.65,6.67
http://statistics.gov.scot/id/statistical-geography/S01012529,Prestwick East - 06,"","","","","","","","","","","","",0,9.09,16.67,18.18,10,9.09
http://statistics.gov.scot/id/statistical-geography/S01012530,Prestwick East - 07,"","","","","","","","","","","","",0,14.29,12.5,12.5,0,0.00
http://statistics.gov.scot/id/statistical-geography/S01012518,Prestwick West - 01,"","","","","","","","","","","","",0,0,0,0,0,""
http://statistics.gov.scot/id/statistical-geography/S01012519,Prestwick West - 02,"","","","","","","","","","","","",0,0,16.67,25,33.33,0.00
http://statistics.gov.scot/id/statistical-geography/S01012520,Prestwick West - 03,"","","","","","","","","","","","",0,0,0,0,0,0.00
http://statistics.gov.scot/id/statistical-geography/S01012521,Prestwick West - 04,"","","","","","","","","","","","",0,0,0,0,0,0.00
http://statistics.gov.scot/id/statistical-geography/S01012522,Prestwick West - 05,"","","","","","","","","","","","",0,0,0,0,0,0.00
http://statistics.gov.scot/id/statistical-geography/S01012523,Prestwick West - 06,"","","","","","","","","","","","",0,0,0,0,0,0.00
http://statistics.gov.scot/id/statistical-geography/S01013299,Pumpherston and Uphall Station - 01,"","","","","","","","","","","","",42.86,16.67,14.29,0,0,0.00
http://statistics.gov.scot/id/statistical-geography/S01013300,Pumpherston and Uphall Station - 02,"","","","","","","","","","","","",28.57,0,0,0,0,0.00
http://statistics.gov.scot/id/statistical-geography/S01013301,Pumpherston and Uphall Station - 03,"","","","","","","","","","","","",0,40,33.33,50,25,16.67
http://statistics.gov.scot/id/statistical-geography/S01013302,Pumpherston and Uphall Station - 04,"","","","","","","","","","","","",33.33,33.33,50,0,0,0.00
http://statistics.gov.scot/id/statistical-geography/S01009321,Queen Margaret Fauld,"","","","","","","","","","","","",16.67,20,0,0,0,0.00
http://statistics.gov.scot/id/statistical-geography/S01009326,Queen Margaret Hospital,"","","","","","","","","","","","",0,0,20,16.67,16.67,0.00
http://statistics.gov.scot/id/statistical-geography/S01009003,Queensferry East - 01,"","","","","","","","","","","","",0,0,0,0,0,0.00
http://statistics.gov.scot/id/statistical-geography/S01009004,Queensferry East - 02,"","","","","","","","","","","","",14.29,12.5,0,0,16.67,25
http://statistics.gov.scot/id/statistical-geography/S01009005,Queensferry East - 03,"","","","","","","","","","","","",0,0,8.33,8.33,8.33,0.00
http://statistics.gov.scot/id/statistical-geography/S01009006,Queensferry East - 04,"","","","","","","","","","","","",0,0,0,9.09,40,33.33
http://statistics.gov.scot/id/statistical-geography/S01009007,Queensferry East - 05,"","","","","","","","","","","","",12.5,12.5,33.33,16.67,25,0.00
http://statistics.gov.scot/id/statistical-geography/S01009008,Queensferry East - 06,"","","","","","","","","","","","",0,0,0,0,0,0.00
http://statistics.gov.scot/id/statistical-geography/S01009009,Queensferry West - 01,"","","","","","","","","","","","",25,28.57,20,20,12.5,0.00
http://statistics.gov.scot/id/statistical-geography/S01009010,Queensferry West - 02,"","","","","","","","","","","","",0,0,0,0,0,0.00
http://statistics.gov.scot/id/statistical-geography/S01009011,Queensferry West - 03,"","","","","","","","","","","","",0,0,0,0,0,0.00
http://statistics.gov.scot/id/statistical-geography/S01009012,Queensferry West - 04,"","","","","","","","","","","","",0,0,0,0,0,0.00
http://statistics.gov.scot/id/statistical-geography/S01009013,Queensferry West - 05,"","","","","","","","","","","","",14.29,12.5,11.11,0,0,0.00
http://statistics.gov.scot/id/statistical-geography/S01011167,"Rafford, Dallas, Dyke to Dava - 01","","","","","","","","","","","","",0,0,0,0,0,0.00
http://statistics.gov.scot/id/statistical-geography/S01011168,"Rafford, Dallas, Dyke to Dava - 02","","","","","","","","","","","","",0,0,0,0,0,0.00
http://statistics.gov.scot/id/statistical-geography/S01011169,"Rafford, Dallas, Dyke to Dava - 03","","","","","","","","","","","","",0,0,0,5,10.53,14.29
http://statistics.gov.scot/id/statistical-geography/S01011170,"Rafford, Dallas, Dyke to Dava - 04","","","","","","","","","","","","",0,0,0,0,0,0.00
http://statistics.gov.scot/id/statistical-geography/S01009494,Raith,"","","","","","","","","","","","",8.33,7.14,0,0,0,0.00
http://statistics.gov.scot/id/statistical-geography/S01009493,Raith Estate and Southerton,"","","","","","","","","","","","",0,0,0,0,0,0.00
http://statistics.gov.scot/id/statistical-geography/S01009495,Raith and Long Braes,"","","","","","","","","","","","",0,0,0,0,0,0.00
http://statistics.gov.scot/id/statistical-geography/S01012013,Rannoch and Aberfeldy - 01,"","","","","","","","","","","","",0,0,0,0,0,0.00
http://statistics.gov.scot/id/statistical-geography/S01012014,Rannoch and Aberfeldy - 02,"","","","","","","","","","","","",10,12.5,10,0,0,0.00
http://statistics.gov.scot/id/statistical-geography/S01012015,Rannoch and Aberfeldy - 03,"","","","","","","","","","","","",10,0,12.5,12.5,10,0.00
http://statistics.gov.scot/id/statistical-geography/S01012016,Rannoch and Aberfeldy - 04,"","","","","","","","","","","","",28.57,0,0,0,16.67,12.5
http://statistics.gov.scot/id/statistical-geography/S01012017,Rannoch and Aberfeldy - 05,"","","","","","","","","","","","",0,0,0,0,0,0.00
http://statistics.gov.scot/id/statistical-geography/S01012018,Rannoch and Aberfeldy - 06,"","","","","","","","","","","","",0,0,0,0,25,40
http://statistics.gov.scot/id/statistical-geography/S01013072,Raploch - 01,"","","","","","","","","","","","",16.67,14.29,22.22,20,28.57,20
http://statistics.gov.scot/id/statistical-geography/S01013073,Raploch - 02,"","","","","","","","","","","","",2.7,3.03,4.17,11.76,9.52,6.25
http://statistics.gov.scot/id/statistical-geography/S01013074,Raploch - 03,"","","","","","","","","","","","",30.77,11.11,15.38,14.29,13.04,15.38
http://statistics.gov.scot/id/statistical-geography/S01013075,Raploch - 04,"","","","","","","","","","","","",40,37.5,31.58,29.41,26.32,23.08
http://statistics.gov.scot/id/statistical-geography/S01008993,"Ratho, Ingliston and Gogar - 01","","","","","","","","","","","","",0,0,0,0,0,0.00
http://statistics.gov.scot/id/statistical-geography/S01008994,"Ratho, Ingliston and Gogar - 02","","","","","","","","","","","","",0,0,0,0,25,60
http://statistics.gov.scot/id/statistical-geography/S01008995,"Ratho, Ingliston and Gogar - 03","","","","","","","","","","","","",0,50,25,16.67,0,0.00
http://statistics.gov.scot/id/statistical-geography/S01008996,"Ratho, Ingliston and Gogar - 04","","","","","","","","","","","","",0,0,0,0,0,0.00
http://statistics.gov.scot/id/statistical-geography/S01009530,Ravenscraig,"","","","","","","","","","","","",0,0,0,0,0,20
http://statistics.gov.scot/id/statistical-geography/S01009497,Redcraigs,"","","","","","","","","","","","",14.29,15,10.53,11.11,0,15.38
http://statistics.gov.scot/id/statistical-geography/S01009211,Redding - 01,"","","","","","","","","","","","",16.67,22.22,12.5,14.29,0,0.00
http://statistics.gov.scot/id/statistical-geography/S01009212,Redding - 02,"","","","","","","","","","","","",20,10,10,25,23.08,15.38
http://statistics.gov.scot/id/statistical-geography/S01009213,Redding - 03,"","","","","","","","","","","","",42.86,36.36,25,10.53,6.25,0.00
http://statistics.gov.scot/id/statistical-geography/S01009214,Redding - 04,"","","","","","","","","","","","",5.56,5.26,4.76,4.76,5.56,5.56
http://statistics.gov.scot/id/statistical-geography/S01009190,Reddingmuirhead and Overton - 01,"","","","","","","","","","","","",0,0,0,0,0,2.56
http://statistics.gov.scot/id/statistical-geography/S01009191,Reddingmuirhead and Overton - 02,"","","","","","","","","","","","",0,0,0,0,0,0.00
http://statistics.gov.scot/id/statistical-geography/S01009192,Reddingmuirhead and Overton - 03,"","","","","","","","","","","","",28.57,16.67,0,0,0,12.5
http://statistics.gov.scot/id/statistical-geography/S01009193,Reddingmuirhead and Overton - 04,"","","","","","","","","","","","",0,0,0,0,0,0.00
http://statistics.gov.scot/id/statistical-geography/S01012174,Renfrew East - 01,"","","","","","","","","","","","",0,0,0,0,0,0.00
http://statistics.gov.scot/id/statistical-geography/S01012175,Renfrew East - 02,"","","","","","","","","","","","",0,0,0,0,0,0.00
http://statistics.gov.scot/id/statistical-geography/S01012176,Renfrew East - 03,"","","","","","","","","","","","",0,0,16.67,12.5,10,0.00
http://statistics.gov.scot/id/statistical-geography/S01012177,Renfrew East - 04,"","","","","","","","","","","","",0,0,0,0,0,0.00
http://statistics.gov.scot/id/statistical-geography/S01012178,Renfrew East - 05,"","","","","","","","","","","","",20,0,0,0,0,0.00
http://statistics.gov.scot/id/statistical-geography/S01012179,Renfrew East - 06,"","","","","","","","","","","","",16.67,33.33,50,0,0,0.00
http://statistics.gov.scot/id/statistical-geography/S01012180,Renfrew East - 07,"","","","","","","","","","","","",0,0,0,0,0,0.00
http://statistics.gov.scot/id/statistical-geography/S01012181,Renfrew East - 08,"","","","","","","","","","","","",0,7.69,6.67,7.14,0,0.00
http://statistics.gov.scot/id/statistical-geography/S01012182,Renfrew North - 01,"","","","","","","","","","","","",5.56,0,0,0,0,0.00
http://statistics.gov.scot/id/statistical-geography/S01012183,Renfrew North - 02,"","","","","","","","","","","","",3.7,3.57,3.85,0,0,3.85
http://statistics.gov.scot/id/statistical-geography/S01012184,Renfrew North - 03,"","","","","","","","","","","","",9.52,4,3.12,0,0,0.00
http://statistics.gov.scot/id/statistical-geography/S01012185,Renfrew North - 04,"","","","","","","","","","","","",9.09,7.14,6.67,5.88,5.88,0.00
http://statistics.gov.scot/id/statistical-geography/S01012186,Renfrew North - 05,"","","","","","","","","","","","",16.67,16.67,0,0,12.5,12.5
http://statistics.gov.scot/id/statistical-geography/S01012187,Renfrew North - 06,"","","","","","","","","","","","",33.33,33.33,28.57,25,0,0.00
http://statistics.gov.scot/id/statistical-geography/S01012168,Renfrew South - 01,"","","","","","","","","","","","",15.38,20,10,12.5,0,0.00
http://statistics.gov.scot/id/statistical-geography/S01012169,Renfrew South - 02,"","","","","","","","","","","","",0,0,0,0,0,0.00
http://statistics.gov.scot/id/statistical-geography/S01012170,Renfrew South - 03,"","","","","","","","","","","","",0,7.14,14.29,22.22,9.09,0.00
http://statistics.gov.scot/id/statistical-geography/S01012171,Renfrew South - 04,"","","","","","","","","","","","",7.69,8.33,6.25,5.88,0,0.00
http://statistics.gov.scot/id/statistical-geography/S01012172,Renfrew South - 05,"","","","","","","","","","","","",20,14.29,6.25,0,0,0.00
http://statistics.gov.scot/id/statistical-geography/S01012173,Renfrew South - 06,"","","","","","","","","","","","",0,0,0,11.11,14.29,12.5
http://statistics.gov.scot/id/statistical-geography/S01012159,Renfrew West - 01,"","","","","","","","","","","","",33.33,0,0,0,0,0.00
http://statistics.gov.scot/id/statistical-geography/S01012160,Renfrew West - 02,"","","","","","","","","","","","",0,0,0,0,0,0.00
http://statistics.gov.scot/id/statistical-geography/S01012161,Renfrew West - 03,"","","","","","","","","","","","",11.11,0,25,33.33,50,33.33
http://statistics.gov.scot/id/statistical-geography/S01012162,Renfrew West - 04,"","","","","","","","","","","","",8.33,8.7,3.7,0,2.63,3.23
http://statistics.gov.scot/id/statistical-geography/S01012163,Renfrew West - 05,"","","","","","","","","","","","",6.25,5.26,9.52,5.26,8.33,0.00
http://statistics.gov.scot/id/statistical-geography/S01012164,Renfrew West - 06,"","","","","","","","","","","","",4.17,4.55,6.67,0,0,0.00
http://statistics.gov.scot/id/statistical-geography/S01012165,Renfrew West - 07,"","","","","","","","","","","","",8.33,6.67,6.25,0,0,0.00
http://statistics.gov.scot/id/statistical-geography/S01012166,Renfrew West - 08,"","","","","","","","","","","","",0,0,0,0,0,8.33
http://statistics.gov.scot/id/statistical-geography/S01012167,Renfrew West - 09,"","","","","","","","","","","","",13.33,12.5,0,0,0,0.00
http://statistics.gov.scot/id/statistical-geography/S01012028,Renfrewshire Rural North and Langbank - 01,"","","","","","","","","","","","",0,0,0,0,0,0.00
http://statistics.gov.scot/id/statistical-geography/S01012029,Renfrewshire Rural North and Langbank - 02,"","","","","","","","","","","","",8.33,8.33,5.88,3.03,0,0.00
http://statistics.gov.scot/id/statistical-geography/S01012030,Renfrewshire Rural North and Langbank - 03,"","","","","","","","","","","","",0,0,0,0,1.61,1.19
http://statistics.gov.scot/id/statistical-geography/S01012031,Renfrewshire Rural North and Langbank - 04,"","","","","","","","","","","","",0,0,0,0,0,0.00
http://statistics.gov.scot/id/statistical-geography/S01012032,Renfrewshire Rural North and Langbank - 05,"","","","","","","","","","","","","",0,0,0,0,0.00
http://statistics.gov.scot/id/statistical-geography/S01012023,Renfrewshire Rural South and Howwood - 01,"","","","","","","","","","","","",0,0,0,0,0,0.00
http://statistics.gov.scot/id/statistical-geography/S01012024,Renfrewshire Rural South and Howwood - 02,"","","","","","","","","","","","",0,0,0,0,0,0.00
http://statistics.gov.scot/id/statistical-geography/S01012025,Renfrewshire Rural South and Howwood - 03,"","","","","","","","","","","","",33.33,33.33,0,0,0,0.00
http://statistics.gov.scot/id/statistical-geography/S01012026,Renfrewshire Rural South and Howwood - 04,"","","","","","","","","","","","",0,0,0,0,0,0.00
http://statistics.gov.scot/id/statistical-geography/S01012027,Renfrewshire Rural South and Howwood - 05,"","","","","","","","","","","","",0,0,0,0,0,0.00
http://statistics.gov.scot/id/statistical-geography/S01008751,Restalrig (Loganlea) and Craigentinny West - 01,"","","","","","","","","","","","",0,0,0,0,0,0.00
http://statistics.gov.scot/id/statistical-geography/S01008752,Restalrig (Loganlea) and Craigentinny West - 02,"","","","","","","","","","","","",12.5,10,11.11,12.5,16.67,0.00
http://statistics.gov.scot/id/statistical-geography/S01008753,Restalrig (Loganlea) and Craigentinny West - 03,"","","","","","","","","","","","",0,0,0,9.09,0,0.00
http://statistics.gov.scot/id/statistical-geography/S01008754,Restalrig (Loganlea) and Craigentinny West - 04,"","","","","","","","","","","","",12.5,0,0,0,0,0.00
http://statistics.gov.scot/id/statistical-geography/S01008755,Restalrig (Loganlea) and Craigentinny West - 05,"","","","","","","","","","","","",7.14,6.25,5.88,18.18,15.79,18.75
http://statistics.gov.scot/id/statistical-geography/S01008756,Restalrig and Lochend - 01,"","","","","","","","","","","","",11.11,0,0,0,0,0.00
http://statistics.gov.scot/id/statistical-geography/S01008757,Restalrig and Lochend - 02,"","","","","","","","","","","","",25,16.67,18.18,28.57,35.71,22.22
http://statistics.gov.scot/id/statistical-geography/S01008758,Restalrig and Lochend - 03,"","","","","","","","","","","","",12.5,11.11,18.18,12.5,16.67,0.00
http://statistics.gov.scot/id/statistical-geography/S01008759,Restalrig and Lochend - 04,"","","","","","","","","","","","",33.33,12.5,0,0,0,14.29
http://statistics.gov.scot/id/statistical-geography/S01008760,Restalrig and Lochend - 05,"","","","","","","","","","","","",25,37.5,33.33,25,12.5,0.00
http://statistics.gov.scot/id/statistical-geography/S01008761,Restalrig and Lochend - 06,"","","","","","","","","","","","",0,0,0,7.14,7.69,9.09
http://statistics.gov.scot/id/statistical-geography/S01012312,Reston and Coldingham Moor Area,"","","","","","","","","","","","",21.43,9.09,12.5,10,8.33,0.00
http://statistics.gov.scot/id/statistical-geography/S01007494,Rhins North - 01,"","","","","","","","","","","","",11.11,16.67,12.5,14.29,0,0.00
http://statistics.gov.scot/id/statistical-geography/S01007495,Rhins North - 02,"","","","","","","","","","","","",0,0,0,0,0,0.00
http://statistics.gov.scot/id/statistical-geography/S01007496,Rhins North - 03,"","","","","","","","","","","","",0,0,0,0,0,0.00
http://statistics.gov.scot/id/statistical-geography/S01007497,Rhins North - 04,"","","","","","","","","","","","",16.67,16.67,16.67,16.67,16.67,12.5
http://statistics.gov.scot/id/statistical-geography/S01007498,Rhins North - 05,"","","","","","","","","","","","",14.29,0,0,0,0,0.00
http://statistics.gov.scot/id/statistical-geography/S01007499,Rhins South - 01,"","","","","","","","","","","","",33.33,18.18,12.5,12.5,16.67,0.00
http://statistics.gov.scot/id/statistical-geography/S01007500,Rhins South - 02,"","","","","","","","","","","","",0,0,0,0,0,0.00
http://statistics.gov.scot/id/statistical-geography/S01007501,Rhins South - 03,"","","","","","","","","","","","",0,25,33.33,66.67,50,50
http://statistics.gov.scot/id/statistical-geography/S01010172,Riddrie and Hogganfield - 01,"","","","","","","","","","","","",0,0,25,16.67,14.29,0.00
http://statistics.gov.scot/id/statistical-geography/S01010173,Riddrie and Hogganfield - 02,"","","","","","","","","","","","",7.69,8.33,8.33,11.11,0,7.69
http://statistics.gov.scot/id/statistical-geography/S01010174,Riddrie and Hogganfield - 03,"","","","","","","","","","","","",10,0,0,25,16.67,16.67
http://statistics.gov.scot/id/statistical-geography/S01010175,Riddrie and Hogganfield - 04,"","","","","","","","","","","","",0,20,11.11,8.33,0,6.67
http://statistics.gov.scot/id/statistical-geography/S01010176,Riddrie and Hogganfield - 05,"","","","","","","","","","","","",0,0,0,0,0,0.00
http://statistics.gov.scot/id/statistical-geography/S01010177,Riddrie and Hogganfield - 06,"","","","","","","","","","","","",57.14,16.67,7.69,13.33,11.11,21.43
http://statistics.gov.scot/id/statistical-geography/S01010178,Riddrie and Hogganfield - 07,"","","","","","","","","","","","",19.05,13.04,14.29,17.65,27.27,30.77
http://statistics.gov.scot/id/statistical-geography/S01009570,Rimbleton East,"","","","","","","","","","","","",33.33,10,16.67,10,14.29,0.00
http://statistics.gov.scot/id/statistical-geography/S01009569,Rimbleton North,"","","","","","","","","","","","",16.67,14.29,8.33,13.33,15.38,9.09
http://statistics.gov.scot/id/statistical-geography/S01009568,Rimbleton West,"","","","","","","","","","","","",27.27,25,21.43,28.57,13.33,13.33
http://statistics.gov.scot/id/statistical-geography/S01010186,Robroyston and Millerston - 01,"","","","","","","","","","","","",0,0,0,8.33,8.33,10
http://statistics.gov.scot/id/statistical-geography/S01010187,Robroyston and Millerston - 02,"","","","","","","","","","","","",0,0,0,0,0,0.00
http://statistics.gov.scot/id/statistical-geography/S01010188,Robroyston and Millerston - 03,"","","","","","","","","","","","",0,0,0,0,0,0.00
http://statistics.gov.scot/id/statistical-geography/S01010189,Robroyston and Millerston - 04,"","","","","","","","","","","","",0,0,0,0,5.88,5.26
http://statistics.gov.scot/id/statistical-geography/S01010190,Robroyston and Millerston - 05,"","","","","","","","","","","","",0,0,6.25,8.33,7.69,0.00
http://statistics.gov.scot/id/statistical-geography/S01010191,Robroyston and Millerston - 06,"","","","","","","","","","","","",0,0,7.14,11.11,7.14,0.00
http://statistics.gov.scot/id/statistical-geography/S01010192,Robroyston and Millerston - 07,"","","","","","","","","","","","",0,0,0,0,0,0.00
http://statistics.gov.scot/id/statistical-geography/S01010193,Robroyston and Millerston - 08,"","","","","","","","","","","","",0,0,14.29,11.11,12.5,0.00
http://statistics.gov.scot/id/statistical-geography/S01008141,Rosebank and Waterside - 01,"","","","","","","","","","","","",0,0,0,0,0,0.00
http://statistics.gov.scot/id/statistical-geography/S01008142,Rosebank and Waterside - 02,"","","","","","","","","","","","",0,0,9.09,7.14,7.69,0.00
http://statistics.gov.scot/id/statistical-geography/S01008143,Rosebank and Waterside - 03,"","","","","","","","","","","","",9.09,11.11,10,16.67,16.67,7.69
http://statistics.gov.scot/id/statistical-geography/S01008144,Rosebank and Waterside - 04,"","","","","","","","","","","","",0,0,0,0,0,0.00
http://statistics.gov.scot/id/statistical-geography/S01007103,Rosehearty and Strathbeg - 01,"","","","","","","","","","","","",0,9.09,10,7.69,9.09,11.11
http://statistics.gov.scot/id/statistical-geography/S01007104,Rosehearty and Strathbeg - 02,"","","","","","","","","","","","",0,0,0,0,100,100
http://statistics.gov.scot/id/statistical-geography/S01007105,Rosehearty and Strathbeg - 03,"","","","","","","","","","","","",25,0,0,0,0,0.00
http://statistics.gov.scot/id/statistical-geography/S01007106,Rosehearty and Strathbeg - 04,"","","","","","","","","","","","",9.09,10,11.11,0,0,0.00
http://statistics.gov.scot/id/statistical-geography/S01007107,Rosehearty and Strathbeg - 05,"","","","","","","","","","","","",0,0,0,0,0,0.00
http://statistics.gov.scot/id/statistical-geography/S01007108,Rosehearty and Strathbeg - 06,"","","","","","","","","","","","",22.22,0,0,0,0,6.67
http://statistics.gov.scot/id/statistical-geography/S01007109,Rosehearty and Strathbeg - 07,"","","","","","","","","","","","",37.5,22.22,10,25,23.08,33.33
http://statistics.gov.scot/id/statistical-geography/S01007110,Rosehearty and Strathbeg - 08,"","","","","","","","","","","","",8.33,8.33,0,11.11,20,27.27
http://statistics.gov.scot/id/statistical-geography/S01007111,Rosehearty and Strathbeg - 09,"","","","","","","","","","","","",33.33,25,14.29,0,0,25
http://statistics.gov.scot/id/statistical-geography/S01006564,Rosemount - 01,"","","","","","","","","","","","",7.14,8,5.88,0,12.5,15.38
http://statistics.gov.scot/id/statistical-geography/S01006565,Rosemount - 02,"","","","","","","","","","","","",0,0,0,0,0,0.00
http://statistics.gov.scot/id/statistical-geography/S01006566,Rosemount - 03,"","","","","","","","","","","","",4.76,4,0,0,8.33,0.00
http://statistics.gov.scot/id/statistical-geography/S01006567,Rosemount - 04,"","","","","","","","","","","","",0,7.14,12.5,12.5,12.5,0.00
http://statistics.gov.scot/id/statistical-geography/S01006568,Rosemount - 05,"","","","","","","","","","","","",0,0,0,0,0,0.00
http://statistics.gov.scot/id/statistical-geography/S01006569,Rosemount - 06,"","","","","","","","","","","","",0,0,0,0,0,0.00
http://statistics.gov.scot/id/statistical-geography/S01006570,Rosemount - 07,"","","","","","","","","","","","",0,0,0,0,0,0.00
http://statistics.gov.scot/id/statistical-geography/S01010957,Roslin and Bilston - 01,"","","","","","","","","","","","",33.33,0,0,0,0,0.00
http://statistics.gov.scot/id/statistical-geography/S01010958,Roslin and Bilston - 02,"","","","","","","","","","","","",33.33,33.33,20,20,0,0.00
http://statistics.gov.scot/id/statistical-geography/S01010959,Roslin and Bilston - 03,"","","","","","","","","","","","",12.5,11.11,12.5,11.11,11.11,0.00
http://statistics.gov.scot/id/statistical-geography/S01010960,Roslin and Bilston - 04,"","","","","","","","","","","","",14.29,25,20,16.67,0,0.00
http://statistics.gov.scot/id/statistical-geography/S01010961,Roslin and Bilston - 05,"","","","","","","","","","","","",25,40,50,33.33,0,0.00
http://statistics.gov.scot/id/statistical-geography/S01010695,Ross and Cromarty Central - 01,"","","","","","","","","","","","",16.67,16.67,16.67,0,0,0.00
http://statistics.gov.scot/id/statistical-geography/S01010696,Ross and Cromarty Central - 02,"","","","","","","","","","","","",0,0,0,0,0,0.00
http://statistics.gov.scot/id/statistical-geography/S01010697,Ross and Cromarty Central - 03,"","","","","","","","","","","","",0,0,0,0,0,0.00
http://statistics.gov.scot/id/statistical-geography/S01010698,Ross and Cromarty Central - 04,"","","","","","","","","","","","",16.67,7.69,8.33,0,0,0.00
http://statistics.gov.scot/id/statistical-geography/S01010699,Ross and Cromarty East - 01,"","","","","","","","","","","","",0,0,0,0,0,0.00
http://statistics.gov.scot/id/statistical-geography/S01010700,Ross and Cromarty East - 02,"","","","","","","","","","","","",0,0,0,0,0,0.00
http://statistics.gov.scot/id/statistical-geography/S01010701,Ross and Cromarty East - 03,"","","","","","","","","","","","",7.69,15.38,10,10,0,0.00
http://statistics.gov.scot/id/statistical-geography/S01010702,Ross and Cromarty East - 04,"","","","","","","","","","","","",0,0,0,16.67,9.09,9.09
http://statistics.gov.scot/id/statistical-geography/S01010690,Ross and Cromarty North West - 01,"","","","","","","","","","","","",12.5,12.5,11.11,20,0,0.00
http://statistics.gov.scot/id/statistical-geography/S01010691,Ross and Cromarty North West - 02,"","","","","","","","","","","","",0,0,0,0,0,0.00
http://statistics.gov.scot/id/statistical-geography/S01010692,Ross and Cromarty North West - 03,"","","","","","","","","","","","",0,12.5,11.11,16.67,25,25
http://statistics.gov.scot/id/statistical-geography/S01010693,Ross and Cromarty North West - 04,"","","","","","","","","","","","",0,0,0,0,0,0.00
http://statistics.gov.scot/id/statistical-geography/S01010694,Ross and Cromarty North West - 05,"","","","","","","","","","","","",0,0,33.33,50,100,0.00
http://statistics.gov.scot/id/statistical-geography/S01010686,Ross and Cromarty South West - 01,"","","","","","","","","","","","",0,0,0,33.33,33.33,50
http://statistics.gov.scot/id/statistical-geography/S01010687,Ross and Cromarty South West - 02,"","","","","","","","","","","","",0,0,0,20,12.5,16.67
http://statistics.gov.scot/id/statistical-geography/S01010688,Ross and Cromarty South West - 03,"","","","","","","","","","","","",0,0,0,0,0,0.00
http://statistics.gov.scot/id/statistical-geography/S01010689,Ross and Cromarty South West - 04,"","","","","","","","","","","","",0,0,0,0,0,0.00
http://statistics.gov.scot/id/statistical-geography/S01009363,Rosyth Camdean,"","","","","","","","","","","","",20,16.67,33.33,27.27,33.33,13.33
http://statistics.gov.scot/id/statistical-geography/S01009377,Rosyth Dockyard and Castle,"","","","","","","","","","","","",20,13.33,15,17.39,15.79,10
http://statistics.gov.scot/id/statistical-geography/S01009369,Rosyth Kings East,"","","","","","","","","","","","",16.67,20,28.57,14.29,11.11,0.00
http://statistics.gov.scot/id/statistical-geography/S01009366,Rosyth Kings North,"","","","","","","","","","","","",10,9.09,0,0,0,0.00
http://statistics.gov.scot/id/statistical-geography/S01009373,Rosyth Kings South,"","","","","","","","","","","","",20,15,13.33,14.29,16.67,7.69
http://statistics.gov.scot/id/statistical-geography/S01009378,Rosyth Pease Hill East,"","","","","","","","","","","","",11.76,13.64,11.11,17.65,8.33,9.09
http://statistics.gov.scot/id/statistical-geography/S01009379,Rosyth Pease Hill North,"","","","","","","","","","","","",17.39,19.05,10.53,5.56,0,0.00
http://statistics.gov.scot/id/statistical-geography/S01009380,Rosyth Pease Hill South,"","","","","","","","","","","","",8.33,8.33,0,0,14.29,25
http://statistics.gov.scot/id/statistical-geography/S01009368,Rosyth Wilderness East,"","","","","","","","","","","","",16.67,0,0,0,40,40
http://statistics.gov.scot/id/statistical-geography/S01009370,Rosyth Wilderness North,"","","","","","","","","","","","",27.27,0,0,0,0,0.00
http://statistics.gov.scot/id/statistical-geography/S01007344,Rothesay Town - 01,"","","","","","","","","","","","",0,0,0,0,50,25
http://statistics.gov.scot/id/statistical-geography/S01007345,Rothesay Town - 02,"","","","","","","","","","","","",10,0,0,0,0,0.00
http://statistics.gov.scot/id/statistical-geography/S01007346,Rothesay Town - 03,"","","","","","","","","","","","",18.18,12.5,0,16.67,25,20
http://statistics.gov.scot/id/statistical-geography/S01007347,Rothesay Town - 04,"","","","","","","","","","","","",21.43,8.33,0,0,8.33,14.29
http://statistics.gov.scot/id/statistical-geography/S01007348,Rothesay Town - 05,"","","","","","","","","","","","",25,25,16.67,12.5,14.29,16.67
http://statistics.gov.scot/id/statistical-geography/S01007349,Rothesay Town - 06,"","","","","","","","","","","","",16.67,0,0,0,0,0.00
http://statistics.gov.scot/id/statistical-geography/S01007350,Rothesay Town - 07,"","","","","","","","","","","","",11.11,0,0,0,0,0.00
http://statistics.gov.scot/id/statistical-geography/S01012343,Roxburgh Heiton Eckford Area,"","","","","","","","","","","","",0,0,0,0,0,0.00
http://statistics.gov.scot/id/statistical-geography/S01010228,"Roystonhill, Blochairn, and Provanmill - 01","","","","","","","","","","","","",14.29,16,15,13.33,0,0.00
http://statistics.gov.scot/id/statistical-geography/S01010229,"Roystonhill, Blochairn, and Provanmill - 02","","","","","","","","","","","","",0,0,8.33,15,17.39,9.09
http://statistics.gov.scot/id/statistical-geography/S01010230,"Roystonhill, Blochairn, and Provanmill - 03","","","","","","","","","","","","",0,4.76,5,5.26,0,0.00
http://statistics.gov.scot/id/statistical-geography/S01010231,"Roystonhill, Blochairn, and Provanmill - 04","","","","","","","","","","","","",10,18.75,20,17.65,10.53,8.7
http://statistics.gov.scot/id/statistical-geography/S01010232,"Roystonhill, Blochairn, and Provanmill - 05","","","","","","","","","","","","",14.29,4.76,0,0,22.22,33.33
http://statistics.gov.scot/id/statistical-geography/S01010233,"Roystonhill, Blochairn, and Provanmill - 06","","","","","","","","","","","","",21.05,12.5,0,0,6.25,6.25
http://statistics.gov.scot/id/statistical-geography/S01010315,Ruchill - 01,"","","","","","","","","","","","",10,6.25,0,0,0,8.33
http://statistics.gov.scot/id/statistical-geography/S01010316,Ruchill - 02,"","","","","","","","","","","","",9.09,10,9.09,0,0,0.00
http://statistics.gov.scot/id/statistical-geography/S01010317,Ruchill - 03,"","","","","","","","","","","","",0,0,0,5,5.26,5.88
http://statistics.gov.scot/id/statistical-geography/S01010318,Ruchill - 04,"","","","","","","","","","","","",7.69,4.76,4.35,5.26,0,6.67
http://statistics.gov.scot/id/statistical-geography/S01010319,Ruchill - 05,"","","","","","","","","","","","",0,0,5.56,7.14,7.14,0.00
http://statistics.gov.scot/id/statistical-geography/S01010320,Ruchill - 06,"","","","","","","","","","","","",23.08,12.5,14.29,9.09,6.67,0.00
http://statistics.gov.scot/id/statistical-geography/S01010321,Ruchill - 07,"","","","","","","","","","","","",10.53,0,0,0,0,7.69
http://statistics.gov.scot/id/statistical-geography/S01010322,Ruchill - 08,"","","","","","","","","","","","",0,0,0,0,0,0.00
http://statistics.gov.scot/id/statistical-geography/S01011055,Rural Keith and Strathisla - 01,"","","","","","","","","","","","",0,0,0,0,0,0.00
http://statistics.gov.scot/id/statistical-geography/S01011056,Rural Keith and Strathisla - 02,"","","","","","","","","","","","",14.29,16.67,0,0,0,0.00
http://statistics.gov.scot/id/statistical-geography/S01011057,Rural Keith and Strathisla - 03,"","","","","","","","","","","","",0,0,14.29,33.33,40,25
http://statistics.gov.scot/id/statistical-geography/S01011058,Rural Keith and Strathisla - 04,"","","","","","","","","","","","",0,0,25,20,0,0.00
http://statistics.gov.scot/id/statistical-geography/S01011059,Rural Keith and Strathisla - 05,"","","","","","","","","","","","",14.29,16.67,20,33.33,25,33.33
http://statistics.gov.scot/id/statistical-geography/S01010930,Rural South Midlothian - 01,"","","","","","","","","","","","",0,20,11.11,11.11,0,0.00
http://statistics.gov.scot/id/statistical-geography/S01010931,Rural South Midlothian - 02,"","","","","","","","","","","","",50,14.29,0,0,0,0.00
http://statistics.gov.scot/id/statistical-geography/S01010932,Rural South Midlothian - 03,"","","","","","","","","","","","",0,33.33,16.67,16.67,0,0.00
http://statistics.gov.scot/id/statistical-geography/S01010933,Rural South Midlothian - 04,"","","","","","","","","","","","",0,0,0,16.67,16.67,12.5
http://statistics.gov.scot/id/statistical-geography/S01009273,Saline North,"","","","","","","","","","","","",0,0,0,0,0,0.00
http://statistics.gov.scot/id/statistical-geography/S01009274,Saline South,"","","","","","","","","","","","",20,20,20,16.67,33.33,14.29
http://statistics.gov.scot/id/statistical-geography/S01011237,Saltcoats Central - 01,"","","","","","","","","","","","",33.33,27.27,25,12.5,20,20
http://statistics.gov.scot/id/statistical-geography/S01011238,Saltcoats Central - 02,"","","","","","","","","","","","",20,26.67,37.5,12.5,0,33.33
http://statistics.gov.scot/id/statistical-geography/S01011239,Saltcoats Central - 03,"","","","","","","","","","","","",30.77,21.43,20,0,11.11,9.09
http://statistics.gov.scot/id/statistical-geography/S01011240,Saltcoats Central - 04,"","","","","","","","","","","","",12.5,7.14,22.22,33.33,40,16.67
http://statistics.gov.scot/id/statistical-geography/S01011241,Saltcoats Central - 05,"","","","","","","","","","","","",31.25,25,18.75,25,25,26.67
http://statistics.gov.scot/id/statistical-geography/S01011261,Saltcoats North East - 01,"","","","","","","","","","","","",0,25,42.86,33.33,14.29,0.00
http://statistics.gov.scot/id/statistical-geography/S01011262,Saltcoats North East - 02,"","","","","","","","","","","","",0,0,0,0,25,25
http://statistics.gov.scot/id/statistical-geography/S01011263,Saltcoats North East - 03,"","","","","","","","","","","","",10.71,5,4.17,4,4.17,8.33
http://statistics.gov.scot/id/statistical-geography/S01011264,Saltcoats North East - 04,"","","","","","","","","","","","",20,10,16.67,25,28.57,40
http://statistics.gov.scot/id/statistical-geography/S01011265,Saltcoats North East - 05,"","","","","","","","","","","","",15.79,8.33,8.33,0,14.29,22.22
http://statistics.gov.scot/id/statistical-geography/S01011266,Saltcoats North East - 06,"","","","","","","","","","","","",12.5,22.22,25,20,14.29,12.5
http://statistics.gov.scot/id/statistical-geography/S01011255,Saltcoats North West - 01,"","","","","","","","","","","","",0,0,10,10,12.5,0.00
http://statistics.gov.scot/id/statistical-geography/S01011256,Saltcoats North West - 02,"","","","","","","","","","","","",0,0,0,0,0,0.00
http://statistics.gov.scot/id/statistical-geography/S01011257,Saltcoats North West - 03,"","","","","","","","","","","","",0,"",0,0,0,""
http://statistics.gov.scot/id/statistical-geography/S01011258,Saltcoats North West - 04,"","","","","","","","","","","","",0,0,0,0,0,0.00
http://statistics.gov.scot/id/statistical-geography/S01011259,Saltcoats North West - 05,"","","","","","","","","","","","",100,50,40,40,20,0.00
http://statistics.gov.scot/id/statistical-geography/S01011260,Saltcoats North West - 06,"","","","","","","","","","","","",0,0,0,0,0,0.00
http://statistics.gov.scot/id/statistical-geography/S01007454,Sauchie - 01,"","","","","","","","","","","","",60,50,30,8.33,9.09,14.29
http://statistics.gov.scot/id/statistical-geography/S01007455,Sauchie - 02,"","","","","","","","","","","","",12.5,18.18,26.32,22.22,13.33,6.25
http://statistics.gov.scot/id/statistical-geography/S01007456,Sauchie - 03,"","","","","","","","","","","","",11.43,10,20,11.11,12.5,4.76
http://statistics.gov.scot/id/statistical-geography/S01007457,Sauchie - 04,"","","","","","","","","","","","",6.25,7.69,9.09,12.5,11.76,6.25
http://statistics.gov.scot/id/statistical-geography/S01007458,Sauchie - 05,"","","","","","","","","","","","",0,0,0,0,0,0.00
http://statistics.gov.scot/id/statistical-geography/S01007459,Sauchie - 06,"","","","","","","","","","","","",0,0,0,0,10,14.29
http://statistics.gov.scot/id/statistical-geography/S01007460,Sauchie - 07,"","","","","","","","","","","","",7.14,0,20,36.36,45.45,44.44
http://statistics.gov.scot/id/statistical-geography/S01011949,Scone - 01,"","","","","","","","","","","","",20,0,0,0,0,50
http://statistics.gov.scot/id/statistical-geography/S01011950,Scone - 02,"","","","","","","","","","","","",20,20,0,0,0,0.00
http://statistics.gov.scot/id/statistical-geography/S01011951,Scone - 03,"","","","","","","","","","","","",12.5,0,0,0,0,0.00
http://statistics.gov.scot/id/statistical-geography/S01011952,Scone - 04,"","","","","","","","","","","","",0,0,0,0,0,0.00
http://statistics.gov.scot/id/statistical-geography/S01011953,Scone - 05,"","","","","","","","","","","","",0,0,0,0,0,0.00
http://statistics.gov.scot/id/statistical-geography/S01011954,Scone - 06,"","","","","","","","","","","","",0,40,50,75,20,0.00
http://statistics.gov.scot/id/statistical-geography/S01011955,Scone - 07,"","","","","","","","","","","","",0,0,9.09,10,16.67,0.00
http://statistics.gov.scot/id/statistical-geography/S01009640,Scoonie South,"","","","","","","","","","","","",11.11,0,11.11,11.11,20,11.11
http://statistics.gov.scot/id/statistical-geography/S01010427,Scotstoun North and East - 01,"","","","","","","","","","","","",27.78,21.43,11.11,9.09,7.69,0.00
http://statistics.gov.scot/id/statistical-geography/S01010428,Scotstoun North and East - 02,"","","","","","","","","","","","",9.09,11.11,0,0,0,0.00
http://statistics.gov.scot/id/statistical-geography/S01010429,Scotstoun North and East - 03,"","","","","","","","","","","","",0,0,0,0,0,0.00
http://statistics.gov.scot/id/statistical-geography/S01010430,Scotstoun North and East - 04,"","","","","","","","","","","","",0,6.67,5,9.09,4.76,6.67
http://statistics.gov.scot/id/statistical-geography/S01010431,Scotstoun North and East - 05,"","","","","","","","","","","","",0,0,0,0,0,0.00
http://statistics.gov.scot/id/statistical-geography/S01010432,Scotstoun South and West - 01,"","","","","","","","","","","","",8.33,0,0,0,0,0.00
http://statistics.gov.scot/id/statistical-geography/S01010433,Scotstoun South and West - 02,"","","","","","","","","","","","",7.69,12.5,20,75,57.14,66.67
http://statistics.gov.scot/id/statistical-geography/S01010434,Scotstoun South and West - 03,"","","","","","","","","","","","",16.67,7.69,7.69,20,30.77,28.57
http://statistics.gov.scot/id/statistical-geography/S01010435,Scotstoun South and West - 04,"","","","","","","","","","","","",16.67,0,0,10,7.69,8.33
http://statistics.gov.scot/id/statistical-geography/S01010436,Scotstoun South and West - 05,"","","","","","","","","","","","",15.79,6.25,12.5,0,9.09,6.25
http://statistics.gov.scot/id/statistical-geography/S01010746,Seaboard - 01,"","","","","","","","","","","","",0,0,0,0,0,0.00
http://statistics.gov.scot/id/statistical-geography/S01010747,Seaboard - 02,"","","","","","","","","","","","",22.22,22.22,0,0,11.11,16.67
http://statistics.gov.scot/id/statistical-geography/S01010748,Seaboard - 03,"","","","","","","","","","","","",0,0,0,0,0,0.00
http://statistics.gov.scot/id/statistical-geography/S01010749,Seaboard - 04,"","","","","","","","","","","","",37.5,28.57,28.57,0,0,0.00
http://statistics.gov.scot/id/statistical-geography/S01010750,Seaboard - 05,"","","","","","","","","","","","",0,0,0,0,0,0.00
http://statistics.gov.scot/id/statistical-geography/S01010751,Seaboard - 06,"","","","","","","","","","","","",35.71,33.33,21.43,15.38,16.67,11.11
http://statistics.gov.scot/id/statistical-geography/S01011739,Seafar - 01,"","","","","","","","","","","","",0,14.29,12.5,33.33,18.18,20
http://statistics.gov.scot/id/statistical-geography/S01011740,Seafar - 02,"","","","","","","","","","","","",25,44.44,37.5,16.67,28.57,25
http://statistics.gov.scot/id/statistical-geography/S01011741,Seafar - 03,"","","","","","","","","","","","",25,0,11.11,22.22,28.57,20
http://statistics.gov.scot/id/statistical-geography/S01011742,Seafar - 04,"","","","","","","","","","","","",0,0,0,0,0,0.00
http://statistics.gov.scot/id/statistical-geography/S01011743,Seafar - 05,"","","","","","","","","","","","",4.55,5.56,0,0,0,0.00
http://statistics.gov.scot/id/statistical-geography/S01013354,Seafield - 01,"","","","","","","","","","","","",0,25,16.67,16.67,0,0.00
http://statistics.gov.scot/id/statistical-geography/S01013355,Seafield - 02,"","","","","","","","","","","","",40,25,0,0,0,0.00
http://statistics.gov.scot/id/statistical-geography/S01013356,Seafield - 03,"","","","","","","","","","","","",33.33,10,0,20,33.33,33.33
http://statistics.gov.scot/id/statistical-geography/S01009475,Seafield Central,"","","","","","","","","","","","",0,0,0,0,0,0.00
http://statistics.gov.scot/id/statistical-geography/S01009476,Seafield South and Landward,"","","","","","","","","","","","",0,0,0,0,0,0.00
http://statistics.gov.scot/id/statistical-geography/S01006666,Seaton - 01,"","","","","","","","","","","","",25,23.53,11.11,12.5,5.26,0.00
http://statistics.gov.scot/id/statistical-geography/S01006667,Seaton - 02,"","","","","","","","","","","","",6.67,0,0,0,14.29,15.79
http://statistics.gov.scot/id/statistical-geography/S01006668,Seaton - 03,"","","","","","","","","","","","",0,0,0,0,0,0.00
http://statistics.gov.scot/id/statistical-geography/S01006669,Seaton - 04,"","","","","","","","","","","","",4.55,5.88,0,0,0,16.67
http://statistics.gov.scot/id/statistical-geography/S01006670,Seaton - 05,"","","","","","","","","","","","",14.29,9.09,0,0,0,0.00
http://statistics.gov.scot/id/statistical-geography/S01012386,Selkirk - Bannerfield,"","","","","","","","","","","","",5.56,11.11,5.88,13.04,11.11,18.75
http://statistics.gov.scot/id/statistical-geography/S01012384,Selkirk - Dunsdale,"","","","","","","","","","","","",0,0,0,0,0,0.00
http://statistics.gov.scot/id/statistical-geography/S01012385,Selkirk - Heatherlie,"","","","","","","","","","","","",11.11,12.5,28.57,16.67,25,0.00
http://statistics.gov.scot/id/statistical-geography/S01012382,Selkirk - Hillside Terrace,"","","","","","","","","","","","",0,0,14.29,16.67,14.29,9.09
http://statistics.gov.scot/id/statistical-geography/S01012380,Selkirk - Shawburn,"","","","","","","","","","","","",9.09,12.5,16.67,"",0,12.5
http://statistics.gov.scot/id/statistical-geography/S01012383,Selkirk - Shawpark,"","","","","","","","","","","","",0,0,0,0,0,0.00
http://statistics.gov.scot/id/statistical-geography/S01012381,Selkirk - Town Centre,"","","","","","","","","","","","",4.76,0,0,0,0,0.00
http://statistics.gov.scot/id/statistical-geography/S01008502,Shandon - 01,"","","","","","","","","","","","",0,0,0,0,0,0.00
http://statistics.gov.scot/id/statistical-geography/S01008503,Shandon - 02,"","","","","","","","","","","","",0,0,0,0,0,0.00
http://statistics.gov.scot/id/statistical-geography/S01008504,Shandon - 03,"","","","","","","","","","","","",0,0,0,3.7,4.35,3.7
http://statistics.gov.scot/id/statistical-geography/S01008505,Shandon - 04,"","","","","","","","","","","","",0,0,0,0,0,0.00
http://statistics.gov.scot/id/statistical-geography/S01008506,Shandon - 05,"","","","","","","","","","","","",0,0,0,0,0,0.00
http://statistics.gov.scot/id/statistical-geography/S01008507,Shandon - 06,"","","","","","","","","","","","",0,0,10,6.67,5.88,0.00
http://statistics.gov.scot/id/statistical-geography/S01011000,Shawfair - 01,"","","","","","","","","","","","",25,16.67,14.29,8.33,11.11,3.7
http://statistics.gov.scot/id/statistical-geography/S01011001,Shawfair - 02,"","","","","","","","","","","","",0,33.33,22.22,16.67,11.11,0.00
http://statistics.gov.scot/id/statistical-geography/S01011002,Shawfair - 03,"","","","","","","","","","","","",16.67,0,0,16.67,0,0.00
http://statistics.gov.scot/id/statistical-geography/S01011003,Shawfair - 04,"","","","","","","","","","","","",0,0,0,0,0,0.00
http://statistics.gov.scot/id/statistical-geography/S01011004,Shawfair - 05,"","","","","","","","","","","","",0,0,20,16.67,20,0.00
http://statistics.gov.scot/id/statistical-geography/S01012860,Shawfield and Clincarthill - 01,"","","","","","","","","","","","",9.09,0,0,0,0,0.00
http://statistics.gov.scot/id/statistical-geography/S01012861,Shawfield and Clincarthill - 02,"","","","","","","","","","","","",0,0,0,8.33,7.14,10
http://statistics.gov.scot/id/statistical-geography/S01012862,Shawfield and Clincarthill - 03,"","","","","","","","","","","","",9.09,0,0,16.67,16.67,16.67
http://statistics.gov.scot/id/statistical-geography/S01012863,Shawfield and Clincarthill - 04,"","","","","","","","","","","","",7.69,6.67,9.09,9.09,8.33,7.69
http://statistics.gov.scot/id/statistical-geography/S01012864,Shawfield and Clincarthill - 05,"","","","","","","","","","","","",28.57,13.33,5.88,0,6.67,9.09
http://statistics.gov.scot/id/statistical-geography/S01007570,Shawhead - 01,"","","","","","","","","","","","",12.5,16.67,0,0,16.67,25
http://statistics.gov.scot/id/statistical-geography/S01007571,Shawhead - 02,"","","","","","","","","","","","",0,0,0,0,0,0.00
http://statistics.gov.scot/id/statistical-geography/S01007572,Shawhead - 03,"","","","","","","","","","","","",0,0,0,6.67,6.25,13.33
http://statistics.gov.scot/id/statistical-geography/S01007573,Shawhead - 04,"","","","","","","","","","","","",0,0,0,4.55,3.7,5.56
http://statistics.gov.scot/id/statistical-geography/S01011602,Shawhead and Whifflet - 01,"","","","","","","","","","","","",20,30,18.75,10,4.35,9.52
http://statistics.gov.scot/id/statistical-geography/S01011603,Shawhead and Whifflet - 02,"","","","","","","","","","","","",9.09,0,9.09,11.11,12.5,0.00
http://statistics.gov.scot/id/statistical-geography/S01011604,Shawhead and Whifflet - 03,"","","","","","","","","","","","",27.27,14.29,10,0,0,0.00
http://statistics.gov.scot/id/statistical-geography/S01011605,Shawhead and Whifflet - 04,"","","","","","","","","","","","",0,13.33,17.65,17.65,9.09,9.09
http://statistics.gov.scot/id/statistical-geography/S01009923,Shawlands East - 01,"","","","","","","","","","","","",0,0,0,6.25,7.69,7.69
http://statistics.gov.scot/id/statistical-geography/S01009924,Shawlands East - 02,"","","","","","","","","","","","",0,0,0,0,0,0.00
http://statistics.gov.scot/id/statistical-geography/S01009925,Shawlands East - 03,"","","","","","","","","","","","",5.26,6.25,7.14,0,0,6.67
http://statistics.gov.scot/id/statistical-geography/S01009926,Shawlands East - 04,"","","","","","","","","","","","",0,0,0,0,0,0.00
http://statistics.gov.scot/id/statistical-geography/S01009919,Shawlands West - 01,"","","","","","","","","","","","",8.7,9.09,4.55,0,0,0.00
http://statistics.gov.scot/id/statistical-geography/S01009920,Shawlands West - 02,"","","","","","","","","","","","",0,3.12,8,10,5.88,0.00
http://statistics.gov.scot/id/statistical-geography/S01009921,Shawlands West - 03,"","","","","","","","","","","","",0,5.26,7.14,10,0,0.00
http://statistics.gov.scot/id/statistical-geography/S01009922,Shawlands West - 04,"","","","","","","","","","","","",0,0,0,0,0,0.00
http://statistics.gov.scot/id/statistical-geography/S01006708,Sheddocksley - 01,"","","","","","","","","","","","",0,0,0,0,0,0.00
http://statistics.gov.scot/id/statistical-geography/S01006709,Sheddocksley - 02,"","","","","","","","","","","","",14.29,11.11,0,6.67,0,0.00
http://statistics.gov.scot/id/statistical-geography/S01006710,Sheddocksley - 03,"","","","","","","","","","","","",11.11,14.29,30,20,30.77,18.18
http://statistics.gov.scot/id/statistical-geography/S01006711,Sheddocksley - 04,"","","","","","","","","","","","",6.67,5.26,5,0,4.76,5.26
http://statistics.gov.scot/id/statistical-geography/S01006712,Sheddocksley - 05,"","","","","","","","","","","","",0,0,0,0,0,0.00
http://statistics.gov.scot/id/statistical-geography/S01006713,Sheddocksley - 06,"","","","","","","","","","","","",8.33,7.69,13.33,10,4.55,0.00
http://statistics.gov.scot/id/statistical-geography/S01012387,Shetland South - 01,"","","","","","","","","","","","",16.67,15,6.25,0,0,9.09
http://statistics.gov.scot/id/statistical-geography/S01012388,Shetland South - 02,"","","","","","","","","","","","",0,0,0,0,0,0.00
http://statistics.gov.scot/id/statistical-geography/S01012389,Shetland South - 03,"","","","","","","","","","","","",4.35,9.09,13.33,5.88,0,0.00
http://statistics.gov.scot/id/statistical-geography/S01012390,Shetland South - 04,"","","","","","","","","","","","",6.25,0,0,0,0,0.00
http://statistics.gov.scot/id/statistical-geography/S01010137,Shettleston North - 01,"","","","","","","","","","","","",0,0,0,0,0,0.00
http://statistics.gov.scot/id/statistical-geography/S01010138,Shettleston North - 02,"","","","","","","","","","","","",17.65,18.75,0,0,0,0.00
http://statistics.gov.scot/id/statistical-geography/S01010139,Shettleston North - 03,"","","","","","","","","","","","",18.18,21.05,13.33,12.5,14.29,13.33
http://statistics.gov.scot/id/statistical-geography/S01010140,Shettleston North - 04,"","","","","","","","","","","","",5.88,6.67,7.69,17.65,23.08,15.38
http://statistics.gov.scot/id/statistical-geography/S01010141,Shettleston North - 05,"","","","","","","","","","","","",5.26,0,0,14.29,18.18,18.18
http://statistics.gov.scot/id/statistical-geography/S01010069,Shettleston South - 01,"","","","","","","","","","","","",10,5.56,11.76,7.14,8.33,0.00
http://statistics.gov.scot/id/statistical-geography/S01010070,Shettleston South - 02,"","","","","","","","","","","","",0,0,0,0,0,0.00
http://statistics.gov.scot/id/statistical-geography/S01010071,Shettleston South - 03,"","","","","","","","","","","","",18.18,18.18,11.11,7.69,0,0.00
http://statistics.gov.scot/id/statistical-geography/S01010072,Shettleston South - 04,"","","","","","","","","","","","",0,0,0,0,0,0.00
http://statistics.gov.scot/id/statistical-geography/S01010073,Shettleston South - 05,"","","","","","","","","","","","",9.09,0,0,12.5,14.29,11.11
http://statistics.gov.scot/id/statistical-geography/S01009181,Shieldhill - 01,"","","","","","","","","","","","",6.67,7.69,8.33,28.57,37.5,18.18
http://statistics.gov.scot/id/statistical-geography/S01009182,Shieldhill - 02,"","","","","","","","","","","","",0,0,0,6.25,5.56,11.76
http://statistics.gov.scot/id/statistical-geography/S01009183,Shieldhill - 03,"","","","","","","","","","","","",7.69,14.29,18.18,9.09,0,0.00
http://statistics.gov.scot/id/statistical-geography/S01007962,Shortlees - 01,"","","","","","","","","","","","",38.46,18.75,16.67,10,25,8.33
http://statistics.gov.scot/id/statistical-geography/S01007963,Shortlees - 02,"","","","","","","","","","","","",37.5,33.33,30.77,25,25,17.65
http://statistics.gov.scot/id/statistical-geography/S01007964,Shortlees - 03,"","","","","","","","","","","","",21.43,33.33,27.27,8.33,0,7.14
http://statistics.gov.scot/id/statistical-geography/S01007965,Shortlees - 04,"","","","","","","","","","","","",26.67,26.67,9.09,16.67,25,33.33
http://statistics.gov.scot/id/statistical-geography/S01007966,Shortlees - 05,"","","","","","","","","","","","",36.84,35.71,15.38,9.09,7.69,33.33
http://statistics.gov.scot/id/statistical-geography/S01007967,Shortlees - 06,"","","","","","","","","","","","",33.33,16.67,7.14,0,0,0.00
http://statistics.gov.scot/id/statistical-geography/S01011430,Shotts - 01,"","","","","","","","","","","","",15.38,0,0,0,0,0.00
http://statistics.gov.scot/id/statistical-geography/S01011431,Shotts - 02,"","","","","","","","","","","","",8.33,7.14,0,0,0,0.00
http://statistics.gov.scot/id/statistical-geography/S01011432,Shotts - 03,"","","","","","","","","","","","",9.52,8.33,11.11,0,0,7.69
http://statistics.gov.scot/id/statistical-geography/S01011433,Shotts - 04,"","","","","","","","","","","","",23.08,16.67,0,0,8.33,6.67
http://statistics.gov.scot/id/statistical-geography/S01011434,Shotts - 05,"","","","","","","","","","","","",0,0,0,0,0,0.00
http://statistics.gov.scot/id/statistical-geography/S01010225,Sighthill - 01,"","","","","","","","","","","","",8.33,4.76,0,0,0,0.00
http://statistics.gov.scot/id/statistical-geography/S01010226,Sighthill - 02,"","","","","","","","","","","","",5.88,0,0,0,"",""
http://statistics.gov.scot/id/statistical-geography/S01010227,Sighthill - 03,"","","","","","","","","","","","",0,0,100,100,100,""
http://statistics.gov.scot/id/statistical-geography/S01008935,Silverknowes and Davidson's Mains - 01,"","","","","","","","","","","","",16.67,0,0,0,0,0.00
http://statistics.gov.scot/id/statistical-geography/S01008936,Silverknowes and Davidson's Mains - 02,"","","","","","","","","","","","",0,0,0,0,0,0.00
http://statistics.gov.scot/id/statistical-geography/S01008937,Silverknowes and Davidson's Mains - 03,"","","","","","","","","","","","",0,0,0,0,0,7.69
http://statistics.gov.scot/id/statistical-geography/S01008938,Silverknowes and Davidson's Mains - 04,"","","","","","","","","","","","",0,0,0,0,0,0.00
http://statistics.gov.scot/id/statistical-geography/S01008939,Silverknowes and Davidson's Mains - 05,"","","","","","","","","","","","",0,0,0,0,0,0.00
http://statistics.gov.scot/id/statistical-geography/S01008940,Silverknowes and Davidson's Mains - 06,"","","","","","","","","","","","",0,0,0,"",0,0.00
http://statistics.gov.scot/id/statistical-geography/S01012712,Silvertonhill - 01,"","","","","","","","","","","","",0,0,0,0,0,0.00
http://statistics.gov.scot/id/statistical-geography/S01012713,Silvertonhill - 02,"","","","","","","","","","","","",0,0,0,0,0,0.00
http://statistics.gov.scot/id/statistical-geography/S01012714,Silvertonhill - 03,"","","","","","","","","","","","",0,0,0,0,0,""
http://statistics.gov.scot/id/statistical-geography/S01012715,Silvertonhill - 04,"","","","","","","","","","","","",14.29,30,30,23.08,9.09,7.14
http://statistics.gov.scot/id/statistical-geography/S01009534,Sinclairtown Central,"","","","","","","","","","","","",35.29,47.06,41.18,36.84,40,40.74
http://statistics.gov.scot/id/statistical-geography/S01009539,Sinclairtown East,"","","","","","","","","","","","",12.5,12.5,6.67,0,0,0.00
http://statistics.gov.scot/id/statistical-geography/S01009540,Sinclairtown North,"","","","","","","","","","","","",31.82,22.73,15,0,8.7,11.11
http://statistics.gov.scot/id/statistical-geography/S01009533,Sinclairtown West,"","","","","","","","","","","","",22.22,15,15,5.56,8.33,14.29
http://statistics.gov.scot/id/statistical-geography/S01011334,Skelmorlie and Rural - 01,"","","","","","","","","","","","",0,0,0,0,0,0.00
http://statistics.gov.scot/id/statistical-geography/S01011335,Skelmorlie and Rural - 02,"","","","","","","","","","","","",0,0,0,0,0,0.00
http://statistics.gov.scot/id/statistical-geography/S01011336,Skelmorlie and Rural - 03,"","","","","","","","","","","","",0,0,0,0,0,0.00
http://statistics.gov.scot/id/statistical-geography/S01011337,Skelmorlie and Rural - 04,"","","","","","","","","","","","",0,0,0,0,0,0.00
http://statistics.gov.scot/id/statistical-geography/S01010677,Skye North East - 01,"","","","","","","","","","","","",0,0,0,0,0,0.00
http://statistics.gov.scot/id/statistical-geography/S01010678,Skye North East - 02,"","","","","","","","","","","","",0,0,12.5,16.67,14.29,16.67
http://statistics.gov.scot/id/statistical-geography/S01010679,Skye North East - 03,"","","","","","","","","","","","",0,0,0,0,0,0.00
http://statistics.gov.scot/id/statistical-geography/S01010680,Skye North East - 04,"","","","","","","","","","","","",0,0,0,0,0,0.00
http://statistics.gov.scot/id/statistical-geography/S01010681,Skye North East - 05,"","","","","","","","","","","","",5.88,0,0,0,22.22,21.05
http://statistics.gov.scot/id/statistical-geography/S01010682,Skye North West - 01,"","","","","","","","","","","","",33.33,33.33,0,0,0,0.00
http://statistics.gov.scot/id/statistical-geography/S01010683,Skye North West - 02,"","","","","","","","","","","","",9.09,0,0,12.5,10,11.11
http://statistics.gov.scot/id/statistical-geography/S01010684,Skye North West - 03,"","","","","","","","","","","","",0,14.29,14.29,14.29,0,14.29
http://statistics.gov.scot/id/statistical-geography/S01010685,Skye North West - 04,"","","","","","","","","","","","",0,0,0,0,0,0.00
http://statistics.gov.scot/id/statistical-geography/S01010673,Skye South - 01,"","","","","","","","","","","","",11.11,16.67,0,0,0,0.00
http://statistics.gov.scot/id/statistical-geography/S01010674,Skye South - 02,"","","","","","","","","","","","",0,0,0,0,0,0.00
http://statistics.gov.scot/id/statistical-geography/S01010675,Skye South - 03,"","","","","","","","","","","","",0,0,0,0,0,0.00
http://statistics.gov.scot/id/statistical-geography/S01010676,Skye South - 04,"","","","","","","","","","","","",0,0,0,0,0,0.00
http://statistics.gov.scot/id/statistical-geography/S01008486,Slateford and Chesser - 01,"","","","","","","","","","","","",0,0,0,0,0,0.00
http://statistics.gov.scot/id/statistical-geography/S01008487,Slateford and Chesser - 02,"","","","","","","","","","","","",0,0,0,0,0,0.00
http://statistics.gov.scot/id/statistical-geography/S01008488,Slateford and Chesser - 03,"","","","","","","","","","","","",0,0,0,0,0,0.00
http://statistics.gov.scot/id/statistical-geography/S01008489,Slateford and Chesser - 04,"","","","","","","","","","","","",0,0,11.11,12.5,20,0.00
http://statistics.gov.scot/id/statistical-geography/S01008490,Slateford and Chesser - 05,"","","","","","","","","","","","",10.53,10.53,6.25,0,0,0.00
http://statistics.gov.scot/id/statistical-geography/S01008491,Slateford and Chesser - 06,"","","","","","","","","","","","",4.76,0,0,0,5.26,5.26
http://statistics.gov.scot/id/statistical-geography/S01012332,Smailholm Stitchill and Ednam Area,"","","","","","","","","","","","",8.33,0,0,0,0,0.00
http://statistics.gov.scot/id/statistical-geography/S01009521,Smeaton North,"","","","","","","","","","","","",30.77,30.77,46.67,41.67,33.33,0.00
http://statistics.gov.scot/id/statistical-geography/S01009522,Smeaton South,"","","","","","","","","","","","",21.74,25,16.67,22.22,9.09,21.43
http://statistics.gov.scot/id/statistical-geography/S01007129,South Angus - 01,"","","","","","","","","","","","",0,0,0,9.09,8.33,5.88
http://statistics.gov.scot/id/statistical-geography/S01007130,South Angus - 02,"","","","","","","","","","","","",20,11.11,10,0,0,0.00
http://statistics.gov.scot/id/statistical-geography/S01007131,South Angus - 03,"","","","","","","","","","","","",0,0,0,0,0,0.00
http://statistics.gov.scot/id/statistical-geography/S01007132,South Angus - 04,"","","","","","","","","","","","",0,0,0,0,0,0.00
http://statistics.gov.scot/id/statistical-geography/S01007133,South Angus - 05,"","","","","","","","","","","","",0,0,0,14.29,12.5,16.67
http://statistics.gov.scot/id/statistical-geography/S01007134,South Angus - 06,"","","","","","","","","","","","",0,14.29,14.29,16.67,0,33.33
http://statistics.gov.scot/id/statistical-geography/S01007135,South Angus - 07,"","","","","","","","","","","","",0,0,0,0,0,0.00
http://statistics.gov.scot/id/statistical-geography/S01007136,South Angus - 08,"","","","","","","","","","","","",20,11.11,0,0,0,0.00
http://statistics.gov.scot/id/statistical-geography/S01008063,South Castlehill and Thorn - 01,"","","","","","","","","","","","",10,7.69,0,0,0,0.00
http://statistics.gov.scot/id/statistical-geography/S01008064,South Castlehill and Thorn - 02,"","","","","","","","","","","","",11.76,8.33,8.33,0,0,0.00
http://statistics.gov.scot/id/statistical-geography/S01008065,South Castlehill and Thorn - 03,"","","","","","","","","","","","",0,0,0,0,0,0.00
http://statistics.gov.scot/id/statistical-geography/S01008066,South Castlehill and Thorn - 04,"","","","","","","","","","","","",0,0,0,0,0,0.00
http://statistics.gov.scot/id/statistical-geography/S01008067,South Castlehill and Thorn - 05,"","","","","","","","","","","","",0,0,0,0,0,0.00
http://statistics.gov.scot/id/statistical-geography/S01009331,South Fod and Calais Muir,"","","","","","","","","","","","",6.67,10,8.33,3.7,0,0.00
http://statistics.gov.scot/id/statistical-geography/S01008987,South Gyle - 01,"","","","","","","","","","","","",0,0,0,0,0,0.00
http://statistics.gov.scot/id/statistical-geography/S01008988,South Gyle - 02,"","","","","","","","","","","","",0,0,0,0,0,0.00
http://statistics.gov.scot/id/statistical-geography/S01008989,South Gyle - 03,"","","","","","","","","","","","",0,0,0,0,0,0.00
http://statistics.gov.scot/id/statistical-geography/S01008990,South Gyle - 04,"","","","","","","","","","","","",0,0,0,0,0,0.00
http://statistics.gov.scot/id/statistical-geography/S01008991,South Gyle - 05,"","","","","","","","","","","","",14.29,0,0,0,0,0.00
http://statistics.gov.scot/id/statistical-geography/S01008992,South Gyle - 06,"","","","","","","","","","","","",0,0,0,0,33.33,16.67
http://statistics.gov.scot/id/statistical-geography/S01008792,South Leith - 01,"","","","","","","","","","","","",0,0,0,0,0,0.00
http://statistics.gov.scot/id/statistical-geography/S01008793,South Leith - 02,"","","","","","","","","","","","",0,0,0,16.67,14.29,15.38
http://statistics.gov.scot/id/statistical-geography/S01008794,South Leith - 03,"","","","","","","","","","","","",0,7.69,7.69,11.11,0,0.00
http://statistics.gov.scot/id/statistical-geography/S01008795,South Leith - 04,"","","","","","","","","","","","",6.67,0,0,0,0,0.00
http://statistics.gov.scot/id/statistical-geography/S01008796,South Leith - 05,"","","","","","","","","","","","",7.14,6.25,5.56,7.14,9.09,25
http://statistics.gov.scot/id/statistical-geography/S01008797,South Leith - 06,"","","","","","","","","","","","",5.88,5.88,6.67,0,0,0.00
http://statistics.gov.scot/id/statistical-geography/S01009025,South Lewis - 01,"","","","","","","","","","","","",0,0,0,0,0,0.00
http://statistics.gov.scot/id/statistical-geography/S01009026,South Lewis - 02,"","","","","","","","","","","","",0,0,0,0,0,0.00
http://statistics.gov.scot/id/statistical-geography/S01009027,South Lewis - 03,"","","","","","","","","","","","",14.29,14.29,0,0,0,0.00
http://statistics.gov.scot/id/statistical-geography/S01009563,South Parks East,"","","","","","","","","","","","",11.11,0,28.57,25,25,0.00
http://statistics.gov.scot/id/statistical-geography/S01009564,South Parks North,"","","","","","","","","","","","",0,0,0,0,0,14.29
http://statistics.gov.scot/id/statistical-geography/S01009562,South Parks West,"","","","","","","","","","","","",7.14,9.09,14.29,14.29,20,10
http://statistics.gov.scot/id/statistical-geography/S01011045,South Speyside and the Cabrach - 01,"","","","","","","","","","","","",0,0,0,0,0,0.00
http://statistics.gov.scot/id/statistical-geography/S01011046,South Speyside and the Cabrach - 02,"","","","","","","","","","","","",0,0,0,0,0,0.00
http://statistics.gov.scot/id/statistical-geography/S01011047,South Speyside and the Cabrach - 03,"","","","","","","","","","","","",0,8.33,9.09,12.5,0,0.00
http://statistics.gov.scot/id/statistical-geography/S01011048,South Speyside and the Cabrach - 04,"","","","","","","","","","","","",11.11,13.33,15.38,6.25,0,0.00
http://statistics.gov.scot/id/statistical-geography/S01011049,South Speyside and the Cabrach - 05,"","","","","","","","","","","","",0,0,0,0,0,0.00
http://statistics.gov.scot/id/statistical-geography/S01008411,South Thornliebank and Woodfarm - 01,"","","","","","","","","","","","",0,0,0,0,0,0.00
http://statistics.gov.scot/id/statistical-geography/S01008412,South Thornliebank and Woodfarm - 02,"","","","","","","","","","","","",0,0,0,0,0,0.00
http://statistics.gov.scot/id/statistical-geography/S01008413,South Thornliebank and Woodfarm - 03,"","","","","","","","","","","","",0,0,0,0,14.29,14.29
http://statistics.gov.scot/id/statistical-geography/S01008414,South Thornliebank and Woodfarm - 04,"","","","","","","","","","","","",20,0,0,0,0,0.00
http://statistics.gov.scot/id/statistical-geography/S01008415,South Thornliebank and Woodfarm - 05,"","","","","","","","","","","","",0,0,0,0,0,0.00
http://statistics.gov.scot/id/statistical-geography/S01008416,South Thornliebank and Woodfarm - 06,"","","","","","","","","","","","",0,0,5.88,9.09,10,0.00
http://statistics.gov.scot/id/statistical-geography/S01007991,Southcraig and Beansburn - 01,"","","","","","","","","","","","",0,0,0,0,0,0.00
http://statistics.gov.scot/id/statistical-geography/S01007992,Southcraig and Beansburn - 02,"","","","","","","","","","","","",20,0,0,0,0,0.00
http://statistics.gov.scot/id/statistical-geography/S01007993,Southcraig and Beansburn - 03,"","","","","","","","","","","","",0,0,0,0,0,0.00
http://statistics.gov.scot/id/statistical-geography/S01007994,Southcraig and Beansburn - 04,"","","","","","","","","","","","",7.69,0,0,0,0,0.00
http://statistics.gov.scot/id/statistical-geography/S01007995,Southcraig and Beansburn - 05,"","","","","","","","","","","","",0,0,0,0,0,0.00
http://statistics.gov.scot/id/statistical-geography/S01007996,Southcraig and Beansburn - 06,"","","","","","","","","","","","",0,0,0,0,0,0.00
http://statistics.gov.scot/id/statistical-geography/S01007997,Southcraig and Beansburn - 07,"","","","","","","","","","","","",20,0,0,0,0,0.00
http://statistics.gov.scot/id/statistical-geography/S01007998,Southcraig and Beansburn - 08,"","","","","","","","","","","","",0,0,0,0,0,0.00
http://statistics.gov.scot/id/statistical-geography/S01012874,Spittal - 01,"","","","","","","","","","","","",45.45,50,42.86,30,22.22,26.67
http://statistics.gov.scot/id/statistical-geography/S01012875,Spittal - 02,"","","","","","","","","","","","",14.29,16.67,16.67,14.29,16.67,25
http://statistics.gov.scot/id/statistical-geography/S01012876,Spittal - 03,"","","","","","","","","","","","",12.5,11.11,18.18,27.27,23.08,7.69
http://statistics.gov.scot/id/statistical-geography/S01012877,Spittal - 04,"","","","","","","","","","","","",16.67,25,25,14.29,9.09,0.00
http://statistics.gov.scot/id/statistical-geography/S01010209,Springburn - 01,"","","","","","","","","","","","",28.57,21.43,11.76,0,0,0.00
http://statistics.gov.scot/id/statistical-geography/S01010210,Springburn - 02,"","","","","","","","","","","","",0,0,0,0,0,11.11
http://statistics.gov.scot/id/statistical-geography/S01010211,Springburn - 03,"","","","","","","","","","","","",8.33,16.67,11.11,18.18,25,21.43
http://statistics.gov.scot/id/statistical-geography/S01010212,Springburn - 04,"","","","","","","","","","","","",5.26,0,0,0,0,0.00
http://statistics.gov.scot/id/statistical-geography/S01010213,Springburn - 05,"","","","","","","","","","","","",0,16.67,12.5,7.14,0,0.00
http://statistics.gov.scot/id/statistical-geography/S01010214,Springburn East and Cowlairs - 01,"","","","","","","","","","","","",7.69,7.14,0,0,0,0.00
http://statistics.gov.scot/id/statistical-geography/S01010215,Springburn East and Cowlairs - 02,"","","","","","","","","","","","",10,9.09,18.18,21.43,18.18,11.11
http://statistics.gov.scot/id/statistical-geography/S01010216,Springburn East and Cowlairs - 03,"","","","","","","","","","","","",35.71,45.45,41.67,25,7.14,14.29
http://statistics.gov.scot/id/statistical-geography/S01010217,Springburn East and Cowlairs - 04,"","","","","","","","","","","","",22.73,17.65,11.76,14.29,18.18,22.22
http://statistics.gov.scot/id/statistical-geography/S01010218,Springburn East and Cowlairs - 05,"","","","","","","","","","","","",16.67,12.5,0,4,13.33,20
http://statistics.gov.scot/id/statistical-geography/S01009681,Springfield East,"","","","","","","","","","","","",9.09,12.5,9.09,0,10,16.67
http://statistics.gov.scot/id/statistical-geography/S01009685,Springfield West and Rankeilour,"","","","","","","","","","","","",0,0,14.29,20,16.67,0.00
http://statistics.gov.scot/id/statistical-geography/S01011178,Springside and Rural - 01,"","","","","","","","","","","","",11.11,0,0,0,0,0.00
http://statistics.gov.scot/id/statistical-geography/S01011179,Springside and Rural - 02,"","","","","","","","","","","","",12.5,0,0,16.67,16.67,25
http://statistics.gov.scot/id/statistical-geography/S01011180,Springside and Rural - 03,"","","","","","","","","","","","",83.33,44.44,45.45,14.29,16.67,0.00
http://statistics.gov.scot/id/statistical-geography/S01011181,Springside and Rural - 04,"","","","","","","","","","","","",0,0,"",0,0,0.00
http://statistics.gov.scot/id/statistical-geography/S01011182,Springside and Rural - 05,"","","","","","","","","","","","",16.67,16.67,0,0,0,7.69
http://statistics.gov.scot/id/statistical-geography/S01012333,Sprouston and Area,"","","","","","","","","","","","",0,0,0,0,0,0.00
http://statistics.gov.scot/id/statistical-geography/S01009721,St  Andrews Town Centre,"","","","","","","","","","","","",0,0,0,0,0,0.00
http://statistics.gov.scot/id/statistical-geography/S01012310,St Abbs and Eyemouth Landward,"","","","","","","","","","","","",25,18.18,18.18,12.5,16.67,12.5
http://statistics.gov.scot/id/statistical-geography/S01009723,St Andrews Abbey,"","","","","","","","","","","","",0,0,0,0,0,0.00
http://statistics.gov.scot/id/statistical-geography/S01012347,St Boswells - East,"","","","","","","","","","","","",15.38,14.29,9.09,0,0,0.00
http://statistics.gov.scot/id/statistical-geography/S01012348,St Boswells - West,"","","","","","","","","","","","",0,0,0,0,0,0.00
http://statistics.gov.scot/id/statistical-geography/S01009455,St Colme and Aberdour West,"","","","","","","","","","","","",0,0,0,0,0,0.00
http://statistics.gov.scot/id/statistical-geography/S01009742,St Fort and Pickletillem,"","","","","","","","","","","","",0,0,0,0,0,0.00
http://statistics.gov.scot/id/statistical-geography/S01012916,St Leonards North - 01,"","","","","","","","","","","","",25,8.33,10,22.22,25,25
http://statistics.gov.scot/id/statistical-geography/S01012917,St Leonards North - 02,"","","","","","","","","","","","",0,0,"","",0,0.00
http://statistics.gov.scot/id/statistical-geography/S01012918,St Leonards North - 03,"","","","","","","","","","","","",11.11,0,0,0,0,0.00
http://statistics.gov.scot/id/statistical-geography/S01012919,St Leonards North - 04,"","","","","","","","","","","","",9.09,0,0,0,0,0.00
http://statistics.gov.scot/id/statistical-geography/S01012920,St Leonards North - 05,"","","","","","","","","","","","",0,0,0,0,0,0.00
http://statistics.gov.scot/id/statistical-geography/S01012921,St Leonards North - 06,"","","","","","","","","","","","",20,11.11,22.22,10,12.5,0.00
http://statistics.gov.scot/id/statistical-geography/S01012922,St Leonards North - 07,"","","","","","","","","","","","",6.67,5,4.35,0,0,0.00
http://statistics.gov.scot/id/statistical-geography/S01012923,St Leonards South - 01,"","","","","","","","","","","","",9.09,0,11.11,14.29,10,16.67
http://statistics.gov.scot/id/statistical-geography/S01012924,St Leonards South - 02,"","","","","","","","","","","","",0,0,0,0,0,0.00
http://statistics.gov.scot/id/statistical-geography/S01012925,St Leonards South - 03,"","","","","","","","","","","","",0,0,0,0,0,0.00
http://statistics.gov.scot/id/statistical-geography/S01012926,St Leonards South - 04,"","","","","","","","","","","","",27.27,14.29,0,0,0,0.00
http://statistics.gov.scot/id/statistical-geography/S01012927,St Leonards South - 05,"","","","","","","","","","","","",0,14.29,25,40,16.67,10
http://statistics.gov.scot/id/statistical-geography/S01012928,St Leonards South - 06,"","","","","","","","","","","","",0,8.33,7.69,11.11,11.11,12.5
http://statistics.gov.scot/id/statistical-geography/S01012929,St Leonards South - 07,"","","","","","","","","","","","",0,0,0,0,0,20
http://statistics.gov.scot/id/statistical-geography/S01009706,St Monans East and Abercrombie,"","","","","","","","","","","","",0,10,22.22,50,25,0.00
http://statistics.gov.scot/id/statistical-geography/S01009705,St Monans West,"","","","","","","","","","","","",0,0,10,33.33,28.57,12.5
http://statistics.gov.scot/id/statistical-geography/S01008384,Stamperland - 01,"","","","","","","","","","","","",0,0,0,0,0,0.00
http://statistics.gov.scot/id/statistical-geography/S01008385,Stamperland - 02,"","","","","","","","","","","","",16.67,33.33,16.67,0,0,0.00
http://statistics.gov.scot/id/statistical-geography/S01008386,Stamperland - 03,"","","","","","","","","","","","",0,0,0,0,0,0.00
http://statistics.gov.scot/id/statistical-geography/S01008387,Stamperland - 04,"","","","","","","","","","","","",0,0,0,0,0,0.00
http://statistics.gov.scot/id/statistical-geography/S01008388,Stamperland - 05,"","","","","","","","","","","","",11.11,12.5,0,0,0,0.00
http://statistics.gov.scot/id/statistical-geography/S01011435,Stane - 01,"","","","","","","","","","","","",10,7.14,0,0,0,0.00
http://statistics.gov.scot/id/statistical-geography/S01011436,Stane - 02,"","","","","","","","","","","","",22.22,33.33,44.44,44.44,18.18,18.18
http://statistics.gov.scot/id/statistical-geography/S01011437,Stane - 03,"","","","","","","","","","","","",0,8.33,15.38,15.38,20,12.5
http://statistics.gov.scot/id/statistical-geography/S01011438,Stane - 04,"","","","","","","","","","","","",8.33,9.09,16.67,12.5,14.29,9.09
http://statistics.gov.scot/id/statistical-geography/S01011995,Stanley and Murthly - 01,"","","","","","","","","","","","",0,0,0,0,9.09,16.67
http://statistics.gov.scot/id/statistical-geography/S01011996,Stanley and Murthly - 02,"","","","","","","","","","","","",0,0,0,0,0,0.00
http://statistics.gov.scot/id/statistical-geography/S01011997,Stanley and Murthly - 03,"","","","","","","","","","","","",33.33,14.29,12.5,0,0,0.00
http://statistics.gov.scot/id/statistical-geography/S01011998,Stanley and Murthly - 04,"","","","","","","","","","","","",33.33,0,0,0,0,0.00
http://statistics.gov.scot/id/statistical-geography/S01011999,Stanley and Murthly - 05,"","","","","","","","","","","","",0,0,0,0,0,0.00
http://statistics.gov.scot/id/statistical-geography/S01012000,Stanley and Murthly - 06,"","","","","","","","","","","","",0,0,0,0,0,0.00
http://statistics.gov.scot/id/statistical-geography/S01012001,Stanley and Murthly - 07,"","","","","","","","","","","","",0,0,6.67,7.69,10,0.00
http://statistics.gov.scot/id/statistical-geography/S01009611,Star and Kirkforthar,"","","","","","","","","","","","",0,0,0,0,0,0.00
http://statistics.gov.scot/id/statistical-geography/S01008473,Stenhouse and Saughton Mains - 01,"","","","","","","","","","","","",10,9.09,16.67,28.57,40,14.29
http://statistics.gov.scot/id/statistical-geography/S01008474,Stenhouse and Saughton Mains - 02,"","","","","","","","","","","","",27.27,20,9.09,7.69,6.25,7.14
http://statistics.gov.scot/id/statistical-geography/S01008475,Stenhouse and Saughton Mains - 03,"","","","","","","","","","","","",16.67,16.67,22.22,22.22,18.18,0.00
http://statistics.gov.scot/id/statistical-geography/S01008476,Stenhouse and Saughton Mains - 04,"","","","","","","","","","","","",0,0,0,18.18,15.38,20
http://statistics.gov.scot/id/statistical-geography/S01008477,Stenhouse and Saughton Mains - 05,"","","","","","","","","","","","",14.29,12.5,0,0,0,0.00
http://statistics.gov.scot/id/statistical-geography/S01008478,Stenhouse and Saughton Mains - 06,"","","","","","","","","","","","",9.09,0,0,0,0,0.00
http://statistics.gov.scot/id/statistical-geography/S01008479,Stenhouse and Saughton Mains - 07,"","","","","","","","","","","","",0,0,0,0,0,0.00
http://statistics.gov.scot/id/statistical-geography/S01008480,Stenhouse and Saughton Mains - 08,"","","","","","","","","","","","",0,0,0,0,0,20
http://statistics.gov.scot/id/statistical-geography/S01009108,Stenhousemuir - Antonshill - 01,"","","","","","","","","","","","",14.29,20,0,0,0,0.00
http://statistics.gov.scot/id/statistical-geography/S01009109,Stenhousemuir - Antonshill - 02,"","","","","","","","","","","","",0,0,0,0,0,0.00
http://statistics.gov.scot/id/statistical-geography/S01009110,Stenhousemuir - Antonshill - 03,"","","","","","","","","","","","",0,0,0,14.29,11.11,12.5
http://statistics.gov.scot/id/statistical-geography/S01009111,Stenhousemuir - Antonshill - 04,"","","","","","","","","","","","",7.69,0,0,0,9.09,7.14
http://statistics.gov.scot/id/statistical-geography/S01009112,Stenhousemuir - Antonshill - 05,"","","","","","","","","","","","",0,0,0,0,0,0.00
http://statistics.gov.scot/id/statistical-geography/S01009103,Stenhousemuir East - 01,"","","","","","","","","","","","",33.33,25,20,0,0,0.00
http://statistics.gov.scot/id/statistical-geography/S01009104,Stenhousemuir East - 02,"","","","","","","","","","","","",0,0,0,0,0,16.67
http://statistics.gov.scot/id/statistical-geography/S01009105,Stenhousemuir East - 03,"","","","","","","","","","","","",15.38,14.29,0,9.09,20,25
http://statistics.gov.scot/id/statistical-geography/S01009106,Stenhousemuir East - 04,"","","","","","","","","","","","",0,0,11.11,12.5,16.67,11.11
http://statistics.gov.scot/id/statistical-geography/S01009107,Stenhousemuir East - 05,"","","","","","","","","","","","",0,0,0,0,0,0.00
http://statistics.gov.scot/id/statistical-geography/S01009099,Stenhousemuir West - 01,"","","","","","","","","","","","",0,0,0,0,0,8.33
http://statistics.gov.scot/id/statistical-geography/S01009100,Stenhousemuir West - 02,"","","","","","","","","","","","",0,0,8.33,9.09,7.69,0.00
http://statistics.gov.scot/id/statistical-geography/S01009101,Stenhousemuir West - 03,"","","","","","","","","","","","",7.14,0,0,0,0,0.00
http://statistics.gov.scot/id/statistical-geography/S01009102,Stenhousemuir West - 04,"","","","","","","","","","","","",27.27,36.36,10,12.5,0,0.00
http://statistics.gov.scot/id/statistical-geography/S01009578,Stenton Central,"","","","","","","","","","","","",36.36,20,11.11,9.09,12.5,12.5
http://statistics.gov.scot/id/statistical-geography/S01009575,Stenton North,"","","","","","","","","","","","",50,25,0,0,0,0.00
http://statistics.gov.scot/id/statistical-geography/S01011701,Stepps - 01,"","","","","","","","","","","","",7.14,7.14,0,5.88,8.33,12.5
http://statistics.gov.scot/id/statistical-geography/S01011702,Stepps - 02,"","","","","","","","","","","","",33.33,11.11,9.09,0,0,0.00
http://statistics.gov.scot/id/statistical-geography/S01011703,Stepps - 03,"","","","","","","","","","","","",0,0,0,0,0,0.00
http://statistics.gov.scot/id/statistical-geography/S01011233,Stevenston Ardeer - 01,"","","","","","","","","","","","",14.29,25,20,10.53,4.76,6.9
http://statistics.gov.scot/id/statistical-geography/S01011234,Stevenston Ardeer - 02,"","","","","","","","","","","","",16.67,25,26.32,21.43,22.22,30
http://statistics.gov.scot/id/statistical-geography/S01011235,Stevenston Ardeer - 03,"","","","","","","","","","","","",0,0,0,0,0,0.00
http://statistics.gov.scot/id/statistical-geography/S01011236,Stevenston Ardeer - 04,"","","","","","","","","","","","",37.5,40,16.67,0,8.33,14.29
http://statistics.gov.scot/id/statistical-geography/S01011272,Stevenston Hayocks - 01,"","","","","","","","","","","","",30.77,9.09,25,37.5,33.33,42.86
http://statistics.gov.scot/id/statistical-geography/S01011273,Stevenston Hayocks - 02,"","","","","","","","","","","","",22.22,10,9.09,0,20,33.33
http://statistics.gov.scot/id/statistical-geography/S01011274,Stevenston Hayocks - 03,"","","","","","","","","","","","",25,0,0,21.43,20,23.81
http://statistics.gov.scot/id/statistical-geography/S01011275,Stevenston Hayocks - 04,"","","","","","","","","","","","",35.71,41.67,37.5,16.67,0,25
http://statistics.gov.scot/id/statistical-geography/S01011276,Stevenston Hayocks - 05,"","","","","","","","","","","","",23.08,27.27,12.5,16.67,10,22.22
http://statistics.gov.scot/id/statistical-geography/S01011267,Stevenston North West - 01,"","","","","","","","","","","","",0,0,20,20,16.67,0.00
http://statistics.gov.scot/id/statistical-geography/S01011268,Stevenston North West - 02,"","","","","","","","","","","","",75,50,25,0,0,0.00
http://statistics.gov.scot/id/statistical-geography/S01011269,Stevenston North West - 03,"","","","","","","","","","","","",0,0,0,0,40,40
http://statistics.gov.scot/id/statistical-geography/S01011270,Stevenston North West - 04,"","","","","","","","","","","","",25,37.5,28.57,28.57,25,28.57
http://statistics.gov.scot/id/statistical-geography/S01011271,Stevenston North West - 05,"","","","","","","","","","","","",0,0,0,0,0,0.00
http://statistics.gov.scot/id/statistical-geography/S01012938,Stewartfield East - 01,"","","","","","","","","","","","",50,20,20,12.5,0,0.00
http://statistics.gov.scot/id/statistical-geography/S01012939,Stewartfield East - 02,"","","","","","","","","","","","",0,0,0,0,0,0.00
http://statistics.gov.scot/id/statistical-geography/S01012940,Stewartfield East - 03,"","","","","","","","","","","","",0,0,0,0,0,0.00
http://statistics.gov.scot/id/statistical-geography/S01012941,Stewartfield East - 04,"","","","","","","","","","","","",0,0,0,0,0,0.00
http://statistics.gov.scot/id/statistical-geography/S01012942,Stewartfield West - 01,"","","","","","","","","","","","",16.67,27.27,23.08,27.27,30,37.5
http://statistics.gov.scot/id/statistical-geography/S01012943,Stewartfield West - 02,"","","","","","","","","","","","",14.29,9.09,0,0,0,0.00
http://statistics.gov.scot/id/statistical-geography/S01012944,Stewartfield West - 03,"","","","","","","","","","","","",0,0,0,0,0,0.00
http://statistics.gov.scot/id/statistical-geography/S01012945,Stewartfield West - 04,"","","","","","","","","","","","",0,0,0,0,0,0.00
http://statistics.gov.scot/id/statistical-geography/S01012946,Stewartfield West - 05,"","","","","","","","","","","","",0,0,0,0,0,0.00
http://statistics.gov.scot/id/statistical-geography/S01012947,Stewartfield West - 06,"","","","","","","","","","","","",0,0,0,0,0,0.00
http://statistics.gov.scot/id/statistical-geography/S01007932,Stewarton East - 01,"","","","","","","","","","","","",0,0,0,0,0,0.00
http://statistics.gov.scot/id/statistical-geography/S01007933,Stewarton East - 02,"","","","","","","","","","","","",0,0,11.11,10,28.57,25
http://statistics.gov.scot/id/statistical-geography/S01007934,Stewarton East - 03,"","","","","","","","","","","","",25,18.18,8.33,7.69,0,11.11
http://statistics.gov.scot/id/statistical-geography/S01007935,Stewarton East - 04,"","","","","","","","","","","","",9.52,4.55,0,0,0,16.67
http://statistics.gov.scot/id/statistical-geography/S01007936,Stewarton East - 05,"","","","","","","","","","","","",0,0,0,0,0,0.00
http://statistics.gov.scot/id/statistical-geography/S01007937,Stewarton West - 01,"","","","","","","","","","","","",0,0,0,0,0,0.00
http://statistics.gov.scot/id/statistical-geography/S01007938,Stewarton West - 02,"","","","","","","","","","","","",23.08,12.5,11.11,11.11,27.27,21.43
http://statistics.gov.scot/id/statistical-geography/S01007939,Stewarton West - 03,"","","","","","","","","","","","",20,9.09,16.67,22.22,20,20
http://statistics.gov.scot/id/statistical-geography/S01012248,Stobo - Blyth Bridge - Skirling,"","","","","","","","","","","","",0,0,0,0,0,0.00
http://statistics.gov.scot/id/statistical-geography/S01007726,Stobswell - 01,"","","","","","","","","","","","",9.52,5.88,5.26,5.56,6.67,8.33
http://statistics.gov.scot/id/statistical-geography/S01007727,Stobswell - 02,"","","","","","","","","","","","",19.05,20,0,0,5.88,7.14
http://statistics.gov.scot/id/statistical-geography/S01007728,Stobswell - 03,"","","","","","","","","","","","",14.81,9.09,20,21.05,26.67,10
http://statistics.gov.scot/id/statistical-geography/S01007729,Stobswell - 04,"","","","","","","","","","","","",21.43,21.43,20,17.65,9.52,15
http://statistics.gov.scot/id/statistical-geography/S01007730,Stobswell - 05,"","","","","","","","","","","","",0,0,0,0,0,0.00
http://statistics.gov.scot/id/statistical-geography/S01007731,Stobswell - 06,"","","","","","","","","","","","",5.56,4.55,11.76,16.67,33.33,25
http://statistics.gov.scot/id/statistical-geography/S01007732,Stobswell - 07,"","","","","","","","","","","","",12,4,4.55,12.5,13.04,20
http://statistics.gov.scot/id/statistical-geography/S01008857,Stockbridge - 01,"","","","","","","","","","","","",0,0,0,0,0,0.00
http://statistics.gov.scot/id/statistical-geography/S01008858,Stockbridge - 02,"","","","","","","","","","","","",0,0,0,0,0,0.00
http://statistics.gov.scot/id/statistical-geography/S01008859,Stockbridge - 03,"","","","","","","","","","","","",0,0,0,0,0,0.00
http://statistics.gov.scot/id/statistical-geography/S01008860,Stockbridge - 04,"","","","","","","","","","","","",0,0,0,0,0,0.00
http://statistics.gov.scot/id/statistical-geography/S01008861,Stockbridge - 05,"","","","","","","","","","","","",0,0,0,0,0,0.00
http://statistics.gov.scot/id/statistical-geography/S01008862,Stockbridge - 06,"","","","","","","","","","","","",0,0,0,0,0,10
http://statistics.gov.scot/id/statistical-geography/S01008863,Stockbridge - 07,"","","","","","","","","","","","",0,0,0,0,0,0.00
http://statistics.gov.scot/id/statistical-geography/S01006694,Stockethill - 01,"","","","","","","","","","","","",0,5.56,5.26,10,12.5,23.08
http://statistics.gov.scot/id/statistical-geography/S01006695,Stockethill - 02,"","","","","","","","","","","","",12.5,8.33,8.33,12.5,14.29,0.00
http://statistics.gov.scot/id/statistical-geography/S01006696,Stockethill - 03,"","","","","","","","","","","","",13.33,12.5,7.69,0,0,0.00
http://statistics.gov.scot/id/statistical-geography/S01006697,Stockethill - 04,"","","","","","","","","","","","",0,0,0,0,0,6.67
http://statistics.gov.scot/id/statistical-geography/S01006698,Stockethill - 05,"","","","","","","","","","","","",20,20,25,20,22.22,12.5
http://statistics.gov.scot/id/statistical-geography/S01006699,Stockethill - 06,"","","","","","","","","","","","",0,0,0,0,0,0.00
http://statistics.gov.scot/id/statistical-geography/S01006700,Stockethill - 07,"","","","","","","","","","","","",9.09,11.11,5.88,7.14,8.33,7.69
http://statistics.gov.scot/id/statistical-geography/S01006830,Stonehaven North - 01,"","","","","","","","","","","","",0,0,0,0,0,0.00
http://statistics.gov.scot/id/statistical-geography/S01006831,Stonehaven North - 02,"","","","","","","","","","","","",0,0,0,0,0,0.00
http://statistics.gov.scot/id/statistical-geography/S01006832,Stonehaven North - 03,"","","","","","","","","","","","",8.33,12.5,0,0,0,0.00
http://statistics.gov.scot/id/statistical-geography/S01006833,Stonehaven North - 04,"","","","","","","","","","","","",0,0,0,0,0,0.00
http://statistics.gov.scot/id/statistical-geography/S01006834,Stonehaven North - 05,"","","","","","","","","","","","",16.67,0,0,0,0,0.00
http://statistics.gov.scot/id/statistical-geography/S01006835,Stonehaven North - 06,"","","","","","","","","","","","",6.67,8.33,25,9.09,10,0.00
http://statistics.gov.scot/id/statistical-geography/S01006836,Stonehaven North - 07,"","","","","","","","","","","","",0,0,0,0,9.09,16.67
http://statistics.gov.scot/id/statistical-geography/S01006837,Stonehaven North - 08,"","","","","","","","","","","","",0,0,0,0,0,0.00
http://statistics.gov.scot/id/statistical-geography/S01006838,Stonehaven North - 09,"","","","","","","","","","","","",0,0,0,0,0,0.00
http://statistics.gov.scot/id/statistical-geography/S01006823,Stonehaven South - 01,"","","","","","","","","","","","",0,0,0,0,0,0.00
http://statistics.gov.scot/id/statistical-geography/S01006824,Stonehaven South - 02,"","","","","","","","","","","","",11.11,12.5,22.22,18.75,17.65,9.09
http://statistics.gov.scot/id/statistical-geography/S01006825,Stonehaven South - 03,"","","","","","","","","","","","",6.67,0,0,0,0,0.00
http://statistics.gov.scot/id/statistical-geography/S01006826,Stonehaven South - 04,"","","","","","","","","","","","",12.5,7.69,0,0,0,0.00
http://statistics.gov.scot/id/statistical-geography/S01006827,Stonehaven South - 05,"","","","","","","","","","","","",0,0,0,9.09,0,0.00
http://statistics.gov.scot/id/statistical-geography/S01006828,Stonehaven South - 06,"","","","","","","","","","","","",15.79,16.67,5.88,0,0,0.00
http://statistics.gov.scot/id/statistical-geography/S01006829,Stonehaven South - 07,"","","","","","","","","","","","",0,0,0,0,0,0.00
http://statistics.gov.scot/id/statistical-geography/S01012676,Stonehouse - 01,"","","","","","","","","","","","",22.22,27.27,23.08,15.38,12.5,0.00
http://statistics.gov.scot/id/statistical-geography/S01012677,Stonehouse - 02,"","","","","","","","","","","","",22.22,25,28.57,25,11.11,13.33
http://statistics.gov.scot/id/statistical-geography/S01012678,Stonehouse - 03,"","","","","","","","","","","","",0,0,0,0,0,0.00
http://statistics.gov.scot/id/statistical-geography/S01012679,Stonehouse - 04,"","","","","","","","","","","","",28.57,30,11.11,8.33,0,0.00
http://statistics.gov.scot/id/statistical-geography/S01012680,Stonehouse - 05,"","","","","","","","","","","","",0,0,0,0,0,0.00
http://statistics.gov.scot/id/statistical-geography/S01012681,Stonehouse - 06,"","","","","","","","","","","","",20,0,0,0,0,0.00
http://statistics.gov.scot/id/statistical-geography/S01012682,Stonehouse - 07,"","","","","","","","","","","","",0,0,0,0,0,0.00
http://statistics.gov.scot/id/statistical-geography/S01012683,Stonehouse - 08,"","","","","","","","","","","","",42.86,25,28.57,14.29,14.29,11.11
http://statistics.gov.scot/id/statistical-geography/S01009042,Stornoway East - 01,"","","","","","","","","","","","",18.75,16.67,11.11,10,9.09,0.00
http://statistics.gov.scot/id/statistical-geography/S01009043,Stornoway East - 02,"","","","","","","","","","","","",0,0,0,0,0,0.00
http://statistics.gov.scot/id/statistical-geography/S01009044,Stornoway East - 03,"","","","","","","","","","","","",0,0,0,10,9.09,9.09
http://statistics.gov.scot/id/statistical-geography/S01009045,Stornoway East - 04,"","","","","","","","","","","","",11.11,11.11,11.11,14.29,0,0.00
http://statistics.gov.scot/id/statistical-geography/S01009038,Stornoway West - 01,"","","","","","","","","","","","",0,0,12.5,25,28.57,9.09
http://statistics.gov.scot/id/statistical-geography/S01009039,Stornoway West - 02,"","","","","","","","","","","","",12.5,8.33,10,12.5,25,16.67
http://statistics.gov.scot/id/statistical-geography/S01009040,Stornoway West - 03,"","","","","","","","","","","","",9.09,0,0,12.5,11.11,14.29
http://statistics.gov.scot/id/statistical-geography/S01009041,Stornoway West - 04,"","","","","","","","","","","","",15.79,26.09,22.22,26.32,18.18,20
http://statistics.gov.scot/id/statistical-geography/S01012272,Stow,"","","","","","","","","","","","",20,50,20,0,0,0.00
http://statistics.gov.scot/id/statistical-geography/S01010962,Straiton - 01,"","","","","","","","","","","","","",0,0,0,0,0.00
http://statistics.gov.scot/id/statistical-geography/S01010963,Straiton - 02,"","","","","","","","","","","","",0,0,0,0,0,0.00
http://statistics.gov.scot/id/statistical-geography/S01010964,Straiton - 03,"","","","","","","","","","","","",0,0,16.67,20,25,0.00
http://statistics.gov.scot/id/statistical-geography/S01010965,Straiton - 04,"","","","","","","","","","","","",20,20,0,33.33,20,25
http://statistics.gov.scot/id/statistical-geography/S01007487,Stranraer East - 01,"","","","","","","","","","","","",13.64,16.67,20,50,50,44.44
http://statistics.gov.scot/id/statistical-geography/S01007488,Stranraer East - 02,"","","","","","","","","","","","",5.88,6.67,6.67,7.69,7.69,14.29
http://statistics.gov.scot/id/statistical-geography/S01007489,Stranraer East - 03,"","","","","","","","","","","","",0,11.11,10,23.08,25,25
http://statistics.gov.scot/id/statistical-geography/S01007490,Stranraer South - 01,"","","","","","","","","","","","",21.43,15.38,16.67,25,23.08,21.43
http://statistics.gov.scot/id/statistical-geography/S01007491,Stranraer South - 02,"","","","","","","","","","","","",19.05,30,24.14,27.59,13.64,9.52
http://statistics.gov.scot/id/statistical-geography/S01007492,Stranraer South - 03,"","","","","","","","","","","","",16.67,16.67,0,0,0,0.00
http://statistics.gov.scot/id/statistical-geography/S01007493,Stranraer South - 04,"","","","","","","","","","","","",14.29,20,20,14.29,11.11,9.09
http://statistics.gov.scot/id/statistical-geography/S01007481,Stranraer West - 01,"","","","","","","","","","","","",28.57,100,33.33,0,0,0.00
http://statistics.gov.scot/id/statistical-geography/S01007482,Stranraer West - 02,"","","","","","","","","","","","",0,16.67,14.29,10,11.11,12.5
http://statistics.gov.scot/id/statistical-geography/S01007483,Stranraer West - 03,"","","","","","","","","","","","",10,0,10,16.67,14.29,10
http://statistics.gov.scot/id/statistical-geography/S01007484,Stranraer West - 04,"","","","","","","","","","","","",62.5,57.14,50,20,0,0.00
http://statistics.gov.scot/id/statistical-geography/S01007485,Stranraer West - 05,"","","","","","","","","","","","",20,27.27,33.33,16.67,14.29,25
http://statistics.gov.scot/id/statistical-geography/S01007486,Stranraer West - 06,"","","","","","","","","","","","",27.27,31.25,26.32,18.18,22.22,15.79
http://statistics.gov.scot/id/statistical-geography/S01012691,Strathaven North - 01,"","","","","","","","","","","","",0,0,0,0,0,0.00
http://statistics.gov.scot/id/statistical-geography/S01012692,Strathaven North - 02,"","","","","","","","","","","","",0,0,0,0,0,0.00
http://statistics.gov.scot/id/statistical-geography/S01012693,Strathaven North - 03,"","","","","","","","","","","","",0,0,0,0,0,0.00
http://statistics.gov.scot/id/statistical-geography/S01012694,Strathaven North - 04,"","","","","","","","","","","","",12.5,11.11,0,0,0,0.00
http://statistics.gov.scot/id/statistical-geography/S01012684,Strathaven South - 01,"","","","","","","","","","","","",0,0,0,0,0,20
http://statistics.gov.scot/id/statistical-geography/S01012685,Strathaven South - 02,"","","","","","","","","","","","",12.5,0,28.57,22.22,27.27,10
http://statistics.gov.scot/id/statistical-geography/S01012686,Strathaven South - 03,"","","","","","","","","","","","",0,0,0,0,0,0.00
http://statistics.gov.scot/id/statistical-geography/S01012687,Strathaven South - 04,"","","","","","","","","","","","",33.33,0,0,0,0,0.00
http://statistics.gov.scot/id/statistical-geography/S01012688,Strathaven South - 05,"","","","","","","","","","","","",0,0,16.67,10,0,0.00
http://statistics.gov.scot/id/statistical-geography/S01012689,Strathaven South - 06,"","","","","","","","","","","","",0,0,0,0,0,0.00
http://statistics.gov.scot/id/statistical-geography/S01012690,Strathaven South - 07,"","","","","","","","","","","","",14.29,0,0,0,0,0.00
http://statistics.gov.scot/id/statistical-geography/S01009905,Strathbungo - 01,"","","","","","","","","","","","",16.67,20,23.81,36.36,42.11,44.44
http://statistics.gov.scot/id/statistical-geography/S01009906,Strathbungo - 02,"","","","","","","","","","","","",11.11,12.5,6.25,14.29,16.67,27.27
http://statistics.gov.scot/id/statistical-geography/S01009907,Strathbungo - 03,"","","","","","","","","","","","",19.05,15.38,9.09,20,21.43,26.67
http://statistics.gov.scot/id/statistical-geography/S01009908,Strathbungo - 04,"","","","","","","","","","","","",3.7,3.85,8.33,4.35,4.55,0.00
http://statistics.gov.scot/id/statistical-geography/S01009909,Strathbungo - 05,"","","","","","","","","","","","",0,0,4.35,4,3.57,3.23
http://statistics.gov.scot/id/statistical-geography/S01009910,Strathbungo - 06,"","","","","","","","","","","","",0,0,0,0,0,0.00
http://statistics.gov.scot/id/statistical-geography/S01009911,Strathbungo - 07,"","","","","","","","","","","","",0,0,0,0,0,0.00
http://statistics.gov.scot/id/statistical-geography/S01009734,Strathkinness and Craigton,"","","","","","","","","","","","",0,0,0,0,0,0.00
http://statistics.gov.scot/id/statistical-geography/S01009675,Strathmiglo South and Dunshalt,"","","","","","","","","","","","",0,0,0,0,0,0.00
http://statistics.gov.scot/id/statistical-geography/S01009547,Strathore,"","","","","","","","","","","","",28.57,25,22.22,22.22,12.5,28.57
http://statistics.gov.scot/id/statistical-geography/S01011804,"Stromness, Sandwick and Stenness - 01","","","","","","","","","","","","",0,8.33,8.33,12.5,0,0.00
http://statistics.gov.scot/id/statistical-geography/S01011805,"Stromness, Sandwick and Stenness - 02","","","","","","","","","","","","",0,0,0,0,0,0.00
http://statistics.gov.scot/id/statistical-geography/S01011806,"Stromness, Sandwick and Stenness - 03","","","","","","","","","","","","",0,0,20,14.29,12.5,0.00
http://statistics.gov.scot/id/statistical-geography/S01011807,"Stromness, Sandwick and Stenness - 04","","","","","","","","","","","","",7.69,6.67,9.09,9.09,0,0.00
http://statistics.gov.scot/id/statistical-geography/S01012671,Strutherhill - 01,"","","","","","","","","","","","",10,7.14,5.26,12.5,11.11,20
http://statistics.gov.scot/id/statistical-geography/S01012672,Strutherhill - 02,"","","","","","","","","","","","",0,0,0,0,13.33,25
http://statistics.gov.scot/id/statistical-geography/S01012673,Strutherhill - 03,"","","","","","","","","","","","",45.45,28.57,33.33,42.86,55.56,50
http://statistics.gov.scot/id/statistical-geography/S01012674,Strutherhill - 04,"","","","","","","","","","","","",30,30.77,33.33,42.86,44.44,42.86
http://statistics.gov.scot/id/statistical-geography/S01012675,Strutherhill - 05,"","","","","","","","","","","","",18.18,14.29,6.67,14.29,11.11,25
http://statistics.gov.scot/id/statistical-geography/S01006553,Summerhill - 01,"","","","","","","","","","","","",12.5,14.29,22.22,28.57,22.22,14.29
http://statistics.gov.scot/id/statistical-geography/S01006554,Summerhill - 02,"","","","","","","","","","","","",14.29,6.25,6.67,0,0,0.00
http://statistics.gov.scot/id/statistical-geography/S01006555,Summerhill - 03,"","","","","","","","","","","","",17.39,33.33,30.77,30,0,0.00
http://statistics.gov.scot/id/statistical-geography/S01006556,Summerhill - 04,"","","","","","","","","","","","",7.14,5.26,6.25,0,0,14.29
http://statistics.gov.scot/id/statistical-geography/S01006557,Summerhill - 05,"","","","","","","","","","","","",33.33,44.44,27.27,13.33,6.67,0.00
http://statistics.gov.scot/id/statistical-geography/S01010340,Summerston Central and West - 01,"","","","","","","","","","","","",0,16.67,16.67,14.29,0,0.00
http://statistics.gov.scot/id/statistical-geography/S01010341,Summerston Central and West - 02,"","","","","","","","","","","","",0,20,14.29,12.5,0,0.00
http://statistics.gov.scot/id/statistical-geography/S01010342,Summerston Central and West - 03,"","","","","","","","","","","","",0,0,0,0,0,0.00
http://statistics.gov.scot/id/statistical-geography/S01010343,Summerston Central and West - 04,"","","","","","","","","","","","",10,7.69,8.33,0,0,0.00
http://statistics.gov.scot/id/statistical-geography/S01010344,Summerston Central and West - 05,"","","","","","","","","","","","",27.27,30.77,14.29,7.14,0,0.00
http://statistics.gov.scot/id/statistical-geography/S01010345,Summerston Central and West - 06,"","","","","","","","","","","","",0,0,0,0,0,0.00
http://statistics.gov.scot/id/statistical-geography/S01010346,Summerston North - 01,"","","","","","","","","","","","",15.38,9.09,0,0,0,0.00
http://statistics.gov.scot/id/statistical-geography/S01010347,Summerston North - 02,"","","","","","","","","","","","",11.54,4.76,19.05,20,25,11.11
http://statistics.gov.scot/id/statistical-geography/S01010348,Summerston North - 03,"","","","","","","","","","","","",21.05,25,14.29,15.38,10,11.11
http://statistics.gov.scot/id/statistical-geography/S01010349,Summerston North - 04,"","","","","","","","","","","","",7.69,16.67,8.33,18.18,15.38,14.29
http://statistics.gov.scot/id/statistical-geography/S01007582,Summerville - 01,"","","","","","","","","","","","",10,11.11,16.67,0,0,0.00
http://statistics.gov.scot/id/statistical-geography/S01007583,Summerville - 02,"","","","","","","","","","","","",17.39,0,5.26,17.39,25,22.73
http://statistics.gov.scot/id/statistical-geography/S01007584,Summerville - 03,"","","","","","","","","","","","",0,0,11.11,12.5,20,40
http://statistics.gov.scot/id/statistical-geography/S01007585,Summerville - 04,"","","","","","","","","","","","",22.22,0,0,16.67,20,14.29
http://statistics.gov.scot/id/statistical-geography/S01007586,Summerville - 05,"","","","","","","","","","","","",0,20,20,15.79,10,19.23
http://statistics.gov.scot/id/statistical-geography/S01007587,Summerville - 06,"","","","","","","","","","","","",0,14.29,16.67,25,0,0.00
http://statistics.gov.scot/id/statistical-geography/S01011592,Sunnyside and Cliftonville - 01,"","","","","","","","","","","","",11.76,7.69,7.69,7.14,6.67,0.00
http://statistics.gov.scot/id/statistical-geography/S01011593,Sunnyside and Cliftonville - 02,"","","","","","","","","","","","",8.33,8.33,0,0,0,0.00
http://statistics.gov.scot/id/statistical-geography/S01011594,Sunnyside and Cliftonville - 03,"","","","","","","","","","","","",0,0,0,0,0,0.00
http://statistics.gov.scot/id/statistical-geography/S01011595,Sunnyside and Cliftonville - 04,"","","","","","","","","","","","",0,0,0,0,0,0.00
http://statistics.gov.scot/id/statistical-geography/S01011596,Sunnyside and Cliftonville - 05,"","","","","","","","","","","","",11.11,5.88,0,0,0,7.14
http://statistics.gov.scot/id/statistical-geography/S01011597,Sunnyside and Cliftonville - 06,"","","","","","","","","","","","",16.67,12.5,0,0,0,0.00
http://statistics.gov.scot/id/statistical-geography/S01010766,Sutherland East - 01,"","","","","","","","","","","","",44.44,36.36,22.22,40,44.44,37.5
http://statistics.gov.scot/id/statistical-geography/S01010767,Sutherland East - 02,"","","","","","","","","","","","",12.5,20,25,20,0,28.57
http://statistics.gov.scot/id/statistical-geography/S01010768,Sutherland East - 03,"","","","","","","","","","","","",0,0,33.33,33.33,100,0.00
http://statistics.gov.scot/id/statistical-geography/S01010769,Sutherland East - 04,"","","","","","","","","","","","",0,0,0,0,0,0.00
http://statistics.gov.scot/id/statistical-geography/S01010770,Sutherland East - 05,"","","","","","","","","","","","",9.09,7.69,9.09,22.22,66.67,60
http://statistics.gov.scot/id/statistical-geography/S01010771,Sutherland East - 06,"","","","","","","","","","","","",0,0,11.11,12.5,16.67,0.00
http://statistics.gov.scot/id/statistical-geography/S01010810,Sutherland North and West - 01,"","","","","","","","","","","","",0,0,0,0,0,0.00
http://statistics.gov.scot/id/statistical-geography/S01010811,Sutherland North and West - 02,"","","","","","","","","","","","",0,10,16.67,23.08,23.08,33.33
http://statistics.gov.scot/id/statistical-geography/S01010812,Sutherland North and West - 03,"","","","","","","","","","","","",100,"",0,0,0,0.00
http://statistics.gov.scot/id/statistical-geography/S01010813,Sutherland North and West - 04,"","","","","","","","","","","","",0,0,0,0,0,0.00
http://statistics.gov.scot/id/statistical-geography/S01010814,Sutherland North and West - 05,"","","","","","","","","","","","",0,0,0,0,0,0.00
http://statistics.gov.scot/id/statistical-geography/S01010815,Sutherland North and West - 06,"","","","","","","","","","","","",33.33,25,25,0,0,0.00
http://statistics.gov.scot/id/statistical-geography/S01010757,Sutherland South - 01,"","","","","","","","","","","","",0,11.11,12.5,16.67,0,0.00
http://statistics.gov.scot/id/statistical-geography/S01010758,Sutherland South - 02,"","","","","","","","","","","","",14.29,0,0,0,25,25
http://statistics.gov.scot/id/statistical-geography/S01010759,Sutherland South - 03,"","","","","","","","","","","","",0,14.29,14.29,14.29,0,0.00
http://statistics.gov.scot/id/statistical-geography/S01010760,Sutherland South - 04,"","","","","","","","","","","","",0,0,0,20,33.33,40
http://statistics.gov.scot/id/statistical-geography/S01010761,Sutherland South - 05,"","","","","","","","","","","","",0,0,0,0,0,0.00
http://statistics.gov.scot/id/statistical-geography/S01010762,Sutherland South - 06,"","","","","","","","","","","","",0,0,0,0,0,0.00
http://statistics.gov.scot/id/statistical-geography/S01010763,Sutherland South - 07,"","","","","","","","","","","","",0,0,0,0,0,0.00
http://statistics.gov.scot/id/statistical-geography/S01010764,Sutherland South - 08,"","","","","","","","","","","","",50,33.33,20,20,0,""
http://statistics.gov.scot/id/statistical-geography/S01010765,Sutherland South - 09,"","","","","","","","","","","","",0,0,0,0,33.33,42.86
http://statistics.gov.scot/id/statistical-geography/S01012301,Swinton Leithholm and Fogo Area,"","","","","","","","","","","","",0,7.69,14.29,18.18,11.11,0.00
http://statistics.gov.scot/id/statistical-geography/S01010752,Tain - 01,"","","","","","","","","","","","",38.46,30.77,0,0,0,0.00
http://statistics.gov.scot/id/statistical-geography/S01010753,Tain - 02,"","","","","","","","","","","","",33.33,25,18.75,16.67,25,22.22
http://statistics.gov.scot/id/statistical-geography/S01010754,Tain - 03,"","","","","","","","","","","","",8.33,14.29,11.11,25,16.67,66.67
http://statistics.gov.scot/id/statistical-geography/S01010755,Tain - 04,"","","","","","","","","","","","",18.18,23.08,36.36,22.22,12.5,0.00
http://statistics.gov.scot/id/statistical-geography/S01010756,Tain - 05,"","","","","","","","","","","","",0,33.33,25,16.67,14.29,14.29
http://statistics.gov.scot/id/statistical-geography/S01009560,Tanshall Central,"","","","","","","","","","","","",31.58,30,28.57,50,41.67,46.15
http://statistics.gov.scot/id/statistical-geography/S01009561,Tanshall East,"","","","","","","","","","","","",12.5,0,0,7.69,10,12.5
http://statistics.gov.scot/id/statistical-geography/S01009556,Tanshall West,"","","","","","","","","","","","",30.77,17.65,7.14,0,16.67,23.08
http://statistics.gov.scot/id/statistical-geography/S01009749,Tayport Central,"","","","","","","","","","","","",0,0,0,0,0,0.00
http://statistics.gov.scot/id/statistical-geography/S01009747,Tayport North,"","","","","","","","","","","","",12.5,30,50,28.57,0,0.00
http://statistics.gov.scot/id/statistical-geography/S01009750,Tayport South,"","","","","","","","","","","","",18.18,7.69,10,11.11,0,0.00
http://statistics.gov.scot/id/statistical-geography/S01009751,Tayport South East,"","","","","","","","","","","","",14.29,9.09,0,10,16.67,22.22
http://statistics.gov.scot/id/statistical-geography/S01009748,Tayport West,"","","","","","","","","","","","",0,16.67,20,20,0,0.00
http://statistics.gov.scot/id/statistical-geography/S01009505,Templehall,"","","","","","","","","","","","",12.5,20,14.29,9.09,25,40
http://statistics.gov.scot/id/statistical-geography/S01009507,Templehall East,"","","","","","","","","","","","",26.67,18.75,23.53,16.67,25,33.33
http://statistics.gov.scot/id/statistical-geography/S01009508,Templehall North,"","","","","","","","","","","","",16.67,21.05,16.67,17.65,15.38,25
http://statistics.gov.scot/id/statistical-geography/S01009506,Templehall North Eastern,"","","","","","","","","","","","",0,0,7.69,15.38,16.67,7.69
http://statistics.gov.scot/id/statistical-geography/S01009502,Templehall West,"","","","","","","","","","","","",22.22,23.53,33.33,25,20,17.65
http://statistics.gov.scot/id/statistical-geography/S01012355,Teviothead and Hermitage Area,"","","","","","","","","","","","",14.29,8.33,11.11,0,0,0.00
http://statistics.gov.scot/id/statistical-geography/S01008454,The Calders - 01,"","","","","","","","","","","","",23.53,12.5,7.14,8.33,37.5,42.86
http://statistics.gov.scot/id/statistical-geography/S01008455,The Calders - 02,"","","","","","","","","","","","",35.71,21.43,18.75,18.18,16.67,0.00
http://statistics.gov.scot/id/statistical-geography/S01008456,The Calders - 03,"","","","","","","","","","","","",13.33,12.5,10.53,6.67,14.29,7.14
http://statistics.gov.scot/id/statistical-geography/S01008457,The Calders - 04,"","","","","","","","","","","","",14.29,11.11,14.29,0,11.11,40
http://statistics.gov.scot/id/statistical-geography/S01008458,The Calders - 05,"","","","","","","","","","","","",20,22.22,18.18,14.29,14.29,0.00
http://statistics.gov.scot/id/statistical-geography/S01007720,The Glens - 01,"","","","","","","","","","","","",25,17.65,17.65,7.69,0,16.67
http://statistics.gov.scot/id/statistical-geography/S01007721,The Glens - 02,"","","","","","","","","","","","",20,11.11,9.52,4.76,4.76,5.26
http://statistics.gov.scot/id/statistical-geography/S01007722,The Glens - 03,"","","","","","","","","","","","",38.89,37.5,36.84,29.17,28.12,16.22
http://statistics.gov.scot/id/statistical-geography/S01007723,The Glens - 04,"","","","","","","","","","","","",25,20,15,20,25,26.67
http://statistics.gov.scot/id/statistical-geography/S01007724,The Glens - 05,"","","","","","","","","","","","",13.04,20,18.52,18.18,18.75,30
http://statistics.gov.scot/id/statistical-geography/S01007725,The Glens - 06,"","","","","","","","","","","","",22.22,11.11,8.7,16.67,23.81,18.75
http://statistics.gov.scot/id/statistical-geography/S01008604,The Grange - 01,"","","","","","","","","","","","",0,0,11.11,0,0,0.00
http://statistics.gov.scot/id/statistical-geography/S01008605,The Grange - 02,"","","","","","","","","","","","",0,0,0,0,0,0.00
http://statistics.gov.scot/id/statistical-geography/S01008606,The Grange - 03,"","","","","","","","","","","","",0,0,0,0,0,0.00
http://statistics.gov.scot/id/statistical-geography/S01008607,The Grange - 04,"","","","","","","","","","","","",0,0,0,0,0,0.00
http://statistics.gov.scot/id/statistical-geography/S01008608,The Grange - 05,"","","","","","","","","","","","",0,0,0,0,0,0.00
http://statistics.gov.scot/id/statistical-geography/S01008609,The Grange - 06,"","","","","","","","","","","","",0,0,0,0,0,0.00
http://statistics.gov.scot/id/statistical-geography/S01008610,The Grange - 07,"","","","","","","","","","","","",0,0,0,0,0,0.00
http://statistics.gov.scot/id/statistical-geography/S01008581,The Inch - 01,"","","","","","","","","","","","",22.22,14.29,0,0,0,7.14
http://statistics.gov.scot/id/statistical-geography/S01008582,The Inch - 02,"","","","","","","","","","","","",0,7.69,6.25,8.33,5.88,14.29
http://statistics.gov.scot/id/statistical-geography/S01008583,The Inch - 03,"","","","","","","","","","","","",0,0,0,7.69,0,0.00
http://statistics.gov.scot/id/statistical-geography/S01008584,The Inch - 04,"","","","","","","","","","","","",11.11,16.67,0,0,0,0.00
http://statistics.gov.scot/id/statistical-geography/S01008585,The Inch - 05,"","","","","","","","","","","","",0,0,0,33.33,20,20
http://statistics.gov.scot/id/statistical-geography/S01008586,The Inch - 06,"","","","","","","","","","","","",42.86,33.33,13.33,6.25,13.33,9.09
http://statistics.gov.scot/id/statistical-geography/S01012990,The Murray - 01,"","","","","","","","","","","","",0,0,0,0,0,14.29
http://statistics.gov.scot/id/statistical-geography/S01012991,The Murray - 02,"","","","","","","","","","","","",0,0,0,25,12.5,16.67
http://statistics.gov.scot/id/statistical-geography/S01012992,The Murray - 03,"","","","","","","","","","","","",12.5,9.09,0,0,0,0.00
http://statistics.gov.scot/id/statistical-geography/S01012993,The Murray - 04,"","","","","","","","","","","","",12.5,11.11,0,0,0,0.00
http://statistics.gov.scot/id/statistical-geography/S01012994,The Murray - 05,"","","","","","","","","","","","",7.69,0,11.11,10,9.09,0.00
http://statistics.gov.scot/id/statistical-geography/S01009726,The Scores,"","","","","","","","","","","","","",0,0,0,"",""
http://statistics.gov.scot/id/statistical-geography/S01008778,The Shore and Constitution Street - 01,"","","","","","","","","","","","",0,4.76,7.41,7.41,3.7,0.00
http://statistics.gov.scot/id/statistical-geography/S01008779,The Shore and Constitution Street - 02,"","","","","","","","","","","","",0,0,0,0,0,0.00
http://statistics.gov.scot/id/statistical-geography/S01008780,The Shore and Constitution Street - 03,"","","","","","","","","","","","",0,0,0,0,0,0.00
http://statistics.gov.scot/id/statistical-geography/S01008781,The Shore and Constitution Street - 04,"","","","","","","","","","","","",0,0,0,0,0,0.00
http://statistics.gov.scot/id/statistical-geography/S01008782,The Shore and Constitution Street - 05,"","","","","","","","","","","","",0,0,0,0,0,0.00
http://statistics.gov.scot/id/statistical-geography/S01008783,The Shore and Constitution Street - 06,"","","","","","","","","","","","",0,0,0,0,0,0.00
http://statistics.gov.scot/id/statistical-geography/S01008784,The Shore and Constitution Street - 07,"","","","","","","","","","","","",0,0,16.67,33.33,25,0.00
http://statistics.gov.scot/id/statistical-geography/S01007559,Thornhill - 01,"","","","","","","","","","","","",0,0,0,0,0,0.00
http://statistics.gov.scot/id/statistical-geography/S01007560,Thornhill - 02,"","","","","","","","","","","","",30,28.57,16.67,0,25,20
http://statistics.gov.scot/id/statistical-geography/S01007561,Thornhill - 03,"","","","","","","","","","","","",0,0,0,33.33,33.33,20
http://statistics.gov.scot/id/statistical-geography/S01007562,Thornhill - 04,"","","","","","","","","","","","",7.69,12.5,0,0,0,0.00
http://statistics.gov.scot/id/statistical-geography/S01007563,Thornhill - 05,"","","","","","","","","","","","",0,0,14.29,12.5,12.5,0.00
http://statistics.gov.scot/id/statistical-geography/S01009549,Thornton North,"","","","","","","","","","","","",7.69,0,0,0,0,15.38
http://statistics.gov.scot/id/statistical-geography/S01009548,Thornton South,"","","","","","","","","","","","",14.29,12.5,0,10,9.09,14.29
http://statistics.gov.scot/id/statistical-geography/S01012948,"Thorntonhall, Jackton and Gardenhall - 01","","","","","","","","","","","","",12.5,0,0,0,0,0.00
http://statistics.gov.scot/id/statistical-geography/S01012949,"Thorntonhall, Jackton and Gardenhall - 02","","","","","","","","","","","","",0,0,0,0,0,0.00
http://statistics.gov.scot/id/statistical-geography/S01012950,"Thorntonhall, Jackton and Gardenhall - 03","","","","","","","","","","","","",0,0,0,0,0,0.00
http://statistics.gov.scot/id/statistical-geography/S01012951,"Thorntonhall, Jackton and Gardenhall - 04","","","","","","","","","","","","",0,0,0,0,0,0.00
http://statistics.gov.scot/id/statistical-geography/S01012952,"Thorntonhall, Jackton and Gardenhall - 05","","","","","","","","","","","","",0,0,0,0,0,0.00
http://statistics.gov.scot/id/statistical-geography/S01011005,Thornybank - 01,"","","","","","","","","","","","",0,0,12.5,16.67,16.67,0.00
http://statistics.gov.scot/id/statistical-geography/S01011006,Thornybank - 02,"","","","","","","","","","","","",12.5,4.76,4.55,7.69,15.38,11.43
http://statistics.gov.scot/id/statistical-geography/S01011007,Thornybank - 03,"","","","","","","","","","","","",14.29,20,37.5,22.22,14.29,0.00
http://statistics.gov.scot/id/statistical-geography/S01011008,Thornybank - 04,"","","","","","","","","","","","",11.11,0,33.33,25,16.67,16.67
http://statistics.gov.scot/id/statistical-geography/S01011009,Thornybank - 05,"","","","","","","","","","","","",75,40,33.33,25,20,0.00
http://statistics.gov.scot/id/statistical-geography/S01011655,Thrashbush - 01,"","","","","","","","","","","","",25,16.67,20,13.33,25,43.75
http://statistics.gov.scot/id/statistical-geography/S01011656,Thrashbush - 02,"","","","","","","","","","","","",30.77,46.15,45.45,33.33,28.57,25
http://statistics.gov.scot/id/statistical-geography/S01011657,Thrashbush - 03,"","","","","","","","","","","","",40,40,28.57,0,0,0.00
http://statistics.gov.scot/id/statistical-geography/S01011658,Thrashbush - 04,"","","","","","","","","","","","",9.09,7.14,7.69,0,0,0.00
http://statistics.gov.scot/id/statistical-geography/S01011659,Thrashbush - 05,"","","","","","","","","","","","",25,20,0,0,14.29,0.00
http://statistics.gov.scot/id/statistical-geography/S01011660,Thrashbush - 06,"","","","","","","","","","","","",0,0,0,0,0,0.00
http://statistics.gov.scot/id/statistical-geography/S01011661,Thrashbush - 07,"","","","","","","","","","","","",33.33,12.5,10,20,16.67,16.67
http://statistics.gov.scot/id/statistical-geography/S01011662,Thrashbush - 08,"","","","","","","","","","","","",0,0,0,0,0,0.00
http://statistics.gov.scot/id/statistical-geography/S01010799,Thurso East - 01,"","","","","","","","","","","","",0,20,20,12.5,0,0.00
http://statistics.gov.scot/id/statistical-geography/S01010800,Thurso East - 02,"","","","","","","","","","","","",17.65,33.33,36.36,37.5,14.29,22.22
http://statistics.gov.scot/id/statistical-geography/S01010801,Thurso East - 03,"","","","","","","","","","","","",45.45,25,15.38,0,0,0.00
http://statistics.gov.scot/id/statistical-geography/S01010802,Thurso East - 04,"","","","","","","","","","","","",16.67,16.67,0,0,0,0.00
http://statistics.gov.scot/id/statistical-geography/S01010803,Thurso West - 01,"","","","","","","","","","","","",28.57,37.5,16.67,20,0,0.00
http://statistics.gov.scot/id/statistical-geography/S01010804,Thurso West - 02,"","","","","","","","","","","","",33.33,100,25,0,0,0.00
http://statistics.gov.scot/id/statistical-geography/S01010805,Thurso West - 03,"","","","","","","","","","","","",0,0,0,0,0,0.00
http://statistics.gov.scot/id/statistical-geography/S01010806,Thurso West - 04,"","","","","","","","","","","","",22.73,35.29,28.57,12.5,11.11,20
http://statistics.gov.scot/id/statistical-geography/S01010807,Thurso West - 05,"","","","","","","","","","","","",0,0,0,0,0,0.00
http://statistics.gov.scot/id/statistical-geography/S01010808,Thurso West - 06,"","","","","","","","","","","","",0,0,0,0,33.33,30
http://statistics.gov.scot/id/statistical-geography/S01010809,Thurso West - 07,"","","","","","","","","","","","",0,0,0,0,0,0.00
http://statistics.gov.scot/id/statistical-geography/S01007435,Tillicoultry - 01,"","","","","","","","","","","","",16.67,16.67,16.67,16.67,9.09,7.69
http://statistics.gov.scot/id/statistical-geography/S01007436,Tillicoultry - 02,"","","","","","","","","","","","",11.11,11.11,10,28.57,14.29,20
http://statistics.gov.scot/id/statistical-geography/S01007437,Tillicoultry - 03,"","","","","","","","","","","","",16.67,16.67,14.29,0,11.11,14.29
http://statistics.gov.scot/id/statistical-geography/S01007438,Tillicoultry - 04,"","","","","","","","","","","","",0,25,16.67,12.5,0,0.00
http://statistics.gov.scot/id/statistical-geography/S01007439,Tillicoultry - 05,"","","","","","","","","","","","",16.67,25,25,20,0,0.00
http://statistics.gov.scot/id/statistical-geography/S01007440,Tillicoultry - 06,"","","","","","","","","","","","",0,0,25,10,10,12.5
http://statistics.gov.scot/id/statistical-geography/S01007441,Tillicoultry - 07,"","","","","","","","","","","","",0,0,0,0,0,0.00
http://statistics.gov.scot/id/statistical-geography/S01007442,Tillicoultry - 08,"","","","","","","","","","","","",0,0,0,0,0,0.00
http://statistics.gov.scot/id/statistical-geography/S01006675,Tillydrone - 01,"","","","","","","","","","","","",13.04,8.33,6.67,4.76,16,22.22
http://statistics.gov.scot/id/statistical-geography/S01006676,Tillydrone - 02,"","","","","","","","","","","","",18.75,11.11,7.69,7.14,9.09,0.00
http://statistics.gov.scot/id/statistical-geography/S01006677,Tillydrone - 03,"","","","","","","","","","","","",11.76,16.67,12.5,7.14,8.33,11.11
http://statistics.gov.scot/id/statistical-geography/S01006678,Tillydrone - 04,"","","","","","","","","","","","",11.76,5.26,13.46,14.29,17.65,6.06
http://statistics.gov.scot/id/statistical-geography/S01006679,Tillydrone - 05,"","","","","","","","","","","","",0,0,0,0,0,0.00
http://statistics.gov.scot/id/statistical-geography/S01006680,Tillydrone - 06,"","","","","","","","","","","","",5,13.79,9.76,12.5,6.67,6.25
http://statistics.gov.scot/id/statistical-geography/S01009606,Tofthill and Balbirnie Park,"","","","","","","","","","","","",0,0,5.26,6.67,11.11,0.00
http://statistics.gov.scot/id/statistical-geography/S01008659,Tollcross - 01,"","","","","","","","","","","","",9.09,9.09,12.5,0,0,0.00
http://statistics.gov.scot/id/statistical-geography/S01010142,Tollcross - 01,"","","","","","","","","","","","",0,0,10,20,15.38,10
http://statistics.gov.scot/id/statistical-geography/S01008660,Tollcross - 02,"","","","","","","","","","","","",6.67,0,0,0,0,0.00
http://statistics.gov.scot/id/statistical-geography/S01010143,Tollcross - 02,"","","","","","","","","","","","",12.5,10,8.33,0,0,0.00
http://statistics.gov.scot/id/statistical-geography/S01008661,Tollcross - 03,"","","","","","","","","","","","",0,0,0,0,0,0.00
http://statistics.gov.scot/id/statistical-geography/S01010144,Tollcross - 03,"","","","","","","","","","","","",14.29,22.22,12.5,5.88,0,0.00
http://statistics.gov.scot/id/statistical-geography/S01008662,Tollcross - 04,"","","","","","","","","","","","",0,0,0,0,0,0.00
http://statistics.gov.scot/id/statistical-geography/S01010145,Tollcross - 04,"","","","","","","","","","","","",21.05,17.65,5.26,5,5.26,6.25
http://statistics.gov.scot/id/statistical-geography/S01008663,Tollcross - 05,"","","","","","","","","","","","",0,0,7.14,16.67,14.29,0.00
http://statistics.gov.scot/id/statistical-geography/S01010146,Tollcross - 05,"","","","","","","","","","","","",4,4.76,20,20,28.57,0.00
http://statistics.gov.scot/id/statistical-geography/S01008664,Tollcross - 06,"","","","","","","","","","","","",0,0,0,0,0,0.00
http://statistics.gov.scot/id/statistical-geography/S01008665,Tollcross - 07,"","","","","","","","","","","","",0,12.5,20,20,9.09,0.00
http://statistics.gov.scot/id/statistical-geography/S01008084,Torrance and Balmore - 01,"","","","","","","","","","","","",0,11.11,9.09,7.14,0,0.00
http://statistics.gov.scot/id/statistical-geography/S01008085,Torrance and Balmore - 02,"","","","","","","","","","","","",14.29,0,0,0,0,0.00
http://statistics.gov.scot/id/statistical-geography/S01008086,Torrance and Balmore - 03,"","","","","","","","","","","","",0,0,0,0,0,0.00
http://statistics.gov.scot/id/statistical-geography/S01006631,Torry East - 01,"","","","","","","","","","","","",20,16,11.76,12.5,8.33,9.09
http://statistics.gov.scot/id/statistical-geography/S01006632,Torry East - 02,"","","","","","","","","","","","",15.38,13.33,10.53,0,6.25,16.67
http://statistics.gov.scot/id/statistical-geography/S01006633,Torry East - 03,"","","","","","","","","","","","",33.33,38.46,22.22,11.11,10,11.11
http://statistics.gov.scot/id/statistical-geography/S01006634,Torry East - 04,"","","","","","","","","","","","",8,7.69,22.73,26.32,37.5,28.57
http://statistics.gov.scot/id/statistical-geography/S01006635,Torry East - 05,"","","","","","","","","","","","",23.08,20,25,30,16.67,12.5
http://statistics.gov.scot/id/statistical-geography/S01006636,Torry East - 06,"","","","","","","","","","","","",60,53.33,30.77,21.43,21.05,16.67
http://statistics.gov.scot/id/statistical-geography/S01006624,Torry West - 01,"","","","","","","","","","","","",4.35,4.17,4.35,4.35,5.88,0.00
http://statistics.gov.scot/id/statistical-geography/S01006625,Torry West - 02,"","","","","","","","","","","","",14.29,20,12.5,0,0,0.00
http://statistics.gov.scot/id/statistical-geography/S01006626,Torry West - 03,"","","","","","","","","","","","",14.29,6.25,11.76,10,12.5,0.00
http://statistics.gov.scot/id/statistical-geography/S01006627,Torry West - 04,"","","","","","","","","","","","",0,5.56,6.25,5.88,0,0.00
http://statistics.gov.scot/id/statistical-geography/S01006628,Torry West - 05,"","","","","","","","","","","","",4.55,6.12,5.88,3.03,0,0.00
http://statistics.gov.scot/id/statistical-geography/S01006629,Torry West - 06,"","","","","","","","","","","","",20,12.5,21.74,22.22,23.53,16.67
http://statistics.gov.scot/id/statistical-geography/S01006630,Torry West - 07,"","","","","","","","","","","","",36.36,25,22.22,12.5,11.11,10
http://statistics.gov.scot/id/statistical-geography/S01009278,Torryburn,"","","","","","","","","","","","",0,0,0,0,0,0.00
http://statistics.gov.scot/id/statistical-geography/S01010016,Toryglen and Oatlands - 01,"","","","","","","","","","","","",50,37.5,22.22,33.33,28.57,25
http://statistics.gov.scot/id/statistical-geography/S01010017,Toryglen and Oatlands - 02,"","","","","","","","","","","","",6.67,15.38,15.38,9.09,0,33.33
http://statistics.gov.scot/id/statistical-geography/S01010018,Toryglen and Oatlands - 03,"","","","","","","","","","","","",2.94,7.14,6.45,3.45,0,0.00
http://statistics.gov.scot/id/statistical-geography/S01010019,Toryglen and Oatlands - 04,"","","","","","","","","","","","",23.08,9.09,10,10,8.33,0.00
http://statistics.gov.scot/id/statistical-geography/S01010020,Toryglen and Oatlands - 05,"","","","","","","","","","","","",12.5,0,0,0,0,10
http://statistics.gov.scot/id/statistical-geography/S01010021,Toryglen and Oatlands - 06,"","","","","","","","","","","","",25,50,25,12.5,0,0.00
http://statistics.gov.scot/id/statistical-geography/S01010022,Toryglen and Oatlands - 07,"","","","","","","","","","","","",12.5,4.55,3.45,2.7,6.52,3.85
http://statistics.gov.scot/id/statistical-geography/S01009336,Touch,"","","","","","","","","","","","",33.33,23.81,31.25,12.5,18.18,14.29
http://statistics.gov.scot/id/statistical-geography/S01012328,Town Yetholm,"","","","","","","","","","","","",12.5,0,11.11,22.22,28.57,50
http://statistics.gov.scot/id/statistical-geography/S01011585,Townhead - 01,"","","","","","","","","","","","",11.11,0,12.5,30,33.33,20
http://statistics.gov.scot/id/statistical-geography/S01011586,Townhead - 02,"","","","","","","","","","","","",0,0,0,33.33,100,100
http://statistics.gov.scot/id/statistical-geography/S01011587,Townhead - 03,"","","","","","","","","","","","",17.65,18.75,20,12.5,14.29,0.00
http://statistics.gov.scot/id/statistical-geography/S01011588,Townhead - 04,"","","","","","","","","","","","",33.33,33.33,28.57,16.67,25,33.33
http://statistics.gov.scot/id/statistical-geography/S01011589,Townhead - 05,"","","","","","","","","","","","",12.5,8.33,0,0,0,0.00
http://statistics.gov.scot/id/statistical-geography/S01011590,Townhead - 06,"","","","","","","","","","","","",16.67,20,33.33,28.57,25,25
http://statistics.gov.scot/id/statistical-geography/S01011591,Townhead - 07,"","","","","","","","","","","","",42.86,50,55.56,40,30,0.00
http://statistics.gov.scot/id/statistical-geography/S01009323,Townhill East,"","","","","","","","","","","","",25,40,75,25,10,0.00
http://statistics.gov.scot/id/statistical-geography/S01009324,Townhill West,"","","","","","","","","","","","",7.69,9.09,9.09,22.22,12.5,25
http://statistics.gov.scot/id/statistical-geography/S01009316,Transy,"","","","","","","","","","","","",0,0,0,0,0,0.00
http://statistics.gov.scot/id/statistical-geography/S01008826,Trinity - 01,"","","","","","","","","","","","",0,12.5,15.38,10,10,0.00
http://statistics.gov.scot/id/statistical-geography/S01008827,Trinity - 02,"","","","","","","","","","","","",0,0,0,0,0,0.00
http://statistics.gov.scot/id/statistical-geography/S01008828,Trinity - 03,"","","","","","","","","","","","",0,0,0,0,0,0.00
http://statistics.gov.scot/id/statistical-geography/S01008829,Trinity - 04,"","","","","","","","","","","","",0,0,0,0,0,0.00
http://statistics.gov.scot/id/statistical-geography/S01008830,Trinity - 05,"","","","","","","","","","","","",0,0,12.5,0,0,0.00
http://statistics.gov.scot/id/statistical-geography/S01008831,Trinity - 06,"","","","","","","","","","","","",0,0,0,0,0,0.00
http://statistics.gov.scot/id/statistical-geography/S01008821,Trinity East and The Dudleys - 01,"","","","","","","","","","","","",0,0,0,0,0,0.00
http://statistics.gov.scot/id/statistical-geography/S01008822,Trinity East and The Dudleys - 02,"","","","","","","","","","","","",0,0,0,0,0,0.00
http://statistics.gov.scot/id/statistical-geography/S01008823,Trinity East and The Dudleys - 03,"","","","","","","","","","","","",0,0,0,0,0,0.00
http://statistics.gov.scot/id/statistical-geography/S01008824,Trinity East and The Dudleys - 04,"","","","","","","","","","","","",10,0,0,0,0,0.00
http://statistics.gov.scot/id/statistical-geography/S01008825,Trinity East and The Dudleys - 05,"","","","","","","","","","","","",0,0,0,0,0,0.00
http://statistics.gov.scot/id/statistical-geography/S01012563,Troon - 01,"","","","","","","","","","","","",0,0,0,0,0,0.00
http://statistics.gov.scot/id/statistical-geography/S01012564,Troon - 02,"","","","","","","","","","","","",0,0,0,0,0,0.00
http://statistics.gov.scot/id/statistical-geography/S01012565,Troon - 03,"","","","","","","","","","","","",0,0,0,0,0,0.00
http://statistics.gov.scot/id/statistical-geography/S01012566,Troon - 04,"","","","","","","","","","","","",16.67,37.5,25,28.57,0,20
http://statistics.gov.scot/id/statistical-geography/S01012567,Troon - 05,"","","","","","","","","","","","",5.56,12.5,14.29,16.67,0,0.00
http://statistics.gov.scot/id/statistical-geography/S01012568,Troon - 06,"","","","","","","","","","","","",66.67,0,0,0,0,0.00
http://statistics.gov.scot/id/statistical-geography/S01012569,Troon - 07,"","","","","","","","","","","","",0,0,0,0,0,0.00
http://statistics.gov.scot/id/statistical-geography/S01007588,Troqueer - 01,"","","","","","","","","","","","",16.67,20,25,33.33,0,0.00
http://statistics.gov.scot/id/statistical-geography/S01007589,Troqueer - 02,"","","","","","","","","","","","",33.33,42.86,25,0,0,0.00
http://statistics.gov.scot/id/statistical-geography/S01007590,Troqueer - 03,"","","","","","","","","","","","",0,0,0,0,0,0.00
http://statistics.gov.scot/id/statistical-geography/S01007591,Troqueer - 04,"","","","","","","","","","","","",9.09,10,11.11,20,14.29,20
http://statistics.gov.scot/id/statistical-geography/S01007592,Troqueer - 05,"","","","","","","","","","","","",12.5,15.38,11.11,20,0,0.00
http://statistics.gov.scot/id/statistical-geography/S01007415,Tullibody North and Glenochil - 01,"","","","","","","","","","","","",0,0,8.33,23.08,21.43,21.43
http://statistics.gov.scot/id/statistical-geography/S01007416,Tullibody North and Glenochil - 02,"","","","","","","","","","","","",28.57,33.33,0,16.67,22.22,33.33
http://statistics.gov.scot/id/statistical-geography/S01007417,Tullibody North and Glenochil - 03,"","","","","","","","","","","","",5.26,8.33,0,0,0,0.00
http://statistics.gov.scot/id/statistical-geography/S01007418,Tullibody North and Glenochil - 04,"","","","","","","","","","","","",50,37.5,14.29,12.5,11.11,0.00
http://statistics.gov.scot/id/statistical-geography/S01007419,Tullibody North and Glenochil - 05,"","","","","","","","","","","","",33.33,35.71,18.75,13.33,14.29,21.05
http://statistics.gov.scot/id/statistical-geography/S01007420,Tullibody North and Glenochil - 06,"","","","","","","","","","","","",6.25,14.29,5.88,5.56,0,0.00
http://statistics.gov.scot/id/statistical-geography/S01007409,Tullibody South - 01,"","","","","","","","","","","","",20,25,16.67,0,9.09,6.67
http://statistics.gov.scot/id/statistical-geography/S01007410,Tullibody South - 02,"","","","","","","","","","","","",25,14.29,0,0,0,0.00
http://statistics.gov.scot/id/statistical-geography/S01007411,Tullibody South - 03,"","","","","","","","","","","","",17.39,15,19.05,16.67,10,7.14
http://statistics.gov.scot/id/statistical-geography/S01007412,Tullibody South - 04,"","","","","","","","","","","","",16.67,25,25,33.33,42.86,42.86
http://statistics.gov.scot/id/statistical-geography/S01007413,Tullibody South - 05,"","","","","","","","","","","","",5.26,0,6.67,5.56,7.14,0.00
http://statistics.gov.scot/id/statistical-geography/S01007414,Tullibody South - 06,"","","","","","","","","","","","",0,0,0,0,0,0.00
http://statistics.gov.scot/id/statistical-geography/S01007017,Turriff - 01,"","","","","","","","","","","","",0,0,0,7.14,7.69,11.11
http://statistics.gov.scot/id/statistical-geography/S01007018,Turriff - 02,"","","","","","","","","","","","",0,0,0,0,0,0.00
http://statistics.gov.scot/id/statistical-geography/S01007019,Turriff - 03,"","","","","","","","","","","","",0,0,0,16.67,0,0.00
http://statistics.gov.scot/id/statistical-geography/S01007020,Turriff - 04,"","","","","","","","","","","","",16.67,11.11,0,0,0,0.00
http://statistics.gov.scot/id/statistical-geography/S01007021,Turriff - 05,"","","","","","","","","","","","",18.75,18.18,7.69,0,6.25,0.00
http://statistics.gov.scot/id/statistical-geography/S01007022,Turriff - 06,"","","","","","","","","","","","",16.67,0,0,0,0,0.00
http://statistics.gov.scot/id/statistical-geography/S01008145,Twechar and Harestanes East - 01,"","","","","","","","","","","","",21.43,42.86,25,30.77,22.22,6.67
http://statistics.gov.scot/id/statistical-geography/S01008146,Twechar and Harestanes East - 02,"","","","","","","","","","","","",20,33.33,28.57,33.33,25,0.00
http://statistics.gov.scot/id/statistical-geography/S01008147,Twechar and Harestanes East - 03,"","","","","","","","","","","","",9.09,9.09,7.69,0,0,9.09
http://statistics.gov.scot/id/statistical-geography/S01008148,Twechar and Harestanes East - 04,"","","","","","","","","","","","",0,0,0,0,0,0.00
http://statistics.gov.scot/id/statistical-geography/S01012295,Tweedbank - East,"","","","","","","","","","","","",7.69,20,20,22.22,11.11,16.67
http://statistics.gov.scot/id/statistical-geography/S01012294,Tweedbank - North,"","","","","","","","","","","","",9.09,16.67,16.67,9.09,0,0.00
http://statistics.gov.scot/id/statistical-geography/S01012293,Tweedbank - West,"","","","","","","","","","","","",0,0,0,0,25,25
http://statistics.gov.scot/id/statistical-geography/S01012262,Tweeddale East Landward,"","","","","","","","","","","","",6.67,6.25,0,0,0,0.00
http://statistics.gov.scot/id/statistical-geography/S01012807,Uddingston and Gardenside - 01,"","","","","","","","","","","","",0,0,0,0,0,0.00
http://statistics.gov.scot/id/statistical-geography/S01012808,Uddingston and Gardenside - 02,"","","","","","","","","","","","",0,0,0,0,0,0.00
http://statistics.gov.scot/id/statistical-geography/S01012809,Uddingston and Gardenside - 03,"","","","","","","","","","","","",10,12.5,15.38,6.25,5.56,0.00
http://statistics.gov.scot/id/statistical-geography/S01012810,Uddingston and Gardenside - 04,"","","","","","","","","","","","",18.75,15.79,6.67,0,20,40
http://statistics.gov.scot/id/statistical-geography/S01012811,Uddingston and Gardenside - 05,"","","","","","","","","","","","",11.11,12.5,0,0,0,0.00
http://statistics.gov.scot/id/statistical-geography/S01012812,Uddingston and Gardenside - 06,"","","","","","","","","","","","",0,0,0,0,0,0.00
http://statistics.gov.scot/id/statistical-geography/S01012813,Uddingston and Gardenside - 07,"","","","","","","","","","","","",5.88,0,0,0,0,0.00
http://statistics.gov.scot/id/statistical-geography/S01013464,"Uphall, Dechmont and Ecclesmachan - 01","","","","","","","","","","","","",0,0,0,0,0,0.00
http://statistics.gov.scot/id/statistical-geography/S01013465,"Uphall, Dechmont and Ecclesmachan - 02","","","","","","","","","","","","",0,0,0,0,0,0.00
http://statistics.gov.scot/id/statistical-geography/S01013466,"Uphall, Dechmont and Ecclesmachan - 03","","","","","","","","","","","","",0,0,"",0,0,0.00
http://statistics.gov.scot/id/statistical-geography/S01013467,"Uphall, Dechmont and Ecclesmachan - 04","","","","","","","","","","","","",0,0,0,0,11.11,10
http://statistics.gov.scot/id/statistical-geography/S01013468,"Uphall, Dechmont and Ecclesmachan - 05","","","","","","","","","","","","",0,0,0,20,40,40
http://statistics.gov.scot/id/statistical-geography/S01013469,"Uphall, Dechmont and Ecclesmachan - 06","","","","","","","","","","","","",0,0,0,0,16.67,25
http://statistics.gov.scot/id/statistical-geography/S01013470,"Uphall, Dechmont and Ecclesmachan - 07","","","","","","","","","","","","",28.57,33.33,57.14,20,23.08,7.14
http://statistics.gov.scot/id/statistical-geography/S01013471,"Uphall, Dechmont and Ecclesmachan - 08","","","","","","","","","","","","",14.29,0,0,16.67,0,20
http://statistics.gov.scot/id/statistical-geography/S01007552,Upper Nithsdale - 01,"","","","","","","","","","","","",7.69,9.09,0,0,0,7.69
http://statistics.gov.scot/id/statistical-geography/S01007553,Upper Nithsdale - 02,"","","","","","","","","","","","",33.33,42.86,25,20,15.38,11.11
http://statistics.gov.scot/id/statistical-geography/S01007554,Upper Nithsdale - 03,"","","","","","","","","","","","",0,0,11.11,25,25,50
http://statistics.gov.scot/id/statistical-geography/S01007555,Upper Nithsdale - 04,"","","","","","","","","","","","",50,50,0,0,0,0.00
http://statistics.gov.scot/id/statistical-geography/S01007556,Upper Nithsdale - 05,"","","","","","","","","","","","",40,25,0,0,0,0.00
http://statistics.gov.scot/id/statistical-geography/S01007557,Upper Nithsdale - 06,"","","","","","","","","","","","",33.33,25,33.33,30.77,37.5,28.57
http://statistics.gov.scot/id/statistical-geography/S01007558,Upper Nithsdale - 07,"","","","","","","","","","","","",0,0,"",0,0,0.00
http://statistics.gov.scot/id/statistical-geography/S01012830,Vicarland and Cairns - 01,"","","","","","","","","","","","",33.33,20,8.33,0,0,0.00
http://statistics.gov.scot/id/statistical-geography/S01012831,Vicarland and Cairns - 02,"","","","","","","","","","","","",0,0,0,0,0,0.00
http://statistics.gov.scot/id/statistical-geography/S01012832,Vicarland and Cairns - 03,"","","","","","","","","","","","",0,14.29,33.33,33.33,42.86,50
http://statistics.gov.scot/id/statistical-geography/S01012833,Vicarland and Cairns - 04,"","","","","","","","","","","","",0,11.11,16.67,18.18,7.69,20
http://statistics.gov.scot/id/statistical-geography/S01012834,Vicarland and Cairns - 05,"","","","","","","","","","","","",12.5,12.5,0,0,0,0.00
http://statistics.gov.scot/id/statistical-geography/S01012835,Vicarland and Cairns - 06,"","","","","","","","","","","","",0,0,0,0,0,0.00
http://statistics.gov.scot/id/statistical-geography/S01010420,Victoria Park - 01,"","","","","","","","","","","","",0,0,0,0,0,0.00
http://statistics.gov.scot/id/statistical-geography/S01010421,Victoria Park - 02,"","","","","","","","","","","","",0,0,0,0,0,0.00
http://statistics.gov.scot/id/statistical-geography/S01010422,Victoria Park - 03,"","","","","","","","","","","","",0,0,0,0,0,0.00
http://statistics.gov.scot/id/statistical-geography/S01009565,Viewfield North and Rimbleton South,"","","","","","","","","","","","",57.14,12.5,18.18,18.18,28.57,33.33
http://statistics.gov.scot/id/statistical-geography/S01011892,"Viewlands, Craigie and Wellshill - 01","","","","","","","","","","","","",5,5.88,4.76,0,0,0.00
http://statistics.gov.scot/id/statistical-geography/S01011893,"Viewlands, Craigie and Wellshill - 02","","","","","","","","","","","","",5.88,6.67,4.55,7.69,7.41,10
http://statistics.gov.scot/id/statistical-geography/S01011894,"Viewlands, Craigie and Wellshill - 03","","","","","","","","","","","","",0,11.11,10,9.09,0,0.00
http://statistics.gov.scot/id/statistical-geography/S01011895,"Viewlands, Craigie and Wellshill - 04","","","","","","","","","","","","",10,0,0,14.29,16.67,33.33
http://statistics.gov.scot/id/statistical-geography/S01011896,"Viewlands, Craigie and Wellshill - 05","","","","","","","","","","","","",14.29,10,0,0,0,0.00
http://statistics.gov.scot/id/statistical-geography/S01011897,"Viewlands, Craigie and Wellshill - 06","","","","","","","","","","","","",12.5,0,0,0,0,0.00
http://statistics.gov.scot/id/statistical-geography/S01011898,"Viewlands, Craigie and Wellshill - 07","","","","","","","","","","","","",0,0,0,0,0,0.00
http://statistics.gov.scot/id/statistical-geography/S01011539,Viewpark - 01,"","","","","","","","","","","","",9.09,11.11,10,8.33,0,0.00
http://statistics.gov.scot/id/statistical-geography/S01011540,Viewpark - 02,"","","","","","","","","","","","",0,0,0,0,0,0.00
http://statistics.gov.scot/id/statistical-geography/S01011541,Viewpark - 03,"","","","","","","","","","","","",15.38,16.67,9.09,0,11.11,11.11
http://statistics.gov.scot/id/statistical-geography/S01011542,Viewpark - 04,"","","","","","","","","","","","",27.78,18.75,20,0,0,9.09
http://statistics.gov.scot/id/statistical-geography/S01011543,Viewpark - 05,"","","","","","","","","","","","",30.77,35.71,23.08,22.22,14.29,14.29
http://statistics.gov.scot/id/statistical-geography/S01011544,Viewpark - 06,"","","","","","","","","","","","",0,0,0,0,0,0.00
http://statistics.gov.scot/id/statistical-geography/S01011545,Viewpark - 07,"","","","","","","","","","","","",30,15.38,15.38,11.11,16.67,0.00
http://statistics.gov.scot/id/statistical-geography/S01011766,Village and Castlecary - 01,"","","","","","","","","","","","",0,0,0,0,20,20
http://statistics.gov.scot/id/statistical-geography/S01011767,Village and Castlecary - 02,"","","","","","","","","","","","",7.69,25,30.77,22.22,0,0.00
http://statistics.gov.scot/id/statistical-geography/S01011768,Village and Castlecary - 03,"","","","","","","","","","","","",11.76,10.53,4.35,0,5.56,7.69
http://statistics.gov.scot/id/statistical-geography/S01011769,Village and Castlecary - 04,"","","","","","","","","","","","",14.29,9.09,11.11,0,0,12.5
http://statistics.gov.scot/id/statistical-geography/S01011770,Village and Castlecary - 05,"","","","","","","","","","","","",10,5.88,7.14,9.09,11.11,0.00
http://statistics.gov.scot/id/statistical-geography/S01012263,Walkerburn,"","","","","","","","","","","","",16.67,12.5,14.29,25,25,14.29
http://statistics.gov.scot/id/statistical-geography/S01009584,Warout,"","","","","","","","","","","","",0,0,0,0,0,16.67
http://statistics.gov.scot/id/statistical-geography/S01009292,Wellwood,"","","","","","","","","","","","",22.22,20,25,33.33,28.57,12.5
http://statistics.gov.scot/id/statistical-geography/S01009544,Wemyss Villages,"","","","","","","","","","","","",0,12.5,20,12.5,9.09,11.76
http://statistics.gov.scot/id/statistical-geography/S01010832,"West Braeside, East Inverkip and West Gourock - 01","","","","","","","","","","","","",0,0,0,0,0,0.00
http://statistics.gov.scot/id/statistical-geography/S01010833,"West Braeside, East Inverkip and West Gourock - 02","","","","","","","","","","","","",0,0,0,0,0,0.00
http://statistics.gov.scot/id/statistical-geography/S01010834,"West Braeside, East Inverkip and West Gourock - 03","","","","","","","","","","","","",50,33.33,0,0,0,0.00
http://statistics.gov.scot/id/statistical-geography/S01010835,"West Braeside, East Inverkip and West Gourock - 04","","","","","","","","","","","","",0,0,0,0,0,0.00
http://statistics.gov.scot/id/statistical-geography/S01013256,West Calder and Polbeth - 01,"","","","","","","","","","","","",20,16.67,0,0,0,0.00
http://statistics.gov.scot/id/statistical-geography/S01013257,West Calder and Polbeth - 02,"","","","","","","","","","","","",0,0,0,0,0,0.00
http://statistics.gov.scot/id/statistical-geography/S01013258,West Calder and Polbeth - 03,"","","","","","","","","","","","",0,0,0,16.67,25,12.5
http://statistics.gov.scot/id/statistical-geography/S01013259,West Calder and Polbeth - 04,"","","","","","","","","","","","",0,0,0,0,0,0.00
http://statistics.gov.scot/id/statistical-geography/S01013260,West Calder and Polbeth - 05,"","","","","","","","","","","","",27.27,25,20,11.11,14.29,0.00
http://statistics.gov.scot/id/statistical-geography/S01013261,West Calder and Polbeth - 06,"","","","","","","","","","","","",11.11,0,0,12.5,10,0.00
http://statistics.gov.scot/id/statistical-geography/S01013262,West Calder and Polbeth - 07,"","","","","","","","","","","","",0,0,0,20,25,50
http://statistics.gov.scot/id/statistical-geography/S01008033,West Clober and Mains Estate - 01,"","","","","","","","","","","","",0,0,0,0,0,0.00
http://statistics.gov.scot/id/statistical-geography/S01008034,West Clober and Mains Estate - 02,"","","","","","","","","","","","",10,0,0,0,0,0.00
http://statistics.gov.scot/id/statistical-geography/S01008035,West Clober and Mains Estate - 03,"","","","","","","","","","","","",0,0,0,0,0,0.00
http://statistics.gov.scot/id/statistical-geography/S01008036,West Clober and Mains Estate - 04,"","","","","","","","","","","","",0,0,0,0,0,0.00
http://statistics.gov.scot/id/statistical-geography/S01006571,West End North - 01,"","","","","","","","","","","","",0,0,0,0,0,0.00
http://statistics.gov.scot/id/statistical-geography/S01006572,West End North - 02,"","","","","","","","","","","","",0,0,0,0,0,0.00
http://statistics.gov.scot/id/statistical-geography/S01006573,West End North - 03,"","","","","","","","","","","","",0,0,0,0,0,0.00
http://statistics.gov.scot/id/statistical-geography/S01006574,West End North - 04,"","","","","","","","","","","","",0,0,0,0,0,0.00
http://statistics.gov.scot/id/statistical-geography/S01006575,West End South - 01,"","","","","","","","","","","","",0,0,0,0,0,0.00
http://statistics.gov.scot/id/statistical-geography/S01006576,West End South - 02,"","","","","","","","","","","","",0,0,0,0,0,0.00
http://statistics.gov.scot/id/statistical-geography/S01006577,West End South - 03,"","","","","","","","","","","","",5.26,0,4.76,0,0,0.00
http://statistics.gov.scot/id/statistical-geography/S01006578,West End South - 04,"","","","","","","","","","","","",0,0,0,0,0,0.00
http://statistics.gov.scot/id/statistical-geography/S01006579,West End South - 05,"","","","","","","","","","","","",0,0,0,0,0,0.00
http://statistics.gov.scot/id/statistical-geography/S01006580,West End South - 06,"","","","","","","","","","","","",0,0,0,0,0,0.00
http://statistics.gov.scot/id/statistical-geography/S01006581,West End South - 07,"","","","","","","","","","","","",0,0,0,0,0,0.00
http://statistics.gov.scot/id/statistical-geography/S01007749,West Ferry - 01,"","","","","","","","","","","","",0,0,0,0,0,8.33
http://statistics.gov.scot/id/statistical-geography/S01007750,West Ferry - 02,"","","","","","","","","","","","",0,0,0,0,0,0.00
http://statistics.gov.scot/id/statistical-geography/S01007751,West Ferry - 03,"","","","","","","","","","","","",0,0,0,0,0,0.00
http://statistics.gov.scot/id/statistical-geography/S01007752,West Ferry - 04,"","","","","","","","","","","","",20,20,0,0,0,0.00
http://statistics.gov.scot/id/statistical-geography/S01011311,West Kilbride and Seamill - 01,"","","","","","","","","","","","",0,0,0,0,0,0.00
http://statistics.gov.scot/id/statistical-geography/S01011312,West Kilbride and Seamill - 02,"","","","","","","","","","","","",0,0,0,0,0,0.00
http://statistics.gov.scot/id/statistical-geography/S01011313,West Kilbride and Seamill - 03,"","","","","","","","","","","","",0,10,10,14.29,0,0.00
http://statistics.gov.scot/id/statistical-geography/S01011314,West Kilbride and Seamill - 04,"","","","","","","","","","","","",0,0,0,0,0,0.00
http://statistics.gov.scot/id/statistical-geography/S01011315,West Kilbride and Seamill - 05,"","","","","","","","","","","","",0,0,0,0,0,0.00
http://statistics.gov.scot/id/statistical-geography/S01011316,West Kilbride and Seamill - 06,"","","","","","","","","","","","",27.27,10,0,20,28.57,40
http://statistics.gov.scot/id/statistical-geography/S01011818,West Kirkwall - 01,"","","","","","","","","","","","",5.88,6.67,6.25,0,0,0.00
http://statistics.gov.scot/id/statistical-geography/S01011819,West Kirkwall - 02,"","","","","","","","","","","","",27.27,18.18,0,0,0,0.00
http://statistics.gov.scot/id/statistical-geography/S01011820,West Kirkwall - 03,"","","","","","","","","","","","",0,0,14.29,16.67,25,16.67
http://statistics.gov.scot/id/statistical-geography/S01011821,West Kirkwall - 04,"","","","","","","","","","","","",0,0,0,0,0,0.00
http://statistics.gov.scot/id/statistical-geography/S01011822,West Kirkwall - 05,"","","","","","","","","","","","",18.18,10,8.33,0,0,0.00
http://statistics.gov.scot/id/statistical-geography/S01012245,West Linton - Lower,"","","","","","","","","","","","",0,0,0,0,0,25
http://statistics.gov.scot/id/statistical-geography/S01012246,West Linton - Upper,"","","","","","","","","","","","",0,0,0,0,0,0.00
http://statistics.gov.scot/id/statistical-geography/S01011808,West Mainland - 01,"","","","","","","","","","","","",0,0,0,0,0,0.00
http://statistics.gov.scot/id/statistical-geography/S01011809,West Mainland - 02,"","","","","","","","","","","","",0,0,0,0,0,0.00
http://statistics.gov.scot/id/statistical-geography/S01011810,West Mainland - 03,"","","","","","","","","","","","",0,9.09,8.33,18.18,14.29,14.29
http://statistics.gov.scot/id/statistical-geography/S01011811,West Mainland - 04,"","","","","","","","","","","","",0,0,0,0,0,0.00
http://statistics.gov.scot/id/statistical-geography/S01011812,West Mainland - 05,"","","","","","","","","","","","",100,"",0,0,0,0.00
http://statistics.gov.scot/id/statistical-geography/S01012934,West Mains - 01,"","","","","","","","","","","","",14.29,11.11,9.09,0,0,0.00
http://statistics.gov.scot/id/statistical-geography/S01012935,West Mains - 02,"","","","","","","","","","","","",12.5,18.18,12.5,0,0,0.00
http://statistics.gov.scot/id/statistical-geography/S01012936,West Mains - 03,"","","","","","","","","","","","",12.5,0,0,0,6.25,7.14
http://statistics.gov.scot/id/statistical-geography/S01012937,West Mains - 04,"","","","","","","","","","","","",50,25,16.67,22.22,11.11,14.29
http://statistics.gov.scot/id/statistical-geography/S01008904,West Pilton - 01,"","","","","","","","","","","","",22.22,16.67,22.22,14.29,14.29,0.00
http://statistics.gov.scot/id/statistical-geography/S01008905,West Pilton - 02,"","","","","","","","","","","","",14.29,0,7.14,18.75,14.29,15.38
http://statistics.gov.scot/id/statistical-geography/S01008906,West Pilton - 03,"","","","","","","","","","","","",0,0,0,8.33,15.38,36.36
http://statistics.gov.scot/id/statistical-geography/S01008907,West Pilton - 04,"","","","","","","","","","","","",12.5,0,12.5,25,25,42.86
http://statistics.gov.scot/id/statistical-geography/S01008908,West Pilton - 05,"","","","","","","","","","","","",15.38,15.38,5.88,5.56,4,0.00
http://statistics.gov.scot/id/statistical-geography/S01007774,West Pitkerro - 01,"","","","","","","","","","","","",0,0,0,0,0,0.00
http://statistics.gov.scot/id/statistical-geography/S01007775,West Pitkerro - 02,"","","","","","","","","","","","",0,0,0,0,0,0.00
http://statistics.gov.scot/id/statistical-geography/S01007776,West Pitkerro - 03,"","","","","","","","","","","","",7.14,7.69,10,0,0,0.00
http://statistics.gov.scot/id/statistical-geography/S01007777,West Pitkerro - 04,"","","","","","","","","","","","",0,0,0,9.09,11.11,11.11
http://statistics.gov.scot/id/statistical-geography/S01007778,West Pitkerro - 05,"","","","","","","","","","","","",0,0,0,0,0,0.00
http://statistics.gov.scot/id/statistical-geography/S01007779,West Pitkerro - 06,"","","","","","","","","","","","",9.09,0,10,10,11.11,0.00
http://statistics.gov.scot/id/statistical-geography/S01007780,West Pitkerro - 07,"","","","","","","","","","","","",9.09,0,6.67,6.25,10,0.00
http://statistics.gov.scot/id/statistical-geography/S01007781,West Pitkerro - 08,"","","","","","","","","","","","",0,6.67,6.25,6.67,9.09,10
http://statistics.gov.scot/id/statistical-geography/S01012821,Westburn and Newton - 01,"","","","","","","","","","","","",9.68,10.53,0,0,0,0.00
http://statistics.gov.scot/id/statistical-geography/S01012822,Westburn and Newton - 02,"","","","","","","","","","","","",6.25,0,0,0,0,0.00
http://statistics.gov.scot/id/statistical-geography/S01012823,Westburn and Newton - 03,"","","","","","","","","","","","",11.76,5.88,7.14,7.69,9.09,0.00
http://statistics.gov.scot/id/statistical-geography/S01012824,Westburn and Newton - 04,"","","","","","","","","","","","",8.33,0,8.33,20,25,16.67
http://statistics.gov.scot/id/statistical-geography/S01012825,Westburn and Newton - 05,"","","","","","","","","","","","",0,0,0,0,9.09,28.57
http://statistics.gov.scot/id/statistical-geography/S01012826,Westburn and Newton - 06,"","","","","","","","","","","","",35.29,26.67,33.33,20,14.29,18.75
http://statistics.gov.scot/id/statistical-geography/S01012827,Westburn and Newton - 07,"","","","","","","","","","","","",0,0,0,0,0,0.00
http://statistics.gov.scot/id/statistical-geography/S01012828,Westburn and Newton - 08,"","","","","","","","","","","","",0,0,0,0,0,0.00
http://statistics.gov.scot/id/statistical-geography/S01012829,Westburn and Newton - 09,"","","","","","","","","","","","",18.18,23.53,31.25,30.77,12.5,9.09
http://statistics.gov.scot/id/statistical-geography/S01007682,Westend - 01,"","","","","","","","","","","","",0,0,0,0,0,0.00
http://statistics.gov.scot/id/statistical-geography/S01007683,Westend - 02,"","","","","","","","","","","","",0,0,0,0,0,0.00
http://statistics.gov.scot/id/statistical-geography/S01007684,Westend - 03,"","","","","","","","","","","","",0,0,0,0,0,0.00
http://statistics.gov.scot/id/statistical-geography/S01007685,Westend - 04,"","","","","","","","","","","","",33.33,40,22.22,12.5,0,0.00
http://statistics.gov.scot/id/statistical-geography/S01007686,Westend - 05,"","","","","","","","","","","","",0,0,0,0,11.11,16.67
http://statistics.gov.scot/id/statistical-geography/S01007687,Westend - 06,"","","","","","","","","","","","",0,0,0,0,10,9.09
http://statistics.gov.scot/id/statistical-geography/S01007688,Westend - 07,"","","","","","","","","","","","",0,0,0,0,0,0.00
http://statistics.gov.scot/id/statistical-geography/S01007865,Western Edge - 01,"","","","","","","","","","","","",7.14,7.14,0,6.25,6.67,9.09
http://statistics.gov.scot/id/statistical-geography/S01011904,Western Edge - 01,"","","","","","","","","","","","",0,0,0,0,0,0.00
http://statistics.gov.scot/id/statistical-geography/S01007866,Western Edge - 02,"","","","","","","","","","","","",7.14,10,7.14,0,7.14,12.5
http://statistics.gov.scot/id/statistical-geography/S01011905,Western Edge - 02,"","","","","","","","","","","","",20,16.67,10,0,0,0.00
http://statistics.gov.scot/id/statistical-geography/S01007867,Western Edge - 03,"","","","","","","","","","","","",0,0,0,0,0,0.00
http://statistics.gov.scot/id/statistical-geography/S01011906,Western Edge - 03,"","","","","","","","","","","","",16.67,0,0,0,0,0.00
http://statistics.gov.scot/id/statistical-geography/S01007868,Western Edge - 04,"","","","","","","","","","","","",14.29,12.5,9.09,16.67,16.67,25
http://statistics.gov.scot/id/statistical-geography/S01011907,Western Edge - 04,"","","","","","","","","","","","",11.76,13.33,14.29,0,0,0.00
http://statistics.gov.scot/id/statistical-geography/S01007869,Western Edge - 05,"","","","","","","","","","","","",0,0,0,0,0,0.00
http://statistics.gov.scot/id/statistical-geography/S01011908,Western Edge - 05,"","","","","","","","","","","","",14.29,33.33,25,0,0,0.00
http://statistics.gov.scot/id/statistical-geography/S01011909,Western Edge - 06,"","","","","","","","","","","","",4.17,3.85,0,3.7,5,4
http://statistics.gov.scot/id/statistical-geography/S01008768,Western Harbour and Leith Docks - 01,"","","","","","","","","","","","",0,0,0,0,0,0.00
http://statistics.gov.scot/id/statistical-geography/S01008769,Western Harbour and Leith Docks - 02,"","","","","","","","","","","","",0,0,0,0,0,7.14
http://statistics.gov.scot/id/statistical-geography/S01008770,Western Harbour and Leith Docks - 03,"","","","","","","","","","","","",7.14,0,0,0,0,0.00
http://statistics.gov.scot/id/statistical-geography/S01008771,Western Harbour and Leith Docks - 04,"","","","","","","","","","","","",0,0,0,0,0,0.00
http://statistics.gov.scot/id/statistical-geography/S01008071,Westerton East - 01,"","","","","","","","","","","","",0,0,0,0,0,0.00
http://statistics.gov.scot/id/statistical-geography/S01008072,Westerton East - 02,"","","","","","","","","","","","",0,0,0,0,0,0.00
http://statistics.gov.scot/id/statistical-geography/S01008073,Westerton East - 03,"","","","","","","","","","","","",0,0,0,0,0,0.00
http://statistics.gov.scot/id/statistical-geography/S01008074,Westerton East - 04,"","","","","","","","","","","","",0,0,0,0,0,0.00
http://statistics.gov.scot/id/statistical-geography/S01008075,Westerton East - 05,"","","","","","","","","","","","",0,0,0,0,0,0.00
http://statistics.gov.scot/id/statistical-geography/S01008068,Westerton West - 01,"","","","","","","","","","","","",7.69,0,0,0,0,0.00
http://statistics.gov.scot/id/statistical-geography/S01008069,Westerton West - 02,"","","","","","","","","","","","",0,0,0,0,0,0.00
http://statistics.gov.scot/id/statistical-geography/S01008070,Westerton West - 03,"","","","","","","","","","","","",0,0,0,0,0,0.00
http://statistics.gov.scot/id/statistical-geography/S01011719,Westfield - 01,"","","","","","","","","","","","",12.5,12.5,0,0,0,0.00
http://statistics.gov.scot/id/statistical-geography/S01011720,Westfield - 02,"","","","","","","","","","","","",12.5,20,11.11,0,0,0.00
http://statistics.gov.scot/id/statistical-geography/S01011721,Westfield - 03,"","","","","","","","","","","","",0,7.69,18.18,25,22.22,16.67
http://statistics.gov.scot/id/statistical-geography/S01011722,Westfield - 04,"","","","","","","","","","","","",8.33,10,12.5,11.11,0,0.00
http://statistics.gov.scot/id/statistical-geography/S01011723,Westfield - 05,"","","","","","","","","","","","",0,0,0,7.14,10,10
http://statistics.gov.scot/id/statistical-geography/S01011724,Westfield - 06,"","","","","","","","","","","","",6.67,9.09,0,8.33,7.69,16.67
http://statistics.gov.scot/id/statistical-geography/S01011725,Westfield - 07,"","","","","","","","","","","","",10,10,14.29,0,7.14,7.14
http://statistics.gov.scot/id/statistical-geography/S01011726,Westfield - 08,"","","","","","","","","","","","",0,0,0,0,0,0.00
http://statistics.gov.scot/id/statistical-geography/S01011727,Westfield - 09,"","","","","","","","","","","","",4.76,0,0,0,0,0.00
http://statistics.gov.scot/id/statistical-geography/S01006935,Westhill Central - 01,"","","","","","","","","","","","",0,0,0,0,0,0.00
http://statistics.gov.scot/id/statistical-geography/S01006936,Westhill Central - 02,"","","","","","","","","","","","",0,12.5,12.5,25,11.11,9.09
http://statistics.gov.scot/id/statistical-geography/S01006937,Westhill Central - 03,"","","","","","","","","","","","",0,10,7.69,6.67,11.11,11.11
http://statistics.gov.scot/id/statistical-geography/S01006938,Westhill Central - 04,"","","","","","","","","","","","",0,0,0,0,0,0.00
http://statistics.gov.scot/id/statistical-geography/S01006939,Westhill Central - 05,"","","","","","","","","","","","",0,0,0,0,7.69,8.33
http://statistics.gov.scot/id/statistical-geography/S01006940,Westhill Central - 06,"","","","","","","","","","","","",0,0,0,0,0,0.00
http://statistics.gov.scot/id/statistical-geography/S01006929,Westhill North and South - 01,"","","","","","","","","","","","",0,0,0,0,0,0.00
http://statistics.gov.scot/id/statistical-geography/S01006930,Westhill North and South - 02,"","","","","","","","","","","","",0,0,0,0,0,0.00
http://statistics.gov.scot/id/statistical-geography/S01006931,Westhill North and South - 03,"","","","","","","","","","","","",0,25,16.67,20,0,0.00
http://statistics.gov.scot/id/statistical-geography/S01006932,Westhill North and South - 04,"","","","","","","","","","","","",6.25,5.88,0,0,0,0.00
http://statistics.gov.scot/id/statistical-geography/S01006933,Westhill North and South - 05,"","","","","","","","","","","","",0,0,0,0,0,0.00
http://statistics.gov.scot/id/statistical-geography/S01006934,Westhill North and South - 06,"","","","","","","","","","","","",20,16.67,0,0,0,0.00
http://statistics.gov.scot/id/statistical-geography/S01012303,Westruther and Polwarth Area,"","","","","","","","","","","","",7.14,0,10,25,25,10
http://statistics.gov.scot/id/statistical-geography/S01012986,Westwood East - 01,"","","","","","","","","","","","",15.38,6.25,0,0,0,0.00
http://statistics.gov.scot/id/statistical-geography/S01012987,Westwood East - 02,"","","","","","","","","","","","",0,0,0,25,16.67,12.5
http://statistics.gov.scot/id/statistical-geography/S01012988,Westwood East - 03,"","","","","","","","","","","","",15.38,23.08,21.43,16.67,7.14,6.25
http://statistics.gov.scot/id/statistical-geography/S01012989,Westwood East - 04,"","","","","","","","","","","","",0,0,0,0,0,0.00
http://statistics.gov.scot/id/statistical-geography/S01012980,Westwood South - 01,"","","","","","","","","","","","",20,11.11,14.29,22.22,18.18,15.38
http://statistics.gov.scot/id/statistical-geography/S01012981,Westwood South - 02,"","","","","","","","","","","","",11.11,10,22.22,9.09,25,22.22
http://statistics.gov.scot/id/statistical-geography/S01012982,Westwood South - 03,"","","","","","","","","","","","",25,20,15.38,0,14.29,11.11
http://statistics.gov.scot/id/statistical-geography/S01012983,Westwood South - 04,"","","","","","","","","","","","",0,0,0,0,0,0.00
http://statistics.gov.scot/id/statistical-geography/S01012984,Westwood South - 05,"","","","","","","","","","","","",21.43,20,0,0,6.67,8.33
http://statistics.gov.scot/id/statistical-geography/S01012985,Westwood South - 06,"","","","","","","","","","","","",0,0,0,0,0,0.00
http://statistics.gov.scot/id/statistical-geography/S01009592,Whinnyknowe and Leslie Mains,"","","","","","","","","","","","",20,0,0,0,0,0.00
http://statistics.gov.scot/id/statistical-geography/S01007324,Whisky Isles - 01,"","","","","","","","","","","","",0,0,0,0,0,0.00
http://statistics.gov.scot/id/statistical-geography/S01007325,Whisky Isles - 02,"","","","","","","","","","","","",0,0,0,0,0,0.00
http://statistics.gov.scot/id/statistical-geography/S01007326,Whisky Isles - 03,"","","","","","","","","","","","",0,0,0,0,0,0.00
http://statistics.gov.scot/id/statistical-geography/S01007327,Whisky Isles - 04,"","","","","","","","","","","","",18.75,14.29,0,0,0,0.00
http://statistics.gov.scot/id/statistical-geography/S01007328,Whisky Isles - 05,"","","","","","","","","","","","",0,0,9.09,11.11,11.11,0.00
http://statistics.gov.scot/id/statistical-geography/S01013372,Whitburn Central - 01,"","","","","","","","","","","","",11.11,20,25,23.08,22.22,25
http://statistics.gov.scot/id/statistical-geography/S01013373,Whitburn Central - 02,"","","","","","","","","","","","",18.18,6.67,16.67,18.18,27.27,8.33
http://statistics.gov.scot/id/statistical-geography/S01013374,Whitburn Central - 03,"","","","","","","","","","","","",50,50,44.44,33.33,12.5,28.57
http://statistics.gov.scot/id/statistical-geography/S01013375,Whitburn Central - 04,"","","","","","","","","","","","",0,0,0,33.33,25,22.22
http://statistics.gov.scot/id/statistical-geography/S01013376,Whitburn Central - 05,"","","","","","","","","","","","",0,20,14.29,25,0,0.00
http://statistics.gov.scot/id/statistical-geography/S01013377,Whitburn Central - 06,"","","","","","","","","","","","",40,28.57,16.67,0,0,0.00
http://statistics.gov.scot/id/statistical-geography/S01013378,"Whitburn, Croftmalloch and Greenrigg - 01","","","","","","","","","","","","",0,0,0,0,0,0.00
http://statistics.gov.scot/id/statistical-geography/S01013379,"Whitburn, Croftmalloch and Greenrigg - 02","","","","","","","","","","","","",30,23.08,18.18,12.5,0,0.00
http://statistics.gov.scot/id/statistical-geography/S01013380,"Whitburn, Croftmalloch and Greenrigg - 03","","","","","","","","","","","","",0,0,11.11,6.9,2.17,0.00
http://statistics.gov.scot/id/statistical-geography/S01013381,"Whitburn, Croftmalloch and Greenrigg - 04","","","","","","","","","","","","",0,0,0,0,0,20
http://statistics.gov.scot/id/statistical-geography/S01013382,"Whitburn, Croftmalloch and Greenrigg - 05","","","","","","","","","","","","",57.14,33.33,20,0,0,0.00
http://statistics.gov.scot/id/statistical-geography/S01008343,Whitecraigs and Broom - 01,"","","","","","","","","","","","",0,0,0,0,0,0.00
http://statistics.gov.scot/id/statistical-geography/S01008344,Whitecraigs and Broom - 02,"","","","","","","","","","","","",0,0,0,0,0,0.00
http://statistics.gov.scot/id/statistical-geography/S01008345,Whitecraigs and Broom - 03,"","","","","","","","","","","","",0,0,0,0,0,0.00
http://statistics.gov.scot/id/statistical-geography/S01008346,Whitecraigs and Broom - 04,"","","","","","","","","","","","",0,0,0,0,0,0.00
http://statistics.gov.scot/id/statistical-geography/S01012793,Whitehill - 01,"","","","","","","","","","","","",14.29,30,36.36,23.08,11.11,12.5
http://statistics.gov.scot/id/statistical-geography/S01012794,Whitehill - 02,"","","","","","","","","","","","",0,0,0,7.14,22.22,20
http://statistics.gov.scot/id/statistical-geography/S01012795,Whitehill - 03,"","","","","","","","","","","","",26.67,25,14.29,7.14,0,10
http://statistics.gov.scot/id/statistical-geography/S01012796,Whitehill - 04,"","","","","","","","","","","","",16.67,11.76,9.52,0,0,0.00
http://statistics.gov.scot/id/statistical-geography/S01012797,Whitehill - 05,"","","","","","","","","","","","",17.65,12.5,6.25,0,0,0.00
http://statistics.gov.scot/id/statistical-geography/S01012970,Whitehills West - 01,"","","","","","","","","","","","",0,0,0,0,0,0.00
http://statistics.gov.scot/id/statistical-geography/S01012971,Whitehills West - 02,"","","","","","","","","","","","",19.05,26.67,30,12.5,0,12.5
http://statistics.gov.scot/id/statistical-geography/S01012972,Whitehills West - 03,"","","","","","","","","","","","",27.27,10,8.33,10,12.5,20
http://statistics.gov.scot/id/statistical-geography/S01012973,Whitehills West - 04,"","","","","","","","","","","","",7.69,18.18,9.09,12.5,16.67,33.33
http://statistics.gov.scot/id/statistical-geography/S01012974,Whitehills West - 05,"","","","","","","","","","","","",0,11.11,9.09,9.09,5.56,14.29
http://statistics.gov.scot/id/statistical-geography/S01010423,Whiteinch - 01,"","","","","","","","","","","","",5.88,6.25,11.11,6.25,5.88,0.00
http://statistics.gov.scot/id/statistical-geography/S01010424,Whiteinch - 02,"","","","","","","","","","","","",0,0,0,0,0,0.00
http://statistics.gov.scot/id/statistical-geography/S01010425,Whiteinch - 03,"","","","","","","","","","","","",6.25,8.33,5.56,11.11,9.09,9.09
http://statistics.gov.scot/id/statistical-geography/S01010426,Whiteinch - 04,"","","","","","","","","","","","",5.56,8.33,12.5,13.33,6.67,11.11
http://statistics.gov.scot/id/statistical-geography/S01007782,Whitfield - 01,"","","","","","","","","","","","",14.29,21.43,37.5,60,60,33.33
http://statistics.gov.scot/id/statistical-geography/S01007783,Whitfield - 02,"","","","","","","","","","","","",16.67,0,0,0,14.29,10
http://statistics.gov.scot/id/statistical-geography/S01007784,Whitfield - 03,"","","","","","","","","","","","",18.75,25,10,8.33,7.14,13.33
http://statistics.gov.scot/id/statistical-geography/S01007785,Whitfield - 04,"","","","","","","","","","","","",22.22,33.33,28.57,33.33,40,38.46
http://statistics.gov.scot/id/statistical-geography/S01007786,Whitfield - 05,"","","","","","","","","","","","",14.29,30,33.33,21.43,8.33,9.09
http://statistics.gov.scot/id/statistical-geography/S01007787,Whitfield - 06,"","","","","","","","","","","","",36.36,30,25,40,37.5,37.5
http://statistics.gov.scot/id/statistical-geography/S01007788,Whitfield - 07,"","","","","","","","","","","","",33.33,60,40,33.33,25,37.5
http://statistics.gov.scot/id/statistical-geography/S01007789,Whitfield - 08,"","","","","","","","","","","","",9.09,10,11.11,25,20,25
http://statistics.gov.scot/id/statistical-geography/S01007790,Whitfield - 09,"","","","","","","","","","","","",45.45,50,28.57,30,50,42.86
http://statistics.gov.scot/id/statistical-geography/S01012836,Whitlawburn and Greenlees - 01,"","","","","","","","","","","","",0,0,0,0,0,0.00
http://statistics.gov.scot/id/statistical-geography/S01012837,Whitlawburn and Greenlees - 02,"","","","","","","","","","","","",0,10.53,11.11,12.5,14.29,16.67
http://statistics.gov.scot/id/statistical-geography/S01012838,Whitlawburn and Greenlees - 03,"","","","","","","","","","","","",41.38,42.86,48.48,38.46,21.74,16.67
http://statistics.gov.scot/id/statistical-geography/S01012839,Whitlawburn and Greenlees - 04,"","","","","","","","","","","","",0,0,0,0,0,0.00
http://statistics.gov.scot/id/statistical-geography/S01012840,Whitlawburn and Greenlees - 05,"","","","","","","","","","","","",4.35,4.35,0,4.76,5.26,5.56
http://statistics.gov.scot/id/statistical-geography/S01012841,Whitlawburn and Greenlees - 06,"","","","","","","","","","","","",16.67,12.5,12.5,10,16.67,14.29
http://statistics.gov.scot/id/statistical-geography/S01012842,Whitlawburn and Greenlees - 07,"","","","","","","","","","","","",9.09,11.11,16.67,0,0,0.00
http://statistics.gov.scot/id/statistical-geography/S01012322,Whitsome Allanton and Hutton Area,"","","","","","","","","","","","",0,0,7.14,7.69,6.67,0.00
http://statistics.gov.scot/id/statistical-geography/S01010782,Wick North - 01,"","","","","","","","","","","","",27.27,0,0,0,0,0.00
http://statistics.gov.scot/id/statistical-geography/S01010783,Wick North - 02,"","","","","","","","","","","","",8.33,18.18,22.22,28.57,25,18.18
http://statistics.gov.scot/id/statistical-geography/S01010784,Wick North - 03,"","","","","","","","","","","","",37.5,30,14.29,8.33,0,0.00
http://statistics.gov.scot/id/statistical-geography/S01010785,Wick North - 04,"","","","","","","","","","","","",8.33,0,16.67,14.29,16.67,0.00
http://statistics.gov.scot/id/statistical-geography/S01010786,Wick North - 05,"","","","","","","","","","","","",11.11,12.5,14.29,20,33.33,16.67
http://statistics.gov.scot/id/statistical-geography/S01010776,Wick South - 01,"","","","","","","","","","","","",10,12.5,28.57,16.67,28.57,20
http://statistics.gov.scot/id/statistical-geography/S01010777,Wick South - 02,"","","","","","","","","","","","",50,30,30,30.77,33.33,33.33
http://statistics.gov.scot/id/statistical-geography/S01010778,Wick South - 03,"","","","","","","","","","","","",45.45,30,25,28.57,28.57,40
http://statistics.gov.scot/id/statistical-geography/S01010779,Wick South - 04,"","","","","","","","","","","","",33.33,40,16.67,11.11,9.09,25
http://statistics.gov.scot/id/statistical-geography/S01010780,Wick South - 05,"","","","","","","","","","","","",57.14,25,50,0,0,0.00
http://statistics.gov.scot/id/statistical-geography/S01010781,Wick South - 06,"","","","","","","","","","","","",8.33,0,0,0,0,20
http://statistics.gov.scot/id/statistical-geography/S01008379,Williamwood - 01,"","","","","","","","","","","","",0,0,0,0,0,0.00
http://statistics.gov.scot/id/statistical-geography/S01008380,Williamwood - 02,"","","","","","","","","","","","",12.5,0,0,0,0,0.00
http://statistics.gov.scot/id/statistical-geography/S01008381,Williamwood - 03,"","","","","","","","","","","","",0,0,0,0,0,0.00
http://statistics.gov.scot/id/statistical-geography/S01008382,Williamwood - 04,"","","","","","","","","","","","",0,0,0,0,0,0.00
http://statistics.gov.scot/id/statistical-geography/S01008383,Williamwood - 05,"","","","","","","","","","","","",0,0,0,0,0,""
http://statistics.gov.scot/id/statistical-geography/S01008694,Willowbrae and Duddingston Village - 01,"","","","","","","","","","","","",0,0,0,0,0,0.00
http://statistics.gov.scot/id/statistical-geography/S01008695,Willowbrae and Duddingston Village - 02,"","","","","","","","","","","","",0,0,0,0,0,0.00
http://statistics.gov.scot/id/statistical-geography/S01008696,Willowbrae and Duddingston Village - 03,"","","","","","","","","","","","",0,0,0,0,0,0.00
http://statistics.gov.scot/id/statistical-geography/S01008697,Willowbrae and Duddingston Village - 04,"","","","","","","","","","","","",0,0,8.33,23.08,21.43,31.25
http://statistics.gov.scot/id/statistical-geography/S01008698,Willowbrae and Duddingston Village - 05,"","","","","","","","","","","","",0,0,0,0,0,0.00
http://statistics.gov.scot/id/statistical-geography/S01008699,Willowbrae and Duddingston Village - 06,"","","","","","","","","","","","",0,0,0,0,7.69,6.67
http://statistics.gov.scot/id/statistical-geography/S01008700,Willowbrae and Duddingston Village - 07,"","","","","","","","","","","","",0,0,16.67,20,16.67,0.00
http://statistics.gov.scot/id/statistical-geography/S01013453,"Winchburgh, Bridgend and Philpstoun - 01","","","","","","","","","","","","",25,22.22,16.67,12.5,0,0.00
http://statistics.gov.scot/id/statistical-geography/S01013454,"Winchburgh, Bridgend and Philpstoun - 02","","","","","","","","","","","","",0,0,0,0,0,0.00
http://statistics.gov.scot/id/statistical-geography/S01013455,"Winchburgh, Bridgend and Philpstoun - 03","","","","","","","","","","","","",33.33,50,11.11,0,0,0.00
http://statistics.gov.scot/id/statistical-geography/S01013456,"Winchburgh, Bridgend and Philpstoun - 04","","","","","","","","","","","","",16.67,33.33,22.22,12.5,11.11,12.5
http://statistics.gov.scot/id/statistical-geography/S01013457,"Winchburgh, Bridgend and Philpstoun - 05","","","","","","","","","","","","",0,0,0,16.67,25,25
http://statistics.gov.scot/id/statistical-geography/S01013458,"Winchburgh, Bridgend and Philpstoun - 06","","","","","","","","","","","","",0,10,6.25,3.85,0,0.00
http://statistics.gov.scot/id/statistical-geography/S01009616,Windygates East,"","","","","","","","","","","","",0,0,8.33,11.11,11.11,0.00
http://statistics.gov.scot/id/statistical-geography/S01009617,Windygates Kennoway and Leven Roads,"","","","","","","","","","","","",0,0,0,0,0,0.00
http://statistics.gov.scot/id/statistical-geography/S01009615,Windygates West,"","","","","","","","","","","","",0,0,0,0,0,0.00
http://statistics.gov.scot/id/statistical-geography/S01011413,Wishaw East - 01,"","","","","","","","","","","","",12.5,0,0,0,0,0.00
http://statistics.gov.scot/id/statistical-geography/S01011414,Wishaw East - 02,"","","","","","","","","","","","",0,7.69,7.14,9.09,0,0.00
http://statistics.gov.scot/id/statistical-geography/S01011415,Wishaw East - 03,"","","","","","","","","","","","",8.33,10,0,0,0,0.00
http://statistics.gov.scot/id/statistical-geography/S01011416,Wishaw East - 04,"","","","","","","","","","","","",9.09,0,0,0,0,0.00
http://statistics.gov.scot/id/statistical-geography/S01011400,Wishaw North - 01,"","","","","","","","","","","","",20,27.27,18.18,0,8.33,9.09
http://statistics.gov.scot/id/statistical-geography/S01011401,Wishaw North - 02,"","","","","","","","","","","","",9.09,9.09,0,0,0,0.00
http://statistics.gov.scot/id/statistical-geography/S01011402,Wishaw North - 03,"","","","","","","","","","","","",11.11,0,0,0,0,12.5
http://statistics.gov.scot/id/statistical-geography/S01011403,Wishaw North - 04,"","","","","","","","","","","","",20,16.67,20,33.33,0,0.00
http://statistics.gov.scot/id/statistical-geography/S01011404,Wishaw North - 05,"","","","","","","","","","","","",12.5,13.33,12.5,11.11,15.38,25
http://statistics.gov.scot/id/statistical-geography/S01011405,Wishaw North - 06,"","","","","","","","","","","","",0,12.5,20,50,42.86,50
http://statistics.gov.scot/id/statistical-geography/S01011406,Wishaw North - 07,"","","","","","","","","","","","",0,20,33.33,16.67,18.18,8.33
http://statistics.gov.scot/id/statistical-geography/S01011407,Wishaw North - 08,"","","","","","","","","","","","",0,0,0,0,10,11.11
http://statistics.gov.scot/id/statistical-geography/S01011393,Wishaw South - 01,"","","","","","","","","","","","",12.5,11.11,0,0,14.29,25
http://statistics.gov.scot/id/statistical-geography/S01011394,Wishaw South - 02,"","","","","","","","","","","","",16.67,0,0,0,0,0.00
http://statistics.gov.scot/id/statistical-geography/S01011395,Wishaw South - 03,"","","","","","","","","","","","",0,0,0,0,11.11,16.67
http://statistics.gov.scot/id/statistical-geography/S01011396,Wishaw South - 04,"","","","","","","","","","","","",30,36.36,37.5,37.5,20,33.33
http://statistics.gov.scot/id/statistical-geography/S01011397,Wishaw South - 05,"","","","","","","","","","","","",0,0,0,0,20,33.33
http://statistics.gov.scot/id/statistical-geography/S01011398,Wishaw South - 06,"","","","","","","","","","","","",12.5,25,16.67,22.22,0,0.00
http://statistics.gov.scot/id/statistical-geography/S01011399,Wishaw South - 07,"","","","","","","","","","","","",0,0,0,0,0,12.5
http://statistics.gov.scot/id/statistical-geography/S01012729,Woodhead and Meikle Earnock - 01,"","","","","","","","","","","","",0,11.11,14.29,11.76,5.88,0.00
http://statistics.gov.scot/id/statistical-geography/S01012730,Woodhead and Meikle Earnock - 02,"","","","","","","","","","","","",6.67,0,0,0,10,8.33
http://statistics.gov.scot/id/statistical-geography/S01012731,Woodhead and Meikle Earnock - 03,"","","","","","","","","","","","",14.29,7.14,12.5,12.5,22.22,10
http://statistics.gov.scot/id/statistical-geography/S01012732,Woodhead and Meikle Earnock - 04,"","","","","","","","","","","","",14.29,9.09,10,28.57,25,16.67
http://statistics.gov.scot/id/statistical-geography/S01008108,Woodhill East - 01,"","","","","","","","","","","","",0,0,0,0,0,0.00
http://statistics.gov.scot/id/statistical-geography/S01008109,Woodhill East - 02,"","","","","","","","","","","","",0,0,0,0,0,0.00
http://statistics.gov.scot/id/statistical-geography/S01008110,Woodhill East - 03,"","","","","","","","","","","","",0,0,0,0,0,0.00
http://statistics.gov.scot/id/statistical-geography/S01008111,Woodhill West - 01,"","","","","","","","","","","","",0,0,0,0,0,0.00
http://statistics.gov.scot/id/statistical-geography/S01008112,Woodhill West - 02,"","","","","","","","","","","","",0,0,0,0,0,0.00
http://statistics.gov.scot/id/statistical-geography/S01008113,Woodhill West - 03,"","","","","","","","","","","","",0,0,0,0,0,0.00
http://statistics.gov.scot/id/statistical-geography/S01008114,Woodhill West - 04,"","","","","","","","","","","","",0,0,0,0,0,0.00
http://statistics.gov.scot/id/statistical-geography/S01008115,Woodhill West - 05,"","","","","","","","","","","","",21.43,16.67,11.11,0,0,0.00
http://statistics.gov.scot/id/statistical-geography/S01010289,Woodlands - 01,"","","","","","","","","","","","",0,0,0,0,0,0.00
http://statistics.gov.scot/id/statistical-geography/S01010290,Woodlands - 02,"","","","","","","","","","","","",0,0,0,0,0,0.00
http://statistics.gov.scot/id/statistical-geography/S01010291,Woodlands - 03,"","","","","","","","","","","","",0,0,0,14.29,11.11,7.69
http://statistics.gov.scot/id/statistical-geography/S01010292,Woodlands - 04,"","","","","","","","","","","","",0,0,0,0,0,0.00
http://statistics.gov.scot/id/statistical-geography/S01010293,Woodlands - 05,"","","","","","","","","","","","",0,0,0,0,0,0.00
http://statistics.gov.scot/id/statistical-geography/S01010294,Woodlands - 06,"","","","","","","","","","","","",0,0,0,0,0,0.00
http://statistics.gov.scot/id/statistical-geography/S01010295,Woodlands - 07,"","","","","","","","","","","","",0,0,0,0,0,0.00
http://statistics.gov.scot/id/statistical-geography/S01010296,Woodlands - 08,"","","","","","","","","","","","",0,9.09,13.04,16.67,6.67,0.00
http://statistics.gov.scot/id/statistical-geography/S01009334,Woodmill North,"","","","","","","","","","","","",25,16.67,12.5,9.09,0,12.5
http://statistics.gov.scot/id/statistical-geography/S01009333,Woodmill South,"","","","","","","","","","","","",9.52,15,5.88,8.33,0,22.22
http://statistics.gov.scot/id/statistical-geography/S01009335,Woodmill West,"","","","","","","","","","","","",11.11,11.11,14.29,14.29,7.14,0.00
http://statistics.gov.scot/id/statistical-geography/S01006681,Woodside - 01,"","","","","","","","","","","","",0,0,0,0,16.67,18.18
http://statistics.gov.scot/id/statistical-geography/S01010297,Woodside - 01,"","","","","","","","","","","","",23.53,11.11,0,0,0,0.00
http://statistics.gov.scot/id/statistical-geography/S01006682,Woodside - 02,"","","","","","","","","","","","",14.29,13.04,8.7,8.7,4.35,7.69
http://statistics.gov.scot/id/statistical-geography/S01010298,Woodside - 02,"","","","","","","","","","","","",0,0,0,7.14,8.33,16.67
http://statistics.gov.scot/id/statistical-geography/S01006683,Woodside - 03,"","","","","","","","","","","","",15.38,17.86,14.81,23.08,30.43,40
http://statistics.gov.scot/id/statistical-geography/S01010299,Woodside - 03,"","","","","","","","","","","","",0,0,0,0,0,0.00
http://statistics.gov.scot/id/statistical-geography/S01006684,Woodside - 04,"","","","","","","","","","","","",9.68,5.56,0,0,9.09,28.57
http://statistics.gov.scot/id/statistical-geography/S01010300,Woodside - 04,"","","","","","","","","","","","",0,0,0,0,0,0.00
http://statistics.gov.scot/id/statistical-geography/S01006685,Woodside - 05,"","","","","","","","","","","","",0,0,0,6.67,6.67,8.33
http://statistics.gov.scot/id/statistical-geography/S01009588,Woodside North,"","","","","","","","","","","","",27.27,22.22,22.22,0,0,0.00
http://statistics.gov.scot/id/statistical-geography/S01009589,Woodside South,"","","","","","","","","","","","",16.67,7.14,8.33,18.18,25,23.53
http://statistics.gov.scot/id/statistical-geography/S01009587,Woodside West,"","","","","","","","","","","","",0,0,11.11,10,8.33,0.00
http://statistics.gov.scot/id/statistical-geography/S01009756,Wormit East,"","","","","","","","","","","","",20,0,0,0,0,0.00
http://statistics.gov.scot/id/statistical-geography/S01009757,Wormit West,"","","","","","","","","","","","",10,0,0,0,0,0.00
http://statistics.gov.scot/id/statistical-geography/S01010358,Wyndford - 01,"","","","","","","","","","","","",14.29,13.33,6.67,0,0,20
http://statistics.gov.scot/id/statistical-geography/S01010359,Wyndford - 02,"","","","","","","","","","","","",25,26.67,30.77,18.18,8.33,0.00
http://statistics.gov.scot/id/statistical-geography/S01010360,Wyndford - 03,"","","","","","","","","","","","",17.65,13.33,11.76,13.64,13.04,5.56
http://statistics.gov.scot/id/statistical-geography/S01010361,Wyndford - 04,"","","","","","","","","","","","",33.33,11.11,10,0,7.14,8.33
http://statistics.gov.scot/id/statistical-geography/S01010362,Wyndford - 05,"","","","","","","","","","","","",8.33,5.88,5.56,5.88,23.08,25
http://statistics.gov.scot/id/statistical-geography/S01012379,Yarrow Water and Sunderland Area,"","","","","","","","","","","","",0,0,0,0,0,0.00
http://statistics.gov.scot/id/statistical-geography/S01010443,Yoker North - 01,"","","","","","","","","","","","",0,0,0,0,0,0.00
http://statistics.gov.scot/id/statistical-geography/S01010444,Yoker North - 02,"","","","","","","","","","","","",0,0,0,0,0,0.00
http://statistics.gov.scot/id/statistical-geography/S01010445,Yoker North - 03,"","","","","","","","","","","","",10,7.69,0,0,15.38,21.43
http://statistics.gov.scot/id/statistical-geography/S01010446,Yoker North - 04,"","","","","","","","","","","","",0,0,0,0,0,0.00
http://statistics.gov.scot/id/statistical-geography/S01010437,Yoker South - 01,"","","","","","","","","","","","",0,12.5,9.09,9.09,12.5,0.00
http://statistics.gov.scot/id/statistical-geography/S01010438,Yoker South - 02,"","","","","","","","","","","","",11.11,27.27,18.75,10,0,0.00
http://statistics.gov.scot/id/statistical-geography/S01010439,Yoker South - 03,"","","","","","","","","","","","",19.05,17.86,15.38,4,10.53,9.09
http://statistics.gov.scot/id/statistical-geography/S01010440,Yoker South - 04,"","","","","","","","","","","","",27.27,11.11,0,0,0,0.00
http://statistics.gov.scot/id/statistical-geography/S01010441,Yoker South - 05,"","","","","","","","","","","","",4,3.45,4.35,4.76,4.55,0.00
http://statistics.gov.scot/id/statistical-geography/S01010442,Yoker South - 06,"","","","","","","","","","","","",9.09,5.26,0,0,14.29,16.67
http://statistics.gov.scot/id/statistical-geography/S01006972,Ythanside - 01,"","","","","","","","","","","","",14.29,14.29,16.67,0,0,12.5
http://statistics.gov.scot/id/statistical-geography/S01006973,Ythanside - 02,"","","","","","","","","","","","",0,0,0,0,0,0.00
http://statistics.gov.scot/id/statistical-geography/S01006974,Ythanside - 03,"","","","","","","","","","","","",4.76,6.67,0,0,0,0.00
http://statistics.gov.scot/id/statistical-geography/S01006975,Ythanside - 04,"","","","","","","","","","","","",0,0,0,8.33,20,16.67
http://statistics.gov.scot/id/statistical-geography/S01006976,Ythanside - 05,"","","","","","","","","","","","",0,0,0,0,0,0.00
http://statistics.gov.scot/id/statistical-geography/S01006977,Ythanside - 06,"","","","","","","","","","","","",0,0,0,0,0,9.09
http://statistics.gov.scot/id/statistical-geography/S01006978,Ythsie - 01,"","","","","","","","","","","","",0,14.29,9.09,5.88,0,0.00
http://statistics.gov.scot/id/statistical-geography/S01006979,Ythsie - 02,"","","","","","","","","","","","",23.08,0,0,0,0,11.11
http://statistics.gov.scot/id/statistical-geography/S01006980,Ythsie - 03,"","","","","","","","","","","","",7.14,6.25,7.69,0,0,0.00
http://statistics.gov.scot/id/statistical-geography/S01006981,Ythsie - 04,"","","","","","","","","","","","",0,0,0,0,7.14,5.26
http://statistics.gov.scot/id/statistical-geography/S01006982,Ythsie - 05,"","","","","","","","","","","","",0,0,0,0,0,0.00
http://statistics.gov.scot/id/statistical-geography/S01006983,Ythsie - 06,"","","","","","","","","","","","",0,0,0,0,0,0.00
http://statistics.gov.scot/id/statistical-geography/S01006984,Ythsie - 07,"","","","","","","","","","","","",0,0,0,0,0,0.00
http://statistics.gov.scot/id/statistical-geography/S02000401,"Abbeyhill, Meadowbank and Marionville",8.8,8,7.14,7.29,9.43,6.48,6.5,4.44,3.61,1.91,1.36,0.88,"","","","","",""
http://statistics.gov.scot/id/statistical-geography/S02000095,Aberchirder and Whitehills,0,2.86,7.69,9.76,11.11,9.09,11.11,16.67,15.22,13.95,4.44,5.88,"","","","","",""
http://statistics.gov.scot/id/statistical-geography/S02000508,Aberdour and Auchtertool,6.67,6.52,8.51,8.57,9.68,2.86,2.33,4.55,13.51,12.82,9.09,2.33,"","","","","",""
http://statistics.gov.scot/id/statistical-geography/S02000956,Aberuthven and Almondbank,1.89,6,6.9,9.62,8.33,9.09,4.65,4.17,3.92,2.7,0,4.17,"","","","","",""
http://statistics.gov.scot/id/statistical-geography/S02000054,Aboyne and South Deeside,8,10,6.06,2.78,0,3.57,3.33,7.02,6.25,5.88,4.08,4.26,"","","","","",""
http://statistics.gov.scot/id/statistical-geography/S02000937,Abronhill North,9.84,11.86,14.29,12.86,14.29,10,12.05,10.34,10,7.87,6.17,9.64,"","","","","",""
http://statistics.gov.scot/id/statistical-geography/S02000932,Abronhill South,16.18,20,17.07,12.5,11.39,16.67,17.89,15.05,14.77,16,14.44,7.95,"","","","","",""
http://statistics.gov.scot/id/statistical-geography/S02000918,Airdrie North,48,37.04,30.77,22.22,20,26.73,23.81,28.3,27.37,30.68,27.38,19.59,"","","","","",""
http://statistics.gov.scot/id/statistical-geography/S02000884,Allanton,6.67,12.5,16.67,16.13,12.5,8.11,9.09,11.11,14,16.67,17.02,13.04,"","","","","",""
http://statistics.gov.scot/id/statistical-geography/S02000157,Alloa North,16.22,13.89,13.16,10,11.9,4.88,12.5,14.63,22.45,21.67,19.05,17.24,"","","","","",""
http://statistics.gov.scot/id/statistical-geography/S02000153,Alloa South and East,25.96,34.02,36.84,34.78,27.06,17.24,25.25,30.1,38.61,31,20.54,15.24,"","","","","",""
http://statistics.gov.scot/id/statistical-geography/S02000154,Alloa West,4.92,6.45,9.86,9.33,16.22,12.5,10.42,11.61,11.96,13.27,6.98,7.22,"","","","","",""
http://statistics.gov.scot/id/statistical-geography/S02001062,Alloway and Doonfoot,6.45,3.13,2.56,3.85,8,7.5,8.82,6.67,11.76,15.63,11.76,6.06,"","","","","",""
http://statistics.gov.scot/id/statistical-geography/S02000755,Alness,29.49,30.49,29.63,32.91,33.33,28.92,19.78,17.02,15.96,17.58,23.4,25,"","","","","",""
http://statistics.gov.scot/id/statistical-geography/S02000254,Altonhill North and Onthank,37.88,31.08,24.64,32,36.49,43.53,41.98,45.07,40.54,34.21,24.1,20.27,"","","","","",""
http://statistics.gov.scot/id/statistical-geography/S02000252,"Altonhill South, Longpark and Hillhead",36.36,36.49,31.87,30.59,31.71,31.88,34.18,26.97,26.97,25.96,32.69,25.71,"","","","","",""
http://statistics.gov.scot/id/statistical-geography/S02000162,Alva,21.25,20.59,12.68,10.71,12.86,17.91,17.11,20,19.12,24.62,26.09,29.17,"","","","","",""
http://statistics.gov.scot/id/statistical-geography/S02000979,Alyth,8.57,6.25,4.35,9.38,15.15,9.52,10.53,5.13,16.67,14.63,16.67,9.09,"","","","","",""
http://statistics.gov.scot/id/statistical-geography/S02000651,Anderston,10.26,11.36,10.53,11.11,13.33,4.55,10.34,6.67,6.38,3.85,1.69,1.28,"","","","","",""
http://statistics.gov.scot/id/statistical-geography/S02000129,Angus Glens,3.45,3.23,9.09,6.06,5.13,0,0,3.23,6.45,6.25,5,11.36,"","","","","",""
http://statistics.gov.scot/id/statistical-geography/S02000177,Annan North,22.86,23.94,24.14,23.88,25.93,23,22.73,20.66,20.54,21.3,20.43,19.15,"","","","","",""
http://statistics.gov.scot/id/statistical-geography/S02000174,Annan South,19.51,23.53,25.81,22.5,16.67,16.67,11.11,12.77,15.25,16.67,11.11,9.62,"","","","","",""
http://statistics.gov.scot/id/statistical-geography/S02001076,"Annbank, Mossblown and Tarbolton - the Coalfields",17.57,18.31,16,16.18,18.31,20.55,20.73,24.05,20.24,17.24,11.49,12.09,"","","","","",""
http://statistics.gov.scot/id/statistical-geography/S02000702,Anniesland East,4.17,3.03,1.92,0,0,4.76,6.67,6.78,3.85,1.64,1.72,3.03,"","","","","",""
http://statistics.gov.scot/id/statistical-geography/S02000705,Anniesland West,9.59,10.34,4.55,3.23,6.45,12.5,14.29,17.19,12.35,9,4.84,3.97,"","","","","",""
http://statistics.gov.scot/id/statistical-geography/S02000565,Anstruther,19.15,15.38,9.62,2.17,6.98,10,12.2,15.56,23.4,23.91,17.07,10.53,"","","","","",""
http://statistics.gov.scot/id/statistical-geography/S02000478,Antonshill,4.44,4.76,2.38,5.41,4.26,4.76,2.22,0,7.89,10.64,13.04,8.7,"","","","","",""
http://statistics.gov.scot/id/statistical-geography/S02000114,Arbroath Cliffburn,38.71,35,32.26,22.95,21.92,25,23.47,22.83,18.92,21.52,21.62,22.78,"","","","","",""
http://statistics.gov.scot/id/statistical-geography/S02000112,Arbroath Harbour,22.37,22.03,24.56,24.59,19.7,14.46,11.58,18.63,14.71,15.46,10.89,19.44,"","","","","",""
http://statistics.gov.scot/id/statistical-geography/S02000111,Arbroath Keptie,17.5,18.42,9.38,3.33,2.86,5,12.5,15.22,18.18,11.11,13.64,8.89,"","","","","",""
http://statistics.gov.scot/id/statistical-geography/S02000113,Arbroath Kirkton,17.98,17.81,18.18,12.5,14.85,13.33,14.95,12.99,13.43,17.14,21.79,22.37,"","","","","",""
http://statistics.gov.scot/id/statistical-geography/S02000115,Arbroath Warddykes,33.33,31.03,27.38,24.39,22.11,15,22.48,24.19,32.97,24.66,20.9,15.58,"","","","","",""
http://statistics.gov.scot/id/statistical-geography/S02000225,Ardler and St Marys,32.53,35,34.57,31.43,19.26,19.74,18.12,24.22,24.76,23.26,22.35,20.21,"","","","","",""
http://statistics.gov.scot/id/statistical-geography/S02000849,Ardrossan Central,28.05,27.78,34.25,32.31,25.42,24.07,27.45,31.48,25.42,27.87,28.81,29.63,"","","","","",""
http://statistics.gov.scot/id/statistical-geography/S02000855,Ardrossan North East,33.82,32.43,32.88,25.76,25,24.19,20.97,16.9,15.49,21.74,17.54,14.71,"","","","","",""
http://statistics.gov.scot/id/statistical-geography/S02000854,Ardrossan North West,20.59,22.22,16.13,12.5,11.76,15.15,7.89,5.88,2.7,5.88,5.88,11.54,"","","","","",""
http://statistics.gov.scot/id/statistical-geography/S02001222,Armadale,11.84,9.46,14.46,17.24,18.37,12.62,11.61,9.35,6.67,6.93,4.88,10.91,"","","","","",""
http://statistics.gov.scot/id/statistical-geography/S02000832,Arran,7.5,12.82,9.52,14.29,9.09,7.14,0,0,3.85,7.69,5.88,8.33,"","","","","",""
http://statistics.gov.scot/id/statistical-geography/S02001095,Ashgill and Netherburn,22.5,30.56,30.3,26.47,17.14,12.2,13.16,17.95,20,15.38,12.24,10.87,"","","","","",""
http://statistics.gov.scot/id/statistical-geography/S02000026,Ashgrove,12.73,11.32,12,9.3,6.38,8.89,6.12,3.64,5.48,6.25,7.14,3.49,"","","","","",""
http://statistics.gov.scot/id/statistical-geography/S02000322,Auchenback,39.29,28,32,35.09,36.07,35.19,35.29,34.62,24.24,23.73,22.22,26.19,"","","","","",""
http://statistics.gov.scot/id/statistical-geography/S02000260,Auchinairn,11.59,13.24,10.94,10.53,8.2,7.35,10.81,13.41,13.25,8.43,2.6,2.63,"","","","","",""
http://statistics.gov.scot/id/statistical-geography/S02000238,Auchinleck,33.33,30.23,27.45,25.86,22.95,23.21,24.49,19.3,18.03,16.92,19.3,17.46,"","","","","",""
http://statistics.gov.scot/id/statistical-geography/S02000084,Auchnagatt,0,0,9.38,10,16.67,11.63,12.77,6.98,5.26,0,0,3.57,"","","","","",""
http://statistics.gov.scot/id/statistical-geography/S02000953,Auchterarder,12.77,11.43,16.67,13.16,15.79,14.29,22.5,20,19.3,10.64,10.26,16.67,"","","","","",""
http://statistics.gov.scot/id/statistical-geography/S02000087,Auchterless and Monquhitter,5.56,4.88,2.38,2.94,0,2.86,4.17,8.51,9.09,9.76,15.15,14.81,"","","","","",""
http://statistics.gov.scot/id/statistical-geography/S02000570,Auchtermuchty and Gateside,9.43,10.91,10.53,8.77,7.41,13.21,12.96,18.03,11.48,12.07,6.98,7.32,"","","","","",""
http://statistics.gov.scot/id/statistical-geography/S02001069,"Ayr North Harbour, Wallacetown and Newton South",19.77,17.57,20.29,19.51,16.67,17.44,19.54,24.53,25.44,23.39,25.44,20.54,"","","","","",""
http://statistics.gov.scot/id/statistical-geography/S02001067,Ayr South Harbour and Town Centre,5.56,8.47,16,13.79,16.67,14.29,13.64,10.26,10.81,13.89,13.21,8.33,"","","","","",""
http://statistics.gov.scot/id/statistical-geography/S02000340,Baberton and Juniper Green,11.9,14.29,10.81,9.68,6.06,8.11,10,5.66,3.45,0,3.45,5,"","","","","",""
http://statistics.gov.scot/id/statistical-geography/S02000723,Badenoch and Strathspey Central,9.09,10.2,9.62,2.08,5.66,11.11,12.33,11.69,6.49,9.21,8.22,9.21,"","","","","",""
http://statistics.gov.scot/id/statistical-geography/S02000726,Badenoch and Strathspey North,17.14,21.62,22.58,21.88,17.07,13.04,10.53,7.02,7.94,6.25,8,7.14,"","","","","",""
http://statistics.gov.scot/id/statistical-geography/S02000721,Badenoch and Strathspey South,5.26,3.33,9.68,8.57,7.69,4.35,7.69,8.16,8.11,2.7,7.14,8.82,"","","","","",""
http://statistics.gov.scot/id/statistical-geography/S02000618,Baillieston East,5.45,7.81,6.35,9.33,13.92,17.02,13.98,13.27,9.3,12.87,10.78,11.71,"","","","","",""
http://statistics.gov.scot/id/statistical-geography/S02000626,Baillieston West,13.73,13.64,14.29,8.57,13.89,20,18.52,15.52,8.93,11.11,10.94,8.33,"","","","","",""
http://statistics.gov.scot/id/statistical-geography/S02000470,Bainsford and Langlees,38.89,43.28,37.7,35,30.16,26.56,26.67,28.57,33.01,34.02,25.81,20.25,"","","","","",""
http://statistics.gov.scot/id/statistical-geography/S02000330,Balerno,3.85,7.69,7.32,9.52,4.35,4.35,2.13,1.75,3.23,4.35,5.66,2.44,"","","","","",""
http://statistics.gov.scot/id/statistical-geography/S02000204,Balgay,17.5,16.67,13.16,13.04,8.89,10.64,7.14,9.8,7.69,8.33,2.33,2.08,"","","","","",""
http://statistics.gov.scot/id/statistical-geography/S02000042,Balgownie and Donmouth East,12.9,7.69,2.78,2.7,5.41,5.71,5.41,2.63,2.7,6.25,10.71,7.69,"","","","","",""
http://statistics.gov.scot/id/statistical-geography/S02000041,Balgownie and Donmouth West,16.67,20,14.63,11.54,11.63,6.82,4.65,2.08,2.27,7.32,10.2,11.32,"","","","","",""
http://statistics.gov.scot/id/statistical-geography/S02000380,Balgreen and Roseburn,1.49,1.61,1.61,4.08,7.27,6,4.62,5.19,6.49,9.23,8.51,7.5,"","","","","",""
http://statistics.gov.scot/id/statistical-geography/S02000538,Ballingry,41.46,32.61,38.1,34.15,45.24,33.33,33.33,23.4,24.14,26.42,36.54,39.02,"","","","","",""
http://statistics.gov.scot/id/statistical-geography/S02000933,Balloch East,7.69,14.29,17.02,21.43,14.71,13.89,9.52,8.33,6.98,6.67,11.32,6.25,"","","","","",""
http://statistics.gov.scot/id/statistical-geography/S02000936,Balloch West,1.22,1.25,0,1.25,1.39,1.75,4,3.7,6.67,7.27,8.62,5.66,"","","","","",""
http://statistics.gov.scot/id/statistical-geography/S02000941,Balmalloch,30,22.73,15.91,20.83,19.67,17.5,20,17.86,25,16.92,20.29,13.51,"","","","","",""
http://statistics.gov.scot/id/statistical-geography/S02000069,Balmedie and Potterton,6,5.56,4.05,4.71,3.37,3.61,0.95,0.82,0,0,2.06,3.9,"","","","","",""
http://statistics.gov.scot/id/statistical-geography/S02000581,Balmullo and Gauldry,13.16,9.09,8.16,4.92,4.29,6.58,7.35,7.69,6.98,8.57,8.82,7.41,"","","","","",""
http://statistics.gov.scot/id/statistical-geography/S02000697,Balornock,44.64,36.67,36.84,39.62,40.38,35.42,30.61,27.45,28.89,16.67,14.58,12,"","","","","",""
http://statistics.gov.scot/id/statistical-geography/S02000057,Banchory,9.09,7.14,3.77,3.85,4.08,5.88,1.47,1.27,1.08,1.32,2.86,4.55,"","","","","",""
http://statistics.gov.scot/id/statistical-geography/S02000059,Banchory-Devenick and Findon,9.3,14.29,10.42,14.81,11.76,16.07,12.77,12.5,8.93,5.41,6.85,3.57,"","","","","",""
http://statistics.gov.scot/id/statistical-geography/S02000099,Banff,17.54,16.07,18.42,21.43,24.24,17.07,19.05,18,19.23,12.5,14.04,15.52,"","","","","",""
http://statistics.gov.scot/id/statistical-geography/S02001158,Bankhead South,4.08,5.88,8.77,8,11.11,9.3,11.54,8.2,7.94,6.9,5.56,5.88,"","","","","",""
http://statistics.gov.scot/id/statistical-geography/S02000445,Banknock and Haggs,10.26,7.69,8.57,17.39,18.64,20.34,18.18,17.65,20.83,13.51,13.46,10.71,"","","","","",""
http://statistics.gov.scot/id/statistical-geography/S02001165,Bannockburn,20.69,18.99,14.93,9.26,11.67,14.29,19.48,16.67,13.92,16.47,16.33,17.54,"","","","","",""
http://statistics.gov.scot/id/statistical-geography/S02000453,Bantaskin,8.33,8.33,7.14,13.73,10.53,13.21,9.09,14.29,11.63,9.3,2.56,5.13,"","","","","",""
http://statistics.gov.scot/id/statistical-geography/S02001079,Barassie,15.87,17.65,20.83,16.33,14.89,17.39,16.67,12.28,11.67,10.45,10.17,4.76,"","","","","",""
http://statistics.gov.scot/id/statistical-geography/S02000646,Barlanark,32.94,32.61,31.07,32,24.24,26.21,25,25.86,24.14,22.81,20.69,21,"","","","","",""
http://statistics.gov.scot/id/statistical-geography/S02000282,Barloch,3.13,4.55,4.76,0,0,0,0,0,0,0,0,0,"","","","","",""
http://statistics.gov.scot/id/statistical-geography/S02000687,Barmulloch,31.43,33.33,30.77,30.19,33.33,27.27,26.32,20.97,24.44,27.78,25,27.27,"","","","","",""
http://statistics.gov.scot/id/statistical-geography/S02000212,Barnhill,13.46,3.92,3.64,0,2.38,3.92,5.61,4.82,7.14,9.09,10.45,5.97,"","","","","",""
http://statistics.gov.scot/id/statistical-geography/S02000413,Barnton and Cammo,0,4.17,6.06,5.56,5.56,3.57,4.55,4.35,4.76,5,0,0,"","","","","",""
http://statistics.gov.scot/id/statistical-geography/S02000431,Barra and South Uist,30,14.29,15,20,20,12,7.14,10,14.81,14.29,7.41,16,"","","","","",""
http://statistics.gov.scot/id/statistical-geography/S02000074,Barrahill,7.84,6.25,4.44,4.76,5.36,6.9,3.7,4.62,4.17,4.41,1.72,0,"","","","","",""
http://statistics.gov.scot/id/statistical-geography/S02001225,Bathgate East,11.9,8.51,12.9,15.22,18.95,13.54,13.27,12.62,9.09,8.33,5.62,8.93,"","","","","",""
http://statistics.gov.scot/id/statistical-geography/S02001219,Bathgate West,9.88,8.64,8.43,9.09,13.51,12.66,11.76,9.2,12.64,16.67,20.41,20.51,"","","","","",""
http://statistics.gov.scot/id/statistical-geography/S02000607,Battlefield,6.14,8.49,7.69,9.47,8.26,6.35,4.2,3.28,5.6,5.76,5.11,4.55,"","","","","",""
http://statistics.gov.scot/id/statistical-geography/S02000215,Baxter Park,6.38,4.76,4.65,5.77,5,5.88,4.69,1.67,1.92,1.92,1.92,0,"","","","","",""
http://statistics.gov.scot/id/statistical-geography/S02000862,Beith East and Rural,8.57,14.71,12.82,14.29,15.15,31.58,23.4,16.95,7.55,11.32,13.04,12.24,"","","","","",""
http://statistics.gov.scot/id/statistical-geography/S02000864,Beith West,15.22,20.93,18.18,25,27.78,25,18.18,14.58,15.22,11.36,7.69,5.71,"","","","","",""
http://statistics.gov.scot/id/statistical-geography/S02000241,Bellfield and Kirkstyle,18.75,17.54,16.67,20.59,19.44,23.88,20,22.67,17.98,14.46,12,12,"","","","","",""
http://statistics.gov.scot/id/statistical-geography/S02000898,Bellshill Central,27.78,22.22,19.61,16.42,12.9,8.77,6.9,11.94,9.46,10.67,8.82,12.7,"","","","","",""
http://statistics.gov.scot/id/statistical-geography/S02000892,Bellshill South,25.71,24.32,20.31,22.58,28.36,28.17,23.19,22.58,19.4,20,16.18,15.63,"","","","","",""
http://statistics.gov.scot/id/statistical-geography/S02001065,Belmont,15.87,11.29,14.71,20,15.87,12.96,11.32,15.91,10.91,7.41,3.77,4.76,"","","","","",""
http://statistics.gov.scot/id/statistical-geography/S02000432,Benbecula and North Ui,5.88,3.45,6.06,16.13,22.73,20,13.64,16.67,22.73,23.33,16.67,12.9,"","","","","",""
http://statistics.gov.scot/id/statistical-geography/S02000150,Benderloch Trail,10.53,5.26,5.88,3.33,10,17.14,16.67,15.56,13.33,13.64,10,11.63,"","","","","",""
http://statistics.gov.scot/id/statistical-geography/S02001047,Berwickshire Central,3.45,7.14,6.67,5.71,0,2,4.76,4.76,10,7.69,18.42,10.87,"","","","","",""
http://statistics.gov.scot/id/statistical-geography/S02001048,Berwickshire East,17.95,15.91,17.02,11.9,8.33,12.2,18.18,19.12,14.86,10.26,10.61,12.5,"","","","","",""
http://statistics.gov.scot/id/statistical-geography/S02001045,Berwickshire West,4.55,8.7,7.69,8.82,3.85,6.25,2.7,5,3.13,7.69,9.68,11.11,"","","","","",""
http://statistics.gov.scot/id/statistical-geography/S02001085,"Biggar, Symington, Thankerton and Dolphinton",9.23,6.78,10.77,8.77,8.77,6.12,5.17,9.68,10.29,9.33,3.9,2.82,"","","","","",""
http://statistics.gov.scot/id/statistical-geography/S02000378,"Bingham, Magdalene and the Christians",37.5,36.59,37.25,39.13,35.19,34,26.87,24.05,20,14.75,5.26,6.9,"","","","","",""
http://statistics.gov.scot/id/statistical-geography/S02000901,Birkenshaw,10.29,10.29,9.26,8.96,5.88,10,8.96,11.67,7.41,9.09,9.09,7.46,"","","","","",""
http://statistics.gov.scot/id/statistical-geography/S02001112,"Birniehill, Kelvin and Whitehills East",7.27,9.09,5.66,15,14.52,18.18,18.18,24.56,20,13.56,5.17,8.62,"","","","","",""
http://statistics.gov.scot/id/statistical-geography/S02000268,Bishopbriggs North and Kenmure,4.76,5.26,4.76,9.76,4.26,4.08,3.7,6.67,11.54,10.2,9.3,4.26,"","","","","",""
http://statistics.gov.scot/id/statistical-geography/S02000264,Bishopbriggs West and Cadder,7.27,6.45,5.88,5.36,4,0,0,1.85,2.08,6,7.14,9.52,"","","","","",""
http://statistics.gov.scot/id/statistical-geography/S02001020,Bishopton,6.67,5.26,2.9,3.28,1.85,4.65,6.67,7.02,3.85,3.28,1.89,3.64,"","","","","",""
http://statistics.gov.scot/id/statistical-geography/S02000753,Black Isle North,9.38,13.16,18.52,16.28,13.64,10,5.88,0,2.86,2.7,2.94,6.45,"","","","","",""
http://statistics.gov.scot/id/statistical-geography/S02000748,Black Isle South,3.57,3.7,3.85,4.17,3.33,1.56,3.23,1.82,5.45,5,5.36,6.67,"","","","","",""
http://statistics.gov.scot/id/statistical-geography/S02001212,Blackburn,28.71,20.62,25.23,21.05,22.05,16.89,14.38,10.06,9.18,9.29,11.89,14.42,"","","","","",""
http://statistics.gov.scot/id/statistical-geography/S02000355,Blackford,1.35,1.28,3.41,2.15,2.35,2.41,5.68,6.25,4.26,1.25,2.99,3.85,"","","","","",""
http://statistics.gov.scot/id/statistical-geography/S02000397,Blackhall,0,0,1.72,2.08,3.77,1.82,1.56,1.3,1.45,3.45,6.45,9.09,"","","","","",""
http://statistics.gov.scot/id/statistical-geography/S02000678,Blackhill and Barmulloch East,31.58,37.5,31.15,30.19,25,24,22.22,18.84,17.98,15.49,15.29,13.75,"","","","","",""
http://statistics.gov.scot/id/statistical-geography/S02000454,"Blackness, Carriden and Grahamsdyke",14.29,12.07,17.54,13.51,14.13,12.04,13.86,14.56,9.43,7.02,8.33,12.24,"","","","","",""
http://statistics.gov.scot/id/statistical-geography/S02001215,Blackridge,27.35,27.52,25.96,30.12,25.47,24.06,21.08,18.56,11.73,9.63,10.38,10.91,"","","","","",""
http://statistics.gov.scot/id/statistical-geography/S02001205,Blaeberry Hill,16.67,21.35,19.05,17.33,10.81,13.04,14.29,15.66,17.11,16.92,14.71,7.69,"","","","","",""
http://statistics.gov.scot/id/statistical-geography/S02000982,"Blair Atholl, Strathardle and Glenshee",2.78,3.13,0,0,0,0,2.5,5.71,7.5,5.13,2.44,7.32,"","","","","",""
http://statistics.gov.scot/id/statistical-geography/S02000709,Blairdardie East,16.67,15.87,20,18.42,16,15.15,11.63,10.71,11.11,12.12,12.16,8.43,"","","","","",""
http://statistics.gov.scot/id/statistical-geography/S02000711,Blairdardie West,8.7,11.76,21.43,25,25,8.33,5.88,4.35,8.33,17.86,19.35,19.35,"","","","","",""
http://statistics.gov.scot/id/statistical-geography/S02000978,Blairgowrie East (Rattray),52.08,47.37,40,25.71,21.43,18.18,18.75,20.97,20,16.67,14.29,12.9,"","","","","",""
http://statistics.gov.scot/id/statistical-geography/S02000977,Blairgowrie West,12.73,13.21,12.5,9.3,6.98,3.92,3.33,8.7,10.14,12.16,11.48,9.68,"","","","","",""
http://statistics.gov.scot/id/statistical-geography/S02001163,Blane Valley,2.22,2.33,5.71,6.67,10,6.9,6.45,5.88,3.7,3.7,7.69,6.45,"","","","","",""
http://statistics.gov.scot/id/statistical-geography/S02001143,Blantyre South and Wheatlands,20.29,21.43,23.44,23.64,15.09,16.92,16.9,22.67,21.43,22.81,14.81,11.27,"","","","","",""
http://statistics.gov.scot/id/statistical-geography/S02001144,Blantytre North and Coatshill,23.26,22.22,19.61,17.39,17.39,9.3,10,5.26,6.12,9.09,14.63,18.18,"","","","","",""
http://statistics.gov.scot/id/statistical-geography/S02000331,Bonaly and Pentlands,0,0,0,0,0,0,0,0,0,0,0,0,"","","","","",""
http://statistics.gov.scot/id/statistical-geography/S02000418,Bonnington and Pilrig,12.94,7.69,9.52,3.23,8.33,5.75,4.76,2.42,2.16,2.48,1.01,2.86,"","","","","",""
http://statistics.gov.scot/id/statistical-geography/S02000465,Bonnybridge,25.58,27.5,19.51,10.87,14.58,15.09,20.69,17.74,20.97,15.09,18,16.67,"","","","","",""
http://statistics.gov.scot/id/statistical-geography/S02000802,Bonnyrigg North,14.29,18.18,22.78,19.72,16.18,10.14,10.53,7.23,10.84,9.59,10.71,2.22,"","","","","",""
http://statistics.gov.scot/id/statistical-geography/S02000800,Bonnyrigg South,7.94,13.56,15.94,20,17.54,18.37,12.7,12.31,4.76,6.25,10.87,17.5,"","","","","",""
http://statistics.gov.scot/id/statistical-geography/S02000250,Bonnyton and Town Centre,5,4.92,1.45,2.9,6.45,7.55,10,10.53,15.63,13.24,9.38,7.89,"","","","","",""
http://statistics.gov.scot/id/statistical-geography/S02000190,Boreland and Ecclefechan,16.67,16.67,9.3,12.5,11.11,13.51,11.11,17.65,21.57,19.57,9.09,8.57,"","","","","",""
http://statistics.gov.scot/id/statistical-geography/S02001168,Borestone,19.57,25.64,27.14,27.71,24.18,18.95,12.94,6.02,12.16,13.92,13.25,8.97,"","","","","",""
http://statistics.gov.scot/id/statistical-geography/S02000423,Boswall and Pilton,13.73,23.68,22.22,17.24,12.2,9.43,8.45,5.56,3.37,2.6,5.45,4.35,"","","","","",""
http://statistics.gov.scot/id/statistical-geography/S02001147,Bothwell North,17.39,16.33,6.67,6.67,8,14.29,17.39,22.22,20.51,17.14,11.36,14.29,"","","","","",""
http://statistics.gov.scot/id/statistical-geography/S02001145,Bothwell South,2.78,0,0,2.44,2.38,4.65,2.04,3.85,1.82,2,2.13,2.38,"","","","","",""
http://statistics.gov.scot/id/statistical-geography/S02000779,"Bow Farm, Barrs Cottage, Cowdenknowes and Overton",29.73,24.66,23.33,20.31,20.34,17.54,13.46,14.29,13.64,14.89,13.95,11.32,"","","","","",""
http://statistics.gov.scot/id/statistical-geography/S02000456,Bowhouse,29.87,30.99,24.29,24.29,15.71,16.22,16,18.92,18.46,17.91,14.93,24.24,"","","","","",""
http://statistics.gov.scot/id/statistical-geography/S02000440,Braes Villages,20.83,25,29.23,28.57,21.31,16.13,12.28,23.73,25.81,26.56,17.74,18.33,"","","","","",""
http://statistics.gov.scot/id/statistical-geography/S02000782,"Braeside, Branchton, Lower Larkfield and Ravenscraig",37.5,44.71,45.56,43.56,35.71,34.72,31.82,34.67,31.65,35.53,31.51,29.58,"","","","","",""
http://statistics.gov.scot/id/statistical-geography/S02000011,"Braeside, Mannofield, Broomhill and Seafield East",0,1.64,1.35,2.63,1.09,2.2,1.08,1.11,0,0,0,1.03,"","","","","",""
http://statistics.gov.scot/id/statistical-geography/S02000013,"Braeside, Mannofield, Broomhill and Seafield North",1.75,0,2.08,2.04,2.27,0,0,1.72,1.45,1.23,0,0,"","","","","",""
http://statistics.gov.scot/id/statistical-geography/S02000009,"Braeside, Mannofield, Broomhill and Seafield South",0,0,0,0,2.08,4.17,3.45,1.75,0,0,0,2.17,"","","","","",""
http://statistics.gov.scot/id/statistical-geography/S02000620,Braidfauld,25.49,29.69,35.9,36.05,35.92,27.19,28.21,20.75,24.32,17.46,17.78,13.53,"","","","","",""
http://statistics.gov.scot/id/statistical-geography/S02000347,Braids,0,2.56,5.26,7.14,4,4,3.13,2.78,0,0,0,0,"","","","","",""
http://statistics.gov.scot/id/statistical-geography/S02000126,Brechin East,28.57,28.13,28.95,24.32,21.15,18.18,22.73,25.4,27.12,21.28,26.67,21.43,"","","","","",""
http://statistics.gov.scot/id/statistical-geography/S02000127,Brechin West,7.69,14.81,14.71,16.22,13.51,7.69,9.09,18.18,22,26.09,13.95,17.02,"","","","","",""
http://statistics.gov.scot/id/statistical-geography/S02001202,Breich Valley,35.29,34.85,32.43,24.19,20.29,17.39,23.53,25.29,27.38,22.58,18.52,16.67,"","","","","",""
http://statistics.gov.scot/id/statistical-geography/S02001178,Bridge of Allan,5.88,6.67,7.69,5.26,3.33,3.57,3.57,4.35,1.85,3.77,3.51,3.77,"","","","","",""
http://statistics.gov.scot/id/statistical-geography/S02000955,Bridge of Earn and Abernethy,10,5,6.82,4.76,7.32,7.32,8.33,6.15,2.99,5.08,7.35,10,"","","","","",""
http://statistics.gov.scot/id/statistical-geography/S02001008,Bridge of Weir,13.04,17.5,17.02,12.2,4.55,4.88,6.52,8.7,11.36,9.3,5.66,1.85,"","","","","",""
http://statistics.gov.scot/id/statistical-geography/S02000444,"Brightons, Reddingmuirhead and Wallacest",4.48,2.86,1.33,3.41,3.26,4.42,4.92,5.63,6.25,3.94,2.97,2.15,"","","","","",""
http://statistics.gov.scot/id/statistical-geography/S02000438,Broadbay,9.09,5.71,7.32,5.26,8.7,10.26,9.76,15.38,11.9,15.79,16.28,15.56,"","","","","",""
http://statistics.gov.scot/id/statistical-geography/S02000679,Broomhill,1.3,0,0,0,0,2.7,2.7,1.92,0,0,1.15,2.2,"","","","","",""
http://statistics.gov.scot/id/statistical-geography/S02000358,Broomhouse and Sighthill,30.67,31.82,29.03,28.17,23.53,30.99,30.14,28.72,22.83,18.82,12.07,13.33,"","","","","",""
http://statistics.gov.scot/id/statistical-geography/S02000412,Broughton,6.48,5.05,4.65,5.26,5.41,5.26,3.85,3.65,2.17,1.83,0,0,"","","","","",""
http://statistics.gov.scot/id/statistical-geography/S02000213,Broughty Ferry East,17.95,15.38,13.16,8.33,2.33,0,0,0,0,6.67,6.67,6.67,"","","","","",""
http://statistics.gov.scot/id/statistical-geography/S02000206,Broughty Ferry Wes,3.85,2.63,5.41,4.17,4.69,5.26,6.25,9.33,7.35,8.93,3.85,6,"","","","","",""
http://statistics.gov.scot/id/statistical-geography/S02001227,Broxburn,8.57,8.33,3.57,7.77,9.24,8.4,8.94,5.43,6.84,6.32,10,12.7,"","","","","",""
http://statistics.gov.scot/id/statistical-geography/S02000376,Bruntsfield,4.71,3.75,3.45,0,0,0,2.41,2.94,2.34,0.74,0,1.18,"","","","","",""
http://statistics.gov.scot/id/statistical-geography/S02000540,Buckhaven and Muiredge,29.09,25.86,20.37,31.25,30.23,25.49,19.23,21.31,24,35.09,31.48,29.82,"","","","","",""
http://statistics.gov.scot/id/statistical-geography/S02000828,Buckie Central East,21.74,22.73,19.51,25.45,24.62,25.37,18.97,25.49,28.26,34,33.33,27.45,"","","","","",""
http://statistics.gov.scot/id/statistical-geography/S02000827,Buckie West and Mains of Buckie,15.63,9.3,22.22,26.42,31.25,22.64,18.64,21.13,18.84,20.31,14.55,22.03,"","","","","",""
http://statistics.gov.scot/id/statistical-geography/S02000043,Bucksburn North,7.69,17.65,12.82,18.87,19.23,18.97,14.55,10,6.67,3.51,1.72,6.45,"","","","","",""
http://statistics.gov.scot/id/statistical-geography/S02000039,Bucksburn South,10.26,8.11,13.64,15.91,20,14.29,11.32,5.17,8.06,7.35,8.22,7.5,"","","","","",""
http://statistics.gov.scot/id/statistical-geography/S02000399,Bughtlin and Parkgrove,16.67,19.57,12.07,4.84,1.47,4.69,6.85,7.14,4.17,1.61,3.7,11.63,"","","","","",""
http://statistics.gov.scot/id/statistical-geography/S02001159,"Burgh, Eastfield and Silverbank",10.61,8.05,6.25,6.98,9.09,6.76,6.41,4.26,4.67,2.7,2.61,1.06,"","","","","",""
http://statistics.gov.scot/id/statistical-geography/S02000829,"Burghead, Roseisle and Laich",7.41,11.11,12.96,16.36,14.55,14.04,14.04,11.32,5.45,3.77,5.66,6.25,"","","","","",""
http://statistics.gov.scot/id/statistical-geography/S02000962,Burghmuir and Oakbank,12.82,8.33,6.12,0,2.63,3.13,5.26,2.17,5.56,5.77,7.84,4.44,"","","","","",""
http://statistics.gov.scot/id/statistical-geography/S02001137,Burnbank Central and Udston,25.97,23.19,20.59,19.23,17.28,13.83,14.44,13.51,15.65,12.17,14.58,13.58,"","","","","",""
http://statistics.gov.scot/id/statistical-geography/S02001141,Burnbank North,19.35,20.51,23.38,23.68,17.78,13,12.5,14.71,17.02,15.15,13.95,10.1,"","","","","",""
http://statistics.gov.scot/id/statistical-geography/S02001133,Burnbank South and Chantinghall,21.95,9.3,5.56,7.02,9.26,11.63,8.57,16.13,13.16,10.42,8.93,9.43,"","","","","",""
http://statistics.gov.scot/id/statistical-geography/S02001026,Burnfoot and area,37.5,33.33,43.48,38.46,39.66,38.78,38,36,34.48,39.66,37.5,30.91,"","","","","",""
http://statistics.gov.scot/id/statistical-geography/S02001160,Burnhill and Bankhead North,14.89,16.07,17.54,20.9,18.97,22.45,19.61,20.69,17.46,19.3,19.61,18.75,"","","","","",""
http://statistics.gov.scot/id/statistical-geography/S02001150,Burnside and Springhall,13.04,12.5,10.91,15.09,10.94,10.91,6.67,6.78,8.11,8.82,11.86,9.62,"","","","","",""
http://statistics.gov.scot/id/statistical-geography/S02000495,Burntisland East,0,0,4.35,11.54,16.67,19.44,17.95,13.33,12.82,13.89,15.63,12.82,"","","","","",""
http://statistics.gov.scot/id/statistical-geography/S02000500,Burntisland West,16.67,23.08,25,26.19,20,21.62,23.91,20.37,17.19,14.29,14.29,15.07,"","","","","",""
http://statistics.gov.scot/id/statistical-geography/S02000315,Busby,7.27,10.53,11.11,8.33,8.57,7.5,10,7.14,8.82,5.88,2.63,2.63,"","","","","",""
http://statistics.gov.scot/id/statistical-geography/S02000132,Bute,13.64,14.29,22.22,29.17,32,25.93,26.09,32,38.1,22.73,8.33,7.41,"","","","","",""
http://statistics.gov.scot/id/statistical-geography/S02000223,Caird Park,29.79,26.09,28.26,20,20.59,21.33,22.35,21.84,19.51,24.19,22.92,20,"","","","","",""
http://statistics.gov.scot/id/statistical-geography/S02000490,Cairneyhill and Crombie,7.69,21.21,15.15,11.76,5.88,7.5,7.69,5,9.09,11.36,11.63,7.5,"","","","","",""
http://statistics.gov.scot/id/statistical-geography/S02000908,Cairnhill,10.47,11.36,11.83,9.88,10.98,12,11.11,11.39,13.16,14.1,10,11.63,"","","","","",""
http://statistics.gov.scot/id/statistical-geography/S02000768,Caithness North East,13.33,16.13,13.51,12.5,4.88,4.88,5.41,7.32,7.14,10.64,10.81,8.82,"","","","","",""
http://statistics.gov.scot/id/statistical-geography/S02000767,Caithness North West,14.06,13.46,9.62,16.07,14.29,11.76,8.96,7.46,6.25,3.7,5.77,11.11,"","","","","",""
http://statistics.gov.scot/id/statistical-geography/S02000763,Caithness South,12,13.79,16.67,17.86,10.71,15.38,14.81,26.09,20,25,16.13,12,"","","","","",""
http://statistics.gov.scot/id/statistical-geography/S02000921,Caldercruix and Plains,17.86,14.06,14.49,16.67,22.22,21.95,19.75,18.75,19.74,20.27,20,17.57,"","","","","",""
http://statistics.gov.scot/id/statistical-geography/S02000350,Calders,37.89,30.39,32.63,34.04,38.37,32.98,27.43,20.69,18.11,16.67,18.82,20.97,"","","","","",""
http://statistics.gov.scot/id/statistical-geography/S02001217,Calderwood,9.68,15.63,23.53,24.14,16.67,13.64,10.34,12.2,10.26,8.57,12,9.52,"","","","","",""
http://statistics.gov.scot/id/statistical-geography/S02001136,Calderwood Central,11.54,6.67,4.88,6.67,9.3,9.62,9.09,13.51,11.76,11.11,5.17,7.35,"","","","","",""
http://statistics.gov.scot/id/statistical-geography/S02001138,Calderwood East,15.85,17.07,19.74,16.44,15.15,9.38,8.33,8.96,13.64,14.47,10.96,8.57,"","","","","",""
http://statistics.gov.scot/id/statistical-geography/S02001132,Calderwood West and Nerston,12.5,8.51,15.69,12.31,15.52,12.96,13.73,10.53,6.15,5.26,1.82,3.85,"","","","","",""
http://statistics.gov.scot/id/statistical-geography/S02001182,Callander,12.5,16.13,10,7.14,2.33,7.89,9.09,16.67,8.82,9.68,5.41,6.82,"","","","","",""
http://statistics.gov.scot/id/statistical-geography/S02000635,"Calton, Galllowgate and Bridgeton",20.83,17.95,14.43,12.37,15.31,14.44,18.27,13.08,12.67,7.06,8.38,7.83,"","","","","",""
http://statistics.gov.scot/id/statistical-geography/S02001166,Cambusbarron and Carron Vall,17.95,16.28,9.3,4.76,2.33,6.25,8.51,8.51,7.14,11.76,10.34,10,"","","","","",""
http://statistics.gov.scot/id/statistical-geography/S02001153,Cambuslang Central,9.26,5.77,4.17,4.26,5.88,6,7.69,9.8,9.62,6.12,2.38,0,"","","","","",""
http://statistics.gov.scot/id/statistical-geography/S02000459,Camelon East,30,25,21.43,18.52,14.81,18.75,19.23,20,14.29,18.18,16.36,15.25,"","","","","",""
http://statistics.gov.scot/id/statistical-geography/S02000458,Camelon West,29.55,26.67,23.81,36.11,44.83,38.24,23.26,24.44,26.32,35.48,26.47,25.71,"","","","","",""
http://statistics.gov.scot/id/statistical-geography/S02000130,Campbeltown,23.4,16.22,12.82,19.61,18.75,20.37,13.64,15.79,14.04,12.31,10.29,9.59,"","","","","",""
http://statistics.gov.scot/id/statistical-geography/S02000534,Cardenden,23.88,29.58,30.16,25,24.62,23.61,24.32,18.82,17.07,19.23,20.95,21.93,"","","","","",""
http://statistics.gov.scot/id/statistical-geography/S02000637,Cardonald North,23.26,24.49,20,19.61,16.28,22.22,27.87,22.54,17.74,8.62,14.55,9.09,"","","","","",""
http://statistics.gov.scot/id/statistical-geography/S02000625,Cardonald South and East,25,17.65,8.33,3.85,6.45,14.71,16.13,19.05,9.68,10.53,8.77,11.76,"","","","","",""
http://statistics.gov.scot/id/statistical-geography/S02000627,Cardonald West and Central,7.55,6.12,6.12,8.62,12.07,16.67,14.52,12.12,11.27,13.7,11.11,4.92,"","","","","",""
http://statistics.gov.scot/id/statistical-geography/S02000896,Carfin North,15,14.49,15.79,18.31,20,21.25,23.68,25,27.63,25.37,17.74,12.31,"","","","","",""
http://statistics.gov.scot/id/statistical-geography/S02000887,"Carfin, Cleekhimin and New Stevenston",21.43,21.82,20.87,19.69,15.45,17.09,13.33,12.88,11.81,9.72,10.45,8.11,"","","","","",""
http://statistics.gov.scot/id/statistical-geography/S02001100,Carluke East,19.51,22.86,16.22,9.3,5.26,8.89,17.39,19.15,21.74,17.78,17.46,15.79,"","","","","",""
http://statistics.gov.scot/id/statistical-geography/S02001104,Carluke North,3.33,6.9,15.38,28.57,27.59,25.81,23.33,23.08,24,20,20,11.11,"","","","","",""
http://statistics.gov.scot/id/statistical-geography/S02001099,Carluke South,13.79,11.11,14.29,9.38,12.5,14.29,12.82,10,5.88,11.11,11.9,21.28,"","","","","",""
http://statistics.gov.scot/id/statistical-geography/S02001103,Carluke West,4.44,2.27,2.86,4.76,2.5,6.06,4.55,3.45,2.63,2.17,12.2,15.79,"","","","","",""
http://statistics.gov.scot/id/statistical-geography/S02000591,Carmunnock North,8.7,4.35,7.41,6.9,7.41,0,3.23,3.57,9.68,6.9,5.71,2.38,"","","","","",""
http://statistics.gov.scot/id/statistical-geography/S02000584,Carmunnock South,25,31.25,31.25,21.05,15.69,23.08,24.14,25.93,17.19,16.67,14.29,13.79,"","","","","",""
http://statistics.gov.scot/id/statistical-geography/S02000613,Carmyle and Mount Vernon South,30.56,36.36,28.95,20.93,10.64,9.09,10.26,9.52,7.69,9.09,9.38,10,"","","","","",""
http://statistics.gov.scot/id/statistical-geography/S02000108,Carnoustie East,6.52,11.9,11.11,10,5.19,4.44,5.8,4.41,9.8,8.16,13.73,12.24,"","","","","",""
http://statistics.gov.scot/id/statistical-geography/S02000107,Carnoustie West,14.55,10.2,9.43,9.46,5.26,4.59,9.9,14.15,16.5,14.14,11.96,10.84,"","","","","",""
http://statistics.gov.scot/id/statistical-geography/S02000657,Carntyne,13.33,16.67,18.52,30.77,21.21,19.35,11.11,12.5,13.64,11.9,4.26,9.3,"","","","","",""
http://statistics.gov.scot/id/statistical-geography/S02000648,Carntyne West and Haghill,24.55,22.73,27.96,25.97,30.14,25.56,28.3,27.88,25.27,20.43,11.88,8.25,"","","","","",""
http://statistics.gov.scot/id/statistical-geography/S02000594,Carnwadric East,17.65,13.16,13.16,13.16,18.18,15.22,17.24,10.34,12.9,14.04,15.25,13.21,"","","","","",""
http://statistics.gov.scot/id/statistical-geography/S02000592,Carnwadric West,21.95,24,31.34,35.21,33.33,31.88,25,20,18.6,22.45,17.65,18.48,"","","","","",""
http://statistics.gov.scot/id/statistical-geography/S02000372,Carrick Knowe,4.88,0,0,2.5,2.27,7.5,9.62,10.17,7.46,4,3.23,0,"","","","","",""
http://statistics.gov.scot/id/statistical-geography/S02001060,Carrick North,9.76,10.53,10.81,0,0,0,0,0,0,1.89,1.85,3.33,"","","","","",""
http://statistics.gov.scot/id/statistical-geography/S02001057,Carrick South,22.22,17.02,13.64,15.22,23.81,23.4,26.92,18.97,20.34,17.74,17.74,16.07,"","","","","",""
http://statistics.gov.scot/id/statistical-geography/S02000938,Carrickstone,2.5,2.29,2.29,2.27,3.28,5.74,8.04,9.43,10,6.1,4.82,5.41,"","","","","",""
http://statistics.gov.scot/id/statistical-geography/S02000474,Carron,4.08,7.27,10.71,9.26,9.09,14.29,25,26.19,18.37,15.22,6.52,7.32,"","","","","",""
http://statistics.gov.scot/id/statistical-geography/S02000476,Carronshore,16.98,12.5,17.39,17.02,12,13.11,16.39,16.92,10.91,8.33,13.95,15.38,"","","","","",""
http://statistics.gov.scot/id/statistical-geography/S02000480,Carse and Grangemouth Old Town,20,21.28,14.55,15.63,14.29,12.7,11.59,8.7,10.29,5.77,8,5.77,"","","","","",""
http://statistics.gov.scot/id/statistical-geography/S02001093,"Carstairs, Carstairs Junction and Carnwath",17.86,10.53,8.47,10.53,13.21,16.07,10.45,9.72,4.94,6.06,7.14,9.43,"","","","","",""
http://statistics.gov.scot/id/statistical-geography/S02000168,Castle Douglas,26,20,17.39,11.63,23.26,12.5,14.93,14.71,16.36,18.87,8.62,10.17,"","","","","",""
http://statistics.gov.scot/id/statistical-geography/S02001064,Castlehill and Kincaidston,21.62,19.74,24.32,22.86,20,17.19,21.05,28,29.85,30.51,25.4,21.88,"","","","","",""
http://statistics.gov.scot/id/statistical-geography/S02000589,Castlemilk,26.76,27.91,23.86,25.32,27.87,23.44,16.67,17.33,17.11,15.58,10,6.33,"","","","","",""
http://statistics.gov.scot/id/statistical-geography/S02000599,Cathcart,9.23,5.45,4.41,5.33,5.43,5.95,2.6,2.6,1.12,1.03,3.77,4.72,"","","","","",""
http://statistics.gov.scot/id/statistical-geography/S02000189,Catherinefield,22.22,25,17.86,21.21,17.14,14.63,12.82,13.89,15.79,15,14.89,16.22,"","","","","",""
http://statistics.gov.scot/id/statistical-geography/S02000662,Central Easterhouse,46.03,52,43.18,30.19,24.24,25,25.3,22.97,26.47,20.59,20.83,24.62,"","","","","",""
http://statistics.gov.scot/id/statistical-geography/S02001053,Central Shetland,17.02,13.46,12,12.2,13.16,12.24,6.78,3.17,2.33,3,3.85,2.8,"","","","","",""
http://statistics.gov.scot/id/statistical-geography/S02000964,"Central, North Inch and South Inch",18.1,16.67,17.7,16.67,16.47,14.08,12.73,13.33,11.9,10.84,9.6,8.99,"","","","","",""
http://statistics.gov.scot/id/statistical-geography/S02000903,Chapelhall East,1.33,4.35,3.33,6.93,8.7,14.63,16,11.76,8.82,7.94,12.31,11.27,"","","","","",""
http://statistics.gov.scot/id/statistical-geography/S02000902,Chapelhall West,45.71,32.5,21.95,17.14,21.62,21.95,21.43,23.33,12.9,16.67,9.52,11.36,"","","","","",""
http://statistics.gov.scot/id/statistical-geography/S02001083,"Chapelton, Glengavel and Sandford",11.43,15.63,17.24,14.29,12.9,10.71,8.7,3.13,0,0,2.56,2.56,"","","","","",""
http://statistics.gov.scot/id/statistical-geography/S02000216,Charleston,36.36,33.33,31.94,31.68,26.56,24.66,20.13,23.58,25.49,25.97,21.18,20,"","","","","",""
http://statistics.gov.scot/id/statistical-geography/S02001029,Cheviot East,4.17,8.33,3.13,6.25,2.63,8.57,6.45,9.38,8.82,10.87,12.77,10.42,"","","","","",""
http://statistics.gov.scot/id/statistical-geography/S02001025,Cheviot West,8.33,8.7,8.7,7.69,9.09,7.41,5,4.55,12.5,9.52,8.33,0,"","","","","",""
http://statistics.gov.scot/id/statistical-geography/S02000925,Chryston and Muirhead,17.39,16.22,8.51,14,9.8,14.29,13.85,18.84,18.46,15,12.5,18.33,"","","","","",""
http://statistics.gov.scot/id/statistical-geography/S02000018,City Centre,14.29,15.79,14.81,14.29,11.76,11.32,10.66,7.46,4.14,2.26,4.67,4.79,"","","","","",""
http://statistics.gov.scot/id/statistical-geography/S02000201,City Centre,15.09,19.64,18.18,13.16,10.81,15.38,18.1,20.83,15,12.37,13.79,13.89,"","","","","",""
http://statistics.gov.scot/id/statistical-geography/S02000658,City Centre East,23.4,25,17.24,17.33,12.22,14.74,10.99,11.24,7.5,8.64,9.89,11.76,"","","","","",""
http://statistics.gov.scot/id/statistical-geography/S02000655,City Centre West,11.36,9.8,13.46,14,14.63,12.2,11.9,8.93,5.71,5.56,4.35,3.16,"","","","","",""
http://statistics.gov.scot/id/statistical-geography/S02000152,"Clackmannan, Kennet and Forestmill",35,19.15,18.18,16.28,21.88,21.43,28.26,25.76,21.13,17.53,16.19,22.43,"","","","","",""
http://statistics.gov.scot/id/statistical-geography/S02000317,Clarkston and Sheddens,3.51,0,1.47,1.35,4.35,3.51,4.08,0,0,1.85,1.64,4.48,"","","","","",""
http://statistics.gov.scot/id/statistical-geography/S02000080,Clashindarroch,3.57,5,5.08,4.17,2.44,2.63,4.35,7.69,11.76,13.21,9.62,6,"","","","","",""
http://statistics.gov.scot/id/statistical-geography/S02000885,Cleland,17.19,19.35,21.88,10.53,13.33,15.94,17.65,14.89,9.68,12.35,11.69,9.59,"","","","","",""
http://statistics.gov.scot/id/statistical-geography/S02000400,Clermiston,21.05,16,16.39,13.56,20.97,20.78,25.68,19.51,14.08,10,10.17,14.89,"","","","","",""
http://statistics.gov.scot/id/statistical-geography/S02000394,Clerwood and Corstorphine (Hillview),0,0,0,3.85,7.41,6.67,2.22,0,0,0,0,0,"","","","","",""
http://statistics.gov.scot/id/statistical-geography/S02000911,Cliftonville South,7.35,9.23,16.67,17.54,21.57,21.43,19.61,19.23,21.05,22.41,18.03,14,"","","","","",""
http://statistics.gov.scot/id/statistical-geography/S02000348,Clovenstone and Drumbryden,44.44,42.74,41.88,38.58,35,34.18,28.75,29.28,21.28,20.79,13.04,20.95,"","","","","",""
http://statistics.gov.scot/id/statistical-geography/S02001081,Clydesdale South,3.23,3.7,3.7,10.34,7.69,6.45,3.7,2.94,2.94,5.13,10.81,12.9,"","","","","",""
http://statistics.gov.scot/id/statistical-geography/S02000913,Coatbridge West,7.14,6.58,5.95,12.35,17.33,16.67,14.47,10.98,14.77,13.41,12.22,7.07,"","","","","",""
http://statistics.gov.scot/id/statistical-geography/S02000915,Coatdyke and Whinhall,20.45,23.6,23.86,19.48,24.36,18.99,18.18,10.59,8.05,5.94,2.83,3.51,"","","","","",""
http://statistics.gov.scot/id/statistical-geography/S02001043,Coldstream and area,13.04,9.52,15,23.81,31.58,19.05,13.04,11.54,18.52,14.29,11.11,0,"","","","","",""
http://statistics.gov.scot/id/statistical-geography/S02000344,Colinton and Kingsknowe,9.78,6.12,6.74,5.62,5.19,2.5,3.26,3.92,4.08,5.56,8.93,9.3,"","","","","",""
http://statistics.gov.scot/id/statistical-geography/S02000880,Coltness,31.71,22.22,25,19.3,25,16.98,17.54,7.84,13.33,14.29,17.46,14.29,"","","","","",""
http://statistics.gov.scot/id/statistical-geography/S02000408,Comely Bank,0,0,0,0,0,0,0,0,0,0,0,0,"","","","","",""
http://statistics.gov.scot/id/statistical-geography/S02000336,Comiston and Swanston,5.26,6.67,3.66,3.61,5.95,7.14,10.59,6.33,6.41,1.59,1.75,0,"","","","","",""
http://statistics.gov.scot/id/statistical-geography/S02000960,"Comrie, Gilmerton and St Fillans",5.56,10.53,5.88,15,8.7,10.53,0,0,4,3.7,3.7,0,"","","","","",""
http://statistics.gov.scot/id/statistical-geography/S02000928,Condorrat,15.94,12.68,14.29,13.79,11.48,8.06,7.69,16.39,17.19,15.07,8.7,9.72,"","","","","",""
http://statistics.gov.scot/id/statistical-geography/S02000747,Conon and Muir of Ord,15.85,8.86,11.25,11.67,17.19,14.29,12.66,17.05,20.45,21.43,21.11,18.39,"","","","","",""
http://statistics.gov.scot/id/statistical-geography/S02000383,Corstorphine,0,0,2.9,3.45,3.28,0,0,0,1.19,3.17,4.26,2.38,"","","","","",""
http://statistics.gov.scot/id/statistical-geography/S02000976,Coupar Angus and Meigle,20.37,14,9.8,13.21,14.29,13.11,8.11,12,14.1,13.7,12.16,13.33,"","","","","",""
http://statistics.gov.scot/id/statistical-geography/S02000005,Cove North,11.84,12.68,11.11,7.32,7.89,8,6.25,2.86,1.47,1.45,1.28,5.95,"","","","","",""
http://statistics.gov.scot/id/statistical-geography/S02000001,Cove South,2.04,3.23,1.41,1.41,0,1.47,3.28,7.46,6.25,6.25,3.28,4.55,"","","","","",""
http://statistics.gov.scot/id/statistical-geography/S02000146,Cowal North,3.13,6.25,3.23,6.67,3.57,3.33,0,0,3.7,7.69,13.64,8,"","","","","",""
http://statistics.gov.scot/id/statistical-geography/S02000137,Cowal South,5.26,0,0,0,0,0,16.67,6.67,5.88,0,0,3.03,"","","","","",""
http://statistics.gov.scot/id/statistical-geography/S02000519,Cowdenbeath North,16.98,18.18,16.67,24,18.52,14.29,10.42,16.67,18.57,18.57,16.92,16.67,"","","","","",""
http://statistics.gov.scot/id/statistical-geography/S02000515,Cowdenbeath South,17.24,24.56,24.53,18.37,16.33,16.98,24,18.87,25,29.79,38.46,27.91,"","","","","",""
http://statistics.gov.scot/id/statistical-geography/S02000676,Cowlairs and Port Dundas,27.54,28.13,22.58,20,17.33,17.5,13.58,16.47,17.71,16.07,12.15,8.6,"","","","","",""
http://statistics.gov.scot/id/statistical-geography/S02001063,Coylton,10.64,9.09,9.76,11.9,10.42,12.77,11.36,11.11,10.2,7.55,8,3.92,"","","","","",""
http://statistics.gov.scot/id/statistical-geography/S02000663,Craigend and Ruchazie,32.97,32.58,29.41,32.58,29.63,31,23.81,29.51,24.53,23.58,16.83,19.59,"","","","","",""
http://statistics.gov.scot/id/statistical-geography/S02000406,Craigentinny,3.03,3.23,9.09,15.38,11.11,4,0,0,0,0,0,0,"","","","","",""
http://statistics.gov.scot/id/statistical-geography/S02000352,Craighouse and South Morningside,1.67,1.67,0,1.85,1.82,1.64,0,0,0,0,1.52,2.17,"","","","","",""
http://statistics.gov.scot/id/statistical-geography/S02000207,Craigie and Craigiebank,11.11,10.26,11.9,10.87,10,12.05,11.9,10.26,8.77,7.02,5.77,3.39,"","","","","",""
http://statistics.gov.scot/id/statistical-geography/S02000407,Craigleith,8.7,4.55,4.44,0,0,0,0,0,0,0,2.5,2.78,"","","","","",""
http://statistics.gov.scot/id/statistical-geography/S02000351,Craiglockhart,3.7,3.8,4.94,2.94,1.47,1.67,4.23,5.41,3.95,2.94,3.7,5.71,"","","","","",""
http://statistics.gov.scot/id/statistical-geography/S02000914,Craigneuk Airdrie,11.11,14.13,15.28,13.04,10.14,9.21,12.82,14.47,13.64,10.91,7.41,9.52,"","","","","",""
http://statistics.gov.scot/id/statistical-geography/S02000878,Craigneuk Wishaw,45.83,42.86,33.77,32.35,31.03,38.89,37.31,34.29,29.17,21.74,22.62,19.32,"","","","","",""
http://statistics.gov.scot/id/statistical-geography/S02001218,Craigshill,35.59,35.71,31.62,34.43,28.81,29.31,25,25.42,15,15.79,12.37,21.88,"","","","","",""
http://statistics.gov.scot/id/statistical-geography/S02000638,Craigton,33.33,32.79,26.23,30,32,28,19.15,18.52,15,14.81,7.41,5.66,"","","","","",""
http://statistics.gov.scot/id/statistical-geography/S02000569,Crail and Boarhills,4.55,5.26,5.56,5,3.33,6.67,7.14,12,18.18,11.54,17.39,8,"","","","","",""
http://statistics.gov.scot/id/statistical-geography/S02000421,Cramond,0,0,0,0,0,0,0,0,0,0,5,5.88,"","","","","",""
http://statistics.gov.scot/id/statistical-geography/S02000654,"Cranhill, Lightburn and Queenslie South",40.95,37,34.38,37.35,36.59,31.76,30.19,31.3,31.62,28.07,20.56,17.39,"","","","","",""
http://statistics.gov.scot/id/statistical-geography/S02000060,Crathes and Torphins,0,2.56,4.65,6.38,5.45,4.69,4.17,4.44,10,9.09,9.76,2.7,"","","","","",""
http://statistics.gov.scot/id/statistical-geography/S02000179,Cree Valley,25,25.53,24.56,19.67,19.64,15.69,12,11.48,18.42,16.87,17.65,20.55,"","","","","",""
http://statistics.gov.scot/id/statistical-geography/S02000958,Crieff North,0,4.55,10,15.79,9.52,13.04,8.33,7.14,6.25,6.67,11.54,8,"","","","","",""
http://statistics.gov.scot/id/statistical-geography/S02000957,Crieff South,16.67,12.24,6.98,10.42,15.56,19.61,15.79,14.55,14.29,19.23,14.75,14.29,"","","","","",""
http://statistics.gov.scot/id/statistical-geography/S02000193,Crocketford and Carsphairn,7.5,10.64,12,16.33,20.51,20.59,13.33,9.09,8.11,14.63,12.2,15.91,"","","","","",""
http://statistics.gov.scot/id/statistical-geography/S02000065,Cromar and Kildrummy,6,8,6.52,4.35,0,0,0,2.27,2.04,4.65,2.44,6.45,"","","","","",""
http://statistics.gov.scot/id/statistical-geography/S02000318,Crookfur and Fruin,2.53,1.43,0,0,0,0,1.79,2.22,3.92,3.51,6.78,4.48,"","","","","",""
http://statistics.gov.scot/id/statistical-geography/S02000606,Crookston North,35.71,25.53,29.79,23.53,25,22.22,21.21,21.88,18.6,26.67,30.95,27.03,"","","","","",""
http://statistics.gov.scot/id/statistical-geography/S02000601,Crookston South,31.51,32.26,46.67,46.67,40,26.98,24.62,27.12,23.21,22.03,21.31,28.07,"","","","","",""
http://statistics.gov.scot/id/statistical-geography/S02000329,Cross Stobbs,1.92,1.85,0,2.7,3.33,5.88,3.13,5.88,2.94,2.94,3.13,4.17,"","","","","",""
http://statistics.gov.scot/id/statistical-geography/S02001096,"Crossford, Braidwood and Yieldshields",0,2.78,2.56,4.76,2.86,5,4.65,5.77,7.27,8.16,10,7.5,"","","","","",""
http://statistics.gov.scot/id/statistical-geography/S02000491,"Crossford, Charleston and Limekilns",6.25,8.57,2.56,2.7,4.65,2.7,10.81,7.89,9.38,6.45,13.33,14.71,"","","","","",""
http://statistics.gov.scot/id/statistical-geography/S02000498,Crossgates and Halbeath,11.63,17.86,17.65,12.96,4.88,8.89,15.79,18,11.54,11.11,6.9,10.53,"","","","","",""
http://statistics.gov.scot/id/statistical-geography/S02000249,Crosshouse and Gatehead Rural,19.35,20.69,17.86,11.11,3.57,5.56,12.82,10,13.16,5.71,7.32,3.03,"","","","","",""
http://statistics.gov.scot/id/statistical-geography/S02001105,Crosshouse and Lindsayfield,15.58,17.33,16.67,14.74,13.68,16.67,21.25,21.13,14.29,9.09,7.58,9.23,"","","","","",""
http://statistics.gov.scot/id/statistical-geography/S02000082,Cruden,11.11,12,13.7,13.89,15.15,12.68,8.11,10.34,6.74,8.54,6.76,12,"","","","","",""
http://statistics.gov.scot/id/statistical-geography/S02000820,"Cullen, Portknockie, Findochty, Drybridge and Berryhillock",17.54,18.52,17.02,18.42,17.95,15,12.2,13.73,19.3,18.57,17.19,10.17,"","","","","",""
http://statistics.gov.scot/id/statistical-geography/S02000003,Culter,3.3,5.56,4.35,2.9,4,5.48,5.71,5.48,8.45,7.14,6.45,1.59,"","","","","",""
http://statistics.gov.scot/id/statistical-geography/S02000004,"Cults, Bieldside and Milltimber East",0,0,0,2.13,2.13,3.77,2.13,3.64,1.69,1.39,0,0,"","","","","",""
http://statistics.gov.scot/id/statistical-geography/S02000007,"Cults, Bieldside and Milltimber West",4.35,2.86,3.13,5.88,5.71,3.13,0,0,0,0,0,0,"","","","","",""
http://statistics.gov.scot/id/statistical-geography/S02000934,Cumbernauld Central,18.39,17.71,20,19.77,22.47,24.04,28.7,28.13,23.16,23.6,21.3,26.6,"","","","","",""
http://statistics.gov.scot/id/statistical-geography/S02000030,Cummings Park,38,34.62,36.36,35,40,31.15,33.85,33.33,33.33,28.81,28.13,29.23,"","","","","",""
http://statistics.gov.scot/id/statistical-geography/S02000236,Cumnock North,20,14,14.29,15,16.28,16.33,15.09,12.9,11.29,10.71,19.61,27.27,"","","","","",""
http://statistics.gov.scot/id/statistical-geography/S02000237,Cumnock Rural,16.98,20.83,25.93,22.03,21.31,22.03,28.79,26.67,27.5,21.95,18.75,11.39,"","","","","",""
http://statistics.gov.scot/id/statistical-geography/S02000234,Cumnock South and Craigens,31.76,27.63,29.58,30.3,30.16,30,26.76,24.42,25.77,26.73,26.09,22.09,"","","","","",""
http://statistics.gov.scot/id/statistical-geography/S02000575,Cupar Central,24.49,23.08,21.74,14.29,15.09,16.67,19.74,17.95,14.46,9.88,5.26,3.39,"","","","","",""
http://statistics.gov.scot/id/statistical-geography/S02000574,Cupar East,0,0,1.54,1.54,3.28,5.36,10.71,15.25,17.65,20.45,14.29,8.82,"","","","","",""
http://statistics.gov.scot/id/statistical-geography/S02000573,Cupar West and Springfield,12.5,6.45,0,0,0,10,8,13.21,9.62,12.28,7.41,6.38,"","","","","",""
http://statistics.gov.scot/id/statistical-geography/S02000337,Currie East,6.25,4.55,7.69,3.7,3.23,3.7,3.33,6.9,3.03,6.45,3.7,5.88,"","","","","",""
http://statistics.gov.scot/id/statistical-geography/S02000339,Currie West,9.38,2.56,2.38,7.14,10.42,8.33,4.08,2.38,6.52,6.98,5.88,4,"","","","","",""
http://statistics.gov.scot/id/statistical-geography/S02000571,"Dairsie, Ceres and Dunino",4.76,2.5,0,5.26,9.09,7.69,11.11,8.11,17.24,7.41,14.29,14.81,"","","","","",""
http://statistics.gov.scot/id/statistical-geography/S02000167,Dalbeattie,23.08,19.12,17.74,19.7,20.9,24.29,20,14.75,13.79,13.79,15.09,8,"","","","","",""
http://statistics.gov.scot/id/statistical-geography/S02000484,Dalgety Bay Central,3.45,3.28,3.45,4.76,1.92,2.22,10,8,6.9,0,1.79,1.67,"","","","","",""
http://statistics.gov.scot/id/statistical-geography/S02000487,Dalgety Bay East,9.38,10,6.67,11.76,10.81,12.9,3.7,6.06,6.25,7.41,4.55,0,"","","","","",""
http://statistics.gov.scot/id/statistical-geography/S02000485,Dalgety Bay West and Hillend,1.05,2.2,2.41,1.32,0,1.39,2.86,3.03,1.47,0,0,2.38,"","","","","",""
http://statistics.gov.scot/id/statistical-geography/S02000805,Dalkeith,19.23,22.45,23.81,29.73,22.73,31.25,27.27,28.07,18.03,17.74,16.67,20.59,"","","","","",""
http://statistics.gov.scot/id/statistical-geography/S02000370,Dalkeith Rd,0,1.82,3.51,5.26,4.44,2.44,0,1.85,1.43,1.47,0,0,"","","","","",""
http://statistics.gov.scot/id/statistical-geography/S02000619,Dalmarnock,30.26,27.14,25.93,23.08,19.23,17.91,19.12,25,29.41,26.58,19.23,12.86,"","","","","",""
http://statistics.gov.scot/id/statistical-geography/S02001068,Dalmilling and Craigie,30.14,31.43,28.17,32.88,40.85,38.89,31.03,23.91,25.29,23.91,19.78,18.45,"","","","","",""
http://statistics.gov.scot/id/statistical-geography/S02000859,Dalry East and Rural,24.39,25,23.26,15.38,8.7,10.87,10.81,12.2,13.95,23.4,27.91,35.14,"","","","","",""
http://statistics.gov.scot/id/statistical-geography/S02000861,Dalry West,36.11,25,20,11.36,11.63,21.57,22.81,23.08,12.77,13.33,10,12.82,"","","","","",""
http://statistics.gov.scot/id/statistical-geography/S02000381,Dalry and Fountainbridge,12.16,11.43,9.59,8.45,9.46,6.02,7.69,7.44,9.03,5.73,3.55,0.93,"","","","","",""
http://statistics.gov.scot/id/statistical-geography/S02000040,Danestone,3.08,6.56,6,3.85,0,1.33,1.11,2.2,1.15,2.7,6.25,10.77,"","","","","",""
http://statistics.gov.scot/id/statistical-geography/S02000587,Darnley East,27.17,29.67,31.33,29.67,27.08,25.49,25.74,25.24,19.19,13.04,10.23,12.22,"","","","","",""
http://statistics.gov.scot/id/statistical-geography/S02000590,Darnley North,21.82,18.64,17.19,10.96,10.96,13.33,15.07,14.52,14.81,13.64,13.64,10.87,"","","","","",""
http://statistics.gov.scot/id/statistical-geography/S02000586,Darnley West,6.67,14.29,15.79,19.35,18.33,15.38,10.26,9.43,11.11,11.38,8.73,5.93,"","","","","",""
http://statistics.gov.scot/id/statistical-geography/S02000247,Darvel,13.04,12.82,15,14.63,17.5,18.92,16.28,20,19.64,19.61,9.3,6.38,"","","","","",""
http://statistics.gov.scot/id/statistical-geography/S02000253,Dean and New Farm Loch North,15.91,22.73,20.51,22,18.18,21.31,23.64,23.91,22.5,17.31,16.95,16.13,"","","","","",""
http://statistics.gov.scot/id/statistical-geography/S02000389,"Dean, West End and West Coates",3.2,2.88,3.19,1.11,2.02,1.96,1.82,0.83,0.74,0.85,1.89,1.32,"","","","","",""
http://statistics.gov.scot/id/statistical-geography/S02001221,Deans,22.58,15,23.88,19.72,17.95,10.84,12.16,14.71,13.24,11.86,8.89,10.34,"","","","","",""
http://statistics.gov.scot/id/statistical-geography/S02001229,Dechmont,7.53,11.96,12.79,10.84,6.33,4.48,6.06,6.45,3.75,3.23,0,3.57,"","","","","",""
http://statistics.gov.scot/id/statistical-geography/S02001211,Dedridge,20,17.48,15.05,18.68,17.58,15.15,18,23.36,24.6,21.24,18.56,14.04,"","","","","",""
http://statistics.gov.scot/id/statistical-geography/S02000093,Deer and Mormond,7.27,5.77,10.42,9.26,11.86,7.69,8.93,9.43,18.75,12.07,12.73,3.33,"","","","","",""
http://statistics.gov.scot/id/statistical-geography/S02000046,Denmore,4.41,4.92,3.33,1.69,1.64,1.69,0,0,1.79,1.82,1.72,0,"","","","","",""
http://statistics.gov.scot/id/statistical-geography/S02000650,Dennistoun,15.63,17.74,16.92,16.13,8.82,11.11,7.59,11.11,13.1,16.19,14.41,9.26,"","","","","",""
http://statistics.gov.scot/id/statistical-geography/S02000659,Dennistoun North and Alexandra Parade,16.5,17.58,14.89,13.04,11.7,10.68,9.57,9.02,9.49,9.93,8.97,9.52,"","","","","",""
http://statistics.gov.scot/id/statistical-geography/S02000752,Dingwall,23.88,32.26,30.43,32.88,25.68,18.75,14.29,14.29,15.07,14.29,12.5,15.96,"","","","","",""
http://statistics.gov.scot/id/statistical-geography/S02000203,Docks and Wellgate,20.93,21.74,27.59,29.55,21.05,17.39,10,9.26,8.04,9.26,8.7,9.3,"","","","","",""
http://statistics.gov.scot/id/statistical-geography/S02000161,Dollar and Muckhart,3.45,6.25,6.06,6.25,3.7,8.33,9.52,10.53,9.09,4.55,4,3.7,"","","","","",""
http://statistics.gov.scot/id/statistical-geography/S02000231,Doon Valley North,28.81,31.91,25.64,24.49,17.78,22.03,26.42,21.88,18.46,11.94,14.52,13.33,"","","","","",""
http://statistics.gov.scot/id/statistical-geography/S02000230,Doon Valley South,57.89,50,31.58,25,25,32.08,34.88,32.5,27.27,22.5,20.93,17.02,"","","","","",""
http://statistics.gov.scot/id/statistical-geography/S02000451,Douglas,20.69,17.02,10.26,12.2,15.69,16.36,11.48,10.77,6.45,10.77,6.45,6.35,"","","","","",""
http://statistics.gov.scot/id/statistical-geography/S02000218,Douglas East,43.48,34.88,43.33,41.77,31.25,27.62,23.85,31.71,28.57,30.16,25.4,30.77,"","","","","",""
http://statistics.gov.scot/id/statistical-geography/S02000222,Douglas West,31.82,34.12,34.48,35.48,30.7,31.09,27.12,27.19,26.96,27.72,25.29,24.39,"","","","","",""
http://statistics.gov.scot/id/statistical-geography/S02001082,"Douglas, Coalburn and Rigside",21.88,24.24,26.09,26.98,20,20.59,23.33,22.81,21.43,16.13,16.39,13.56,"","","","","",""
http://statistics.gov.scot/id/statistical-geography/S02000681,Dowanhill,0,1.28,1.59,2.5,0,0,0,1.39,1.47,2.94,1.33,1.16,"","","","","",""
http://statistics.gov.scot/id/statistical-geography/S02000227,Downfield,15.87,13.79,15.25,11.11,14.58,14.71,19.54,21.67,19.35,14.06,9.33,8.11,"","","","","",""
http://statistics.gov.scot/id/statistical-geography/S02000834,Dreghorn,20,18.92,13.64,12.77,9.3,16.33,17.02,19.61,17.65,17.74,14.08,10.94,"","","","","",""
http://statistics.gov.scot/id/statistical-geography/S02000233,Drongan,29.55,22.22,25.58,27.66,29.79,32.08,25.45,25,20,20.93,21.74,22,"","","","","",""
http://statistics.gov.scot/id/statistical-geography/S02000715,Drumchapel North,43.33,40.43,47.5,50,40,39.13,35.85,44.07,34.48,36.23,30.43,30,"","","","","",""
http://statistics.gov.scot/id/statistical-geography/S02000712,Drumchapel South,42.86,46,45.95,45.83,40,37.14,37.21,35.29,28,27.27,22.73,22.86,"","","","","",""
http://statistics.gov.scot/id/statistical-geography/S02000917,Drumgelloch,11.9,13.89,27.03,18.42,15.56,12.5,12.73,20.34,16.67,20.34,13.33,12.96,"","","","","",""
http://statistics.gov.scot/id/statistical-geography/S02000660,Drumoyne and Shieldhall,21.57,23.47,18.69,23,18.89,17.14,15.79,18.64,16.83,14.85,13.76,16.67,"","","","","",""
http://statistics.gov.scot/id/statistical-geography/S02000716,Drumry East,55.36,55.56,42.42,47.37,40,35.29,29.17,25,20.51,25,26.32,21.74,"","","","","",""
http://statistics.gov.scot/id/statistical-geography/S02000714,Drumry West,49.06,38.98,29.55,19.35,29.63,38.1,33.33,37.21,19.44,21.62,18.18,20.97,"","","","","",""
http://statistics.gov.scot/id/statistical-geography/S02000411,Drylaw,20.34,21.57,19.3,24.07,23.33,19.3,15.63,15.38,15.91,15.85,14.29,11.9,"","","","","",""
http://statistics.gov.scot/id/statistical-geography/S02000384,Duddingston,4.65,2.94,3.03,2.44,0,2.33,8.11,9.09,7.32,3.13,0,0,"","","","","",""
http://statistics.gov.scot/id/statistical-geography/S02000184,Dumfries East,15.07,13.51,16.25,13.41,13.98,15.29,20.48,24.32,21.79,13.16,6.02,2.63,"","","","","",""
http://statistics.gov.scot/id/statistical-geography/S02000180,Dumfries South,14.55,17.39,12.24,9.52,12.5,12.96,14.75,10.71,5.26,5.36,3.45,10.64,"","","","","",""
http://statistics.gov.scot/id/statistical-geography/S02000183,Dumfries West,24.32,22.22,15.15,4.76,5.56,3.13,5.08,5.17,3.51,4.84,2.9,4.62,"","","","","",""
http://statistics.gov.scot/id/statistical-geography/S02001181,Dunblane East,3.23,0,0,1.75,1.79,2,0,0,0,2.22,2.44,2.94,"","","","","",""
http://statistics.gov.scot/id/statistical-geography/S02001180,Dunblane West,6.45,4.76,7.02,6.45,8.7,8.22,7.69,5.17,4.17,0,0,0,"","","","","",""
http://statistics.gov.scot/id/statistical-geography/S02001080,"Dundonald, Loans and Symington",12.7,12.77,16.67,14.49,14.63,10.53,13.79,12.73,16.36,13.24,12.5,10.45,"","","","","",""
http://statistics.gov.scot/id/statistical-geography/S02000909,Dundyvan,20.95,22.69,20.49,17.97,17.54,21.24,19.79,20.41,12.62,11.7,9.89,14.67,"","","","","",""
http://statistics.gov.scot/id/statistical-geography/S02000061,"Dunecht, Durris and Drumoak",4.55,1.39,2.74,3.03,3.77,0,0,1.79,3.45,3.7,3.39,1.89,"","","","","",""
http://statistics.gov.scot/id/statistical-geography/S02000497,Dunfermline Abbeyview North,41.46,43.75,42.47,44.59,39.73,35.21,21.82,20.37,20,20.69,21.57,18.52,"","","","","",""
http://statistics.gov.scot/id/statistical-geography/S02000494,Dunfermline Abbeyview South,14.63,21.74,20,18,10.64,7.14,1.96,4,10.87,18.18,21.57,19.57,"","","","","",""
http://statistics.gov.scot/id/statistical-geography/S02000504,Dunfermline Baldridgeburn,21.88,19.64,20,17.31,14.04,11.76,13.56,12.5,17.74,21.21,20.83,14.29,"","","","","",""
http://statistics.gov.scot/id/statistical-geography/S02000509,Dunfermline Bellyeoman,5.63,4.62,4,1.32,1.32,2.74,4.17,6.76,4.69,3.51,0,0,"","","","","",""
http://statistics.gov.scot/id/statistical-geography/S02000496,Dunfermline Brucefield,21.82,20.41,25,37.93,37.93,28.13,19.05,26,34.48,32.79,27.69,18.33,"","","","","",""
http://statistics.gov.scot/id/statistical-geography/S02000499,Dunfermline Central,3.64,5.45,3.7,8.77,10.2,13.04,8.33,7.41,10,10.17,7.94,3.64,"","","","","",""
http://statistics.gov.scot/id/statistical-geography/S02000493,Dunfermline East and Pitcorthie East,3.03,2.17,1.5,1.23,0.99,0.87,1.1,2.05,1.99,2.32,2.56,3.11,"","","","","",""
http://statistics.gov.scot/id/statistical-geography/S02000503,Dunfermline Garvock Hill,6.45,6.67,8.57,5.88,6.67,3.85,3.23,3.23,2.78,6.06,5.56,7.41,"","","","","",""
http://statistics.gov.scot/id/statistical-geography/S02000505,Dunfermline Headwell,15.25,10.77,12.5,11.67,12.07,16.92,17.33,18.18,13.7,13.43,15.49,16.18,"","","","","",""
http://statistics.gov.scot/id/statistical-geography/S02000510,Dunfermline Milesmark and Wellwood,11.32,10.64,7.84,9.62,7.27,10.64,8,10.71,10.71,7.14,5.45,7.27,"","","","","",""
http://statistics.gov.scot/id/statistical-geography/S02000492,Dunfermline Pitcorthie West,5.13,9.76,6.98,9.3,8.11,6.25,2.63,2.38,4.35,5.13,5.13,2.63,"","","","","",""
http://statistics.gov.scot/id/statistical-geography/S02000502,Dunfermline Touch and Woodmill,30.77,25.93,21.82,25,20.83,27.45,25,18,8.93,14.52,21.67,25.93,"","","","","",""
http://statistics.gov.scot/id/statistical-geography/S02000513,Dunfermline Townhill and Kingseat,11.63,12.5,10,4.76,4,3.64,3.45,1.92,3.7,6.38,13.64,18.37,"","","","","",""
http://statistics.gov.scot/id/statistical-geography/S02000479,Dunipace,15.15,10.26,7.84,1.82,1.92,13.46,23.73,27.59,21.82,12.24,12.07,12.07,"","","","","",""
http://statistics.gov.scot/id/statistical-geography/S02000135,Dunoon,34.62,36,28.57,26.83,17.78,22.41,17.14,18.06,12.86,15.79,15.19,14.86,"","","","","",""
http://statistics.gov.scot/id/statistical-geography/S02001046,Duns,17.86,23.08,20,25,23.33,12.82,7.14,5.41,4.55,20,20.83,24.14,"","","","","",""
http://statistics.gov.scot/id/statistical-geography/S02000328,"Dunterlie, East Arthurlie and Dovecothall",17.35,20.24,18.09,16.3,18,22.22,24.42,25,19.48,17.72,11.11,11.43,"","","","","",""
http://statistics.gov.scot/id/statistical-geography/S02000073,Durno-Chapel of Garioch,0,0,7.89,7.32,7.55,2.99,5.13,4.76,4.82,4.94,4.76,3.95,"","","","","",""
http://statistics.gov.scot/id/statistical-geography/S02000047,Dyce,14.29,6.78,11.94,8.45,10.71,7.41,9.62,9.52,10.53,9.59,10.67,8.7,"","","","","",""
http://statistics.gov.scot/id/statistical-geography/S02000528,Dysart,21.43,21.43,16.36,20,19.57,12.77,13.73,14.81,18.18,20.41,23.08,22.64,"","","","","",""
http://statistics.gov.scot/id/statistical-geography/S02000310,Eaglesham and Waterfoot,1.35,2.94,5.08,8.16,11.11,10.53,12.82,6.82,5.66,1.61,3.33,3.64,"","","","","",""
http://statistics.gov.scot/id/statistical-geography/S02000244,Earlston and Hurlford Rural,18.89,21.69,24.1,25.97,23.94,15.15,8.22,4.88,7.59,12,12.68,14.67,"","","","","",""
http://statistics.gov.scot/id/statistical-geography/S02001044,"Earlston, Lauder and Stow area",6.1,7.35,9.86,9.09,8.6,7.95,6.45,6.06,5.38,8.24,7.5,5.19,"","","","","",""
http://statistics.gov.scot/id/statistical-geography/S02001128,Earnock,4.84,2.17,4.17,7.27,7.02,7.41,3.33,1.61,3.45,4,5.26,3.08,"","","","","",""
http://statistics.gov.scot/id/statistical-geography/S02000056,East Cairngorms,6.25,6.67,3.45,6.9,7.41,6.9,13.33,13.79,17.24,10.34,7.69,7.41,"","","","","",""
http://statistics.gov.scot/id/statistical-geography/S02001213,East Calder,7.92,4.76,4.29,5.66,7.14,5.45,6.45,8.47,10.45,6.56,7.14,5,"","","","","",""
http://statistics.gov.scot/id/statistical-geography/S02000284,East Clober and Mains Estate,10,4.17,5.88,10,27.27,15.79,22.22,11.54,8.33,6.45,9.38,11.63,"","","","","",""
http://statistics.gov.scot/id/statistical-geography/S02000388,East Craigs,2.38,2.13,2.63,2.33,0,0,0,1.45,3.51,10,12.12,9.38,"","","","","",""
http://statistics.gov.scot/id/statistical-geography/S02000945,East Kirkwall,8.33,12,13.79,17.14,21.88,18.75,21.88,14.71,19.51,14.29,15.56,14.29,"","","","","",""
http://statistics.gov.scot/id/statistical-geography/S02000943,East Mainland,3.57,4.17,3.23,3.33,0,0,0,2.38,5.41,4.76,2.22,0,"","","","","",""
http://statistics.gov.scot/id/statistical-geography/S02001130,East Mains,8.57,8.11,7.32,7.69,10.81,7.89,14.29,19.05,17.5,11.11,8.57,11.43,"","","","","",""
http://statistics.gov.scot/id/statistical-geography/S02000424,East Trinity and Bonnyhaugh,0,0,2.41,3.26,4.44,4.3,3.96,3.39,1.72,1.06,1.43,1.85,"","","","","",""
http://statistics.gov.scot/id/statistical-geography/S02001054,East and West Mainland,6.06,6.06,5.56,3.03,2.94,8.33,5.41,4.88,2.17,3.08,4.17,3.7,"","","","","",""
http://statistics.gov.scot/id/statistical-geography/S02000653,Easterhouse East,15.25,17.54,19.35,21.82,18.18,14.81,19.3,22.22,23.21,20,18.03,22,"","","","","",""
http://statistics.gov.scot/id/statistical-geography/S02000801,Easthouses,42.55,40,30.56,23.08,20,20.51,27.59,33.33,30.3,24.49,20.83,26.47,"","","","","",""
http://statistics.gov.scot/id/statistical-geography/S02001115,Eddlewood,7.46,5.56,3.03,5.08,8.33,11.11,10.81,12.31,15.69,14.58,12,10.17,"","","","","",""
http://statistics.gov.scot/id/statistical-geography/S02000999,Elderslie and Phoenix,10.71,17.74,17.74,17.19,11.11,10.91,10.34,8.33,5.8,4.88,4.76,4.88,"","","","","",""
http://statistics.gov.scot/id/statistical-geography/S02000824,Elgin Bishopmill East and Ladyhill,21.57,22,23.26,22,20,16.67,15.71,13.85,17.19,15.79,17.19,16.39,"","","","","",""
http://statistics.gov.scot/id/statistical-geography/S02000825,Elgin Bishopmill West and Newfield,13.64,18.52,17.31,17.74,18.42,18.75,18.67,10.14,10.29,13.33,14.08,12.5,"","","","","",""
http://statistics.gov.scot/id/statistical-geography/S02000823,Elgin Cathedral to Ashgrove and Pinefield,12.64,19.48,17.78,21.11,16.88,19.72,15.79,12.38,11.93,16.09,14.12,14.29,"","","","","",""
http://statistics.gov.scot/id/statistical-geography/S02000822,Elgin Central West,10.81,2.63,2.38,0,11.11,12.9,14.29,8.89,11.11,13.16,6.9,3.85,"","","","","",""
http://statistics.gov.scot/id/statistical-geography/S02001220,Eliburn,8.89,8.09,8.28,9.15,10.24,15.7,12.1,11.68,7.87,8.85,10.99,12.68,"","","","","",""
http://statistics.gov.scot/id/statistical-geography/S02000564,"Elie, Colinsburgh and Largoward",14.29,14.29,4.17,6.45,9.68,13.64,23.53,18.75,23.53,6.67,5.56,0,"","","","","",""
http://statistics.gov.scot/id/statistical-geography/S02000076,Ellon East,4.44,8.82,4.44,2.56,0,2.44,6.67,7.32,13.16,8.33,8.7,3.92,"","","","","",""
http://statistics.gov.scot/id/statistical-geography/S02000077,Ellon West,12.07,7.69,9.76,5.13,5,2.38,0,8.16,12.73,14.55,8.77,8.33,"","","","","",""
http://statistics.gov.scot/id/statistical-geography/S02000970,Errol and Inchture,5.56,2.56,0,2.08,3.39,4.29,4.55,3.08,3.28,4.11,7.04,6.49,"","","","","",""
http://statistics.gov.scot/id/statistical-geography/S02001018,Erskine Central,6.67,8.75,7.46,8.06,1.64,4.48,6.06,11.76,16.44,20.83,21.31,21.15,"","","","","",""
http://statistics.gov.scot/id/statistical-geography/S02001017,Erskine East and Inchinnan,6.74,5.81,4.05,3.61,2.63,7.5,7.25,8.86,6.49,7.06,6.49,3.75,"","","","","",""
http://statistics.gov.scot/id/statistical-geography/S02001019,Erskine West,8.64,9.46,5.8,5.97,6.67,8.64,14.63,17.11,14.67,12,9.09,9.09,"","","","","",""
http://statistics.gov.scot/id/statistical-geography/S02000804,Eskbank,4.88,2.78,2.86,2.22,3.77,5.08,4.69,7.27,6.12,8.33,3.33,3.7,"","","","","",""
http://statistics.gov.scot/id/statistical-geography/S02001028,"Ettrick, Yarrow and Yair",7.41,5.26,5.26,3.23,0,4,2.94,10.81,9.09,12.9,4,4.55,"","","","","",""
http://statistics.gov.scot/id/statistical-geography/S02001049,Eyemouth,19.23,29.41,25.71,25.64,17.65,19.35,24.24,22.22,20.93,14.63,14.29,10,"","","","","",""
http://statistics.gov.scot/id/statistical-geography/S02001122,Fairhill,39.53,34.09,20.45,26.32,32.26,35.48,31.25,28.95,30.56,22.22,23.53,17.5,"","","","","",""
http://statistics.gov.scot/id/statistical-geography/S02000860,Fairlie and Rural,9.38,15.15,14.29,14.29,9.52,4,2.08,5.77,6.25,9.3,8,8.33,"","","","","",""
http://statistics.gov.scot/id/statistical-geography/S02000335,Fairmilehead,2.22,4.08,5.88,7.41,4.92,3.39,1.43,3.39,3.64,2.86,3.7,12.5,"","","","","",""
http://statistics.gov.scot/id/statistical-geography/S02000219,Fairmuir,18.97,14.52,16.67,15.94,19.74,20.25,13.92,12.86,9.09,11.94,13.24,11.11,"","","","","",""
http://statistics.gov.scot/id/statistical-geography/S02000452,Falkirk Town Centre and Callendar Park,0,2.86,3.13,9.38,4.76,7.84,5.45,14.89,13.73,13.33,5.88,6.82,"","","","","",""
http://statistics.gov.scot/id/statistical-geography/S02000567,Falkland and Freuchie,3.33,5,13.64,11.54,11.11,4.35,4.35,11.11,9.09,6.67,3.45,4,"","","","","",""
http://statistics.gov.scot/id/statistical-geography/S02001170,Fallin,18.97,16.33,12.24,11.86,16.92,15.63,21.74,17.02,16.98,16.42,14.71,15,"","","","","",""
http://statistics.gov.scot/id/statistical-geography/S02000895,Fallside,16.05,15.12,13.41,12.12,14.55,12.9,15.15,14.08,14.71,8.7,8.22,11.94,"","","","","",""
http://statistics.gov.scot/id/statistical-geography/S02000473,"Fankerton, Stoneywood and Denny Town",17.39,14.58,20.45,19.15,33.33,30.77,22.81,15,9.23,13.64,10.67,9.84,"","","","","",""
http://statistics.gov.scot/id/statistical-geography/S02001162,Farme Cross and Gallowflat North,10.91,9.09,4,2.38,5.56,7.69,6.82,2.17,5.45,6.78,7.81,4.76,"","","","","",""
http://statistics.gov.scot/id/statistical-geography/S02001204,Fauldhouse,16.22,17.98,18.52,18.18,17.81,19.23,20.83,18.75,18.68,15.19,13.11,13.51,"","","","","",""
http://statistics.gov.scot/id/statistical-geography/S02001146,Fernhill and Cathkin,24.68,27.78,26.15,22.39,21.67,12.7,15.15,11.11,11.43,7.04,6.76,8.86,"","","","","",""
http://statistics.gov.scot/id/statistical-geography/S02000343,"Ferniehill,  South Moredun and Craigour",20.41,17.78,17.65,16.39,16.9,18.67,19.74,24.39,21.05,22.73,15.38,19.35,"","","","","",""
http://statistics.gov.scot/id/statistical-geography/S02000016,Ferryhill North,1.33,0,2.35,2.53,3.03,0,1.15,2.78,3.1,5.38,3.31,2.67,"","","","","",""
http://statistics.gov.scot/id/statistical-geography/S02000010,Ferryhill South,3.28,3.28,4.41,5.41,5.26,6.85,5.33,4,0,0,0.99,1.89,"","","","","",""
http://statistics.gov.scot/id/statistical-geography/S02000053,"Fetteresso, Netherley and Catter",5.56,3.51,0,3.51,3.51,6,4,4.17,7.02,10.91,12.73,7.41,"","","","","",""
http://statistics.gov.scot/id/statistical-geography/S02000815,"Findhorn, Kinloss and Pluscarden Valley",5.43,5.68,5.56,5.48,5.63,2.67,4.11,3.45,5.36,5.26,6.35,9.23,"","","","","",""
http://statistics.gov.scot/id/statistical-geography/S02000661,Finnieston and Kelvinhaugh,7.04,6.41,4.92,10.87,14.81,9.3,1.85,1.39,3.66,6,4.76,3.17,"","","","","",""
http://statistics.gov.scot/id/statistical-geography/S02000229,Fintry,32.98,36.05,35.16,25.66,20.41,19.75,20.37,22.54,21.48,25.41,23.01,20.41,"","","","","",""
http://statistics.gov.scot/id/statistical-geography/S02000675,Firhill,20,18.46,16.07,9.8,8.06,9.46,8.75,9.41,12.05,12.37,11.01,9.24,"","","","","",""
http://statistics.gov.scot/id/statistical-geography/S02000158,"Fishcross, Devon Village and Coalsnaughton",17.95,13.95,15.79,18.18,28,25,34.62,28,19.23,13.64,11.54,12,"","","","","",""
http://statistics.gov.scot/id/statistical-geography/S02000173,Fleet,14,13.33,6.25,7.69,7.69,15,13.33,19.51,17.5,15.22,7.32,6.98,"","","","","",""
http://statistics.gov.scot/id/statistical-geography/S02000813,"Fochabers, Aultmore, Clochan and Ordiquish",11.11,14.81,11.11,6.25,0,0,6.25,7.14,18.75,6.67,4.55,0,"","","","","",""
http://statistics.gov.scot/id/statistical-geography/S02000119,Forfar Central,31.25,24.59,19.05,29.63,29.7,27.18,16.13,12.64,18.89,24.21,27.47,26.14,"","","","","",""
http://statistics.gov.scot/id/statistical-geography/S02000120,Forfar East,0,0,0,1.82,5.17,5.77,3.77,4.08,12.96,20,14.55,10.64,"","","","","",""
http://statistics.gov.scot/id/statistical-geography/S02000118,Forfar West,25.53,28.85,27.59,19.18,14.61,17.35,20.21,22.22,20.31,19.15,20.93,21.57,"","","","","",""
http://statistics.gov.scot/id/statistical-geography/S02000886,Forgewood,18.97,20.14,20.31,21.05,23.85,23.85,21.51,14.29,12.63,11.76,11.36,10.53,"","","","","",""
http://statistics.gov.scot/id/statistical-geography/S02000817,Forres Central East and seaward,9.3,7.89,8.57,5.13,8.89,14.58,20.41,26.42,26.42,28.89,20,12.12,"","","","","",""
http://statistics.gov.scot/id/statistical-geography/S02000814,Forres South West and Mannachie,14.58,15.69,19.64,16.13,15.56,16,24,18.18,17.57,18.31,21.67,20.75,"","","","","",""
http://statistics.gov.scot/id/statistical-geography/S02000366,Forrester Park and Broomhall,1.92,6.12,10,14.89,14.58,10.53,9.09,8.11,8.45,11.29,9.43,10.81,"","","","","",""
http://statistics.gov.scot/id/statistical-geography/S02000719,Fort William North,23.44,21.15,26.67,23.81,24.24,19.4,16.18,18.46,20.9,25.81,20.78,17.28,"","","","","",""
http://statistics.gov.scot/id/statistical-geography/S02000717,Fort William South,16.16,14.81,14.86,19.78,18,19.23,16.48,13.59,11.54,10.92,11.34,14.12,"","","","","",""
http://statistics.gov.scot/id/statistical-geography/S02001113,"Forth, Braehead and Auchengray",11.76,13.51,12.5,9.68,14.71,12.5,11.54,11.32,17.02,20,21.15,17.31,"","","","","",""
http://statistics.gov.scot/id/statistical-geography/S02001173,Forthside,7.14,7.14,6.06,4.41,6.67,8.22,9.46,4.65,4.17,4.21,7.14,8.89,"","","","","",""
http://statistics.gov.scot/id/statistical-geography/S02000103,Fraserburgh Central-Academy,12.9,14.71,17.65,17.24,14.29,20.51,20.51,20,12.82,9.76,6.98,2.56,"","","","","",""
http://statistics.gov.scot/id/statistical-geography/S02000104,Fraserburgh Harbour and Broadsea,33.33,29.31,25,18.6,20.45,20.97,17.39,13.7,16.18,19.05,19.18,16.22,"","","","","",""
http://statistics.gov.scot/id/statistical-geography/S02000102,Fraserburgh Lochpots,23.33,24.24,20,23.53,17.24,15.15,8.57,17.78,19.15,24.14,19.15,18.6,"","","","","",""
http://statistics.gov.scot/id/statistical-geography/S02000101,Fraserburgh Smiddyhill,5.41,7.69,6.82,6.52,4.35,6.25,4.17,4.26,6.25,10.87,11.11,8.51,"","","","","",""
http://statistics.gov.scot/id/statistical-geography/S02000122,Friockheim,23.08,22.81,20.41,12.7,13.1,8.26,9.73,8.25,13.7,14.75,12.82,10.99,"","","","","",""
http://statistics.gov.scot/id/statistical-geography/S02000029,"Froghall, Powis and Sunnybank",23.68,14.93,8.82,8.93,8.7,9.86,11.34,9.09,7.34,5.66,7.48,6.8,"","","","","",""
http://statistics.gov.scot/id/statistical-geography/S02000081,Fyvie-Rothie,11.11,7.5,2.56,5,7.69,10,18.6,17.78,12.24,2.22,2.13,7.5,"","","","","",""
http://statistics.gov.scot/id/statistical-geography/S02001038,Galashiels North,14.55,17.54,16.95,14.81,13.79,13.56,14.49,9.46,9.52,7.23,7.89,8.7,"","","","","",""
http://statistics.gov.scot/id/statistical-geography/S02001035,Galashiels South,12.82,4.35,4.76,8.89,16.67,10,9.3,15.22,26.32,27.78,18.42,16.28,"","","","","",""
http://statistics.gov.scot/id/statistical-geography/S02001037,Galashiels West,11.63,10.87,9.76,8.51,11.11,11.63,15.22,10.53,15.79,11.54,23.26,21.43,"","","","","",""
http://statistics.gov.scot/id/statistical-geography/S02000647,Gallowgate North and Bellgrove,18.46,20.51,21.13,18.84,18.03,20.69,15.69,19.23,16.95,25,17.65,12.68,"","","","","",""
http://statistics.gov.scot/id/statistical-geography/S02000242,Galston,32.2,27.59,20.93,17.5,18.18,20,20.69,19.61,18.18,14.75,12.5,12.07,"","","","","",""
http://statistics.gov.scot/id/statistical-geography/S02000961,Gannochy and Walnut Grove,10.81,7.14,3.7,7.14,7.69,13.04,13.79,11.76,11.76,22.22,23.33,21.95,"","","","","",""
http://statistics.gov.scot/id/statistical-geography/S02000096,Gardenstown and King Edward,7.69,10,7.41,9.09,3.13,2.86,3.03,6.25,8.11,8.82,6.45,4.55,"","","","","",""
http://statistics.gov.scot/id/statistical-geography/S02000143,Garelochhead,12.24,17.78,19.44,17.07,14.29,12.5,13.16,15.69,16.67,13.92,12.31,11.32,"","","","","",""
http://statistics.gov.scot/id/statistical-geography/S02000062,Garlogie and Elrick,4.88,4.65,2.17,1.79,3.03,4.69,4.11,4.41,2.78,1.43,0,5.56,"","","","","",""
http://statistics.gov.scot/id/statistical-geography/S02000645,Garrowhill East and Swinton,5.88,3.33,3.45,1.82,1.67,1.79,3.23,3.03,4.23,4.76,6.15,6.45,"","","","","",""
http://statistics.gov.scot/id/statistical-geography/S02000636,Garrowhill West,16.22,13.16,2.7,4.76,11.63,15.38,16,12.5,6.52,8.93,9.09,9.26,"","","","","",""
http://statistics.gov.scot/id/statistical-geography/S02000924,Gartcosh and Marnock,5.77,8.93,10,5.63,3.45,3.96,4.35,6.4,6.67,5.93,2.65,4.07,"","","","","",""
http://statistics.gov.scot/id/statistical-geography/S02000674,"Garthamlock, Auchinlea and Gartloch",30.65,25.76,23.81,25,22.08,18.39,14.61,12.62,12.07,11.45,10.64,10.61,"","","","","",""
http://statistics.gov.scot/id/statistical-geography/S02000008,Garthdee,26.23,27.78,25.49,24.44,24.56,21.21,22.86,23.19,23.38,18.82,10.23,8.91,"","","","","",""
http://statistics.gov.scot/id/statistical-geography/S02000912,Gartlea,28.79,31.48,30.77,35.21,29.51,20.37,11.11,13.79,16.67,16.95,13.43,13.89,"","","","","",""
http://statistics.gov.scot/id/statistical-geography/S02000024,George Street,13.95,14.12,10.13,7.41,9.26,9.52,11.28,10.29,10.45,8.39,5.76,2.13,"","","","","",""
http://statistics.gov.scot/id/statistical-geography/S02000181,Georgetown,6.25,6.82,6.25,6.25,2.5,2.7,0,2.56,4.76,11.11,9.68,6.9,"","","","","",""
http://statistics.gov.scot/id/statistical-geography/S02001059,Girvan Ailsa,9.68,8.82,14.71,18.92,25,21.88,23.53,22.86,22.5,19.51,21.05,13.51,"","","","","",""
http://statistics.gov.scot/id/statistical-geography/S02001058,Girvan Glendoune,30.19,32,36,36.17,39.13,37.74,38.89,44,51.06,45.65,31.15,28.13,"","","","","",""
http://statistics.gov.scot/id/statistical-geography/S02000668,Glasgow Harbour and  Partick South,6.52,4.26,5.13,3.85,10.53,12,8.11,5.56,4.55,4.76,2.35,2.3,"","","","","",""
http://statistics.gov.scot/id/statistical-geography/S02001098,"Glassford, Quarter and Allanton",7.14,2.7,4.76,4.55,12.5,20.69,20.69,16.67,18.52,22.58,14.71,5.26,"","","","","",""
http://statistics.gov.scot/id/statistical-geography/S02000954,"Glenfarg, Dunning and Rhynd",4.88,4.44,2.56,0,3.13,3.03,4.17,7.69,6.67,6.67,4.65,5.13,"","","","","",""
http://statistics.gov.scot/id/statistical-geography/S02000922,Glenmavis and Greengairs,11.11,9.8,11.76,10.17,6.9,10.34,14.55,19.23,15,8.45,9.2,8.24,"","","","","",""
http://statistics.gov.scot/id/statistical-geography/S02000549,Glenrothes Auchmuty,32.56,33.33,20,27.27,22.22,25,26.47,28.57,35.09,30.91,29.41,26.32,"","","","","",""
http://statistics.gov.scot/id/statistical-geography/S02000559,"Glenrothes Balfarg, Pitcairn and Coul",18.97,20,23.53,24.44,23.81,16.22,10,10.53,23.26,19.51,17.39,9.3,"","","","","",""
http://statistics.gov.scot/id/statistical-geography/S02000561,Glenrothes Balgeddie,4.65,2.38,5.41,10.26,10,10.91,10.2,13.95,13.51,7.14,6.52,6.25,"","","","","",""
http://statistics.gov.scot/id/statistical-geography/S02000556,Glenrothes Cadham and Pitcoudie,28.57,32.5,26.19,24.32,30.43,36.59,41.46,31.58,33.33,26.19,22.22,20.59,"","","","","",""
http://statistics.gov.scot/id/statistical-geography/S02000548,Glenrothes Caskieberran and Rimbleton,18.6,12.68,16.92,14.93,20.27,18.18,23.75,18.99,19.23,14.1,22.08,23.38,"","","","","",""
http://statistics.gov.scot/id/statistical-geography/S02000560,Glenrothes Collydean,36.73,47.92,50,48.48,26.47,26.83,29.55,31.37,23.68,17.07,17.86,23.68,"","","","","",""
http://statistics.gov.scot/id/statistical-geography/S02000553,Glenrothes Macedonia and Tanshall,36.05,36.67,35.87,36.47,31.43,28.92,20,16.16,18.6,25,28.57,24.68,"","","","","",""
http://statistics.gov.scot/id/statistical-geography/S02000544,Glenrothes Pitteuchar,22.58,20,22.95,21.15,24.14,16.95,15.49,12.5,21.31,22.22,19.64,7.02,"","","","","",""
http://statistics.gov.scot/id/statistical-geography/S02000554,Glenrothes South Parks,21.05,21.62,22.22,18.18,17.95,15.79,18.18,13.64,7.27,3.92,5.45,6.12,"","","","","",""
http://statistics.gov.scot/id/statistical-geography/S02000542,Glenrothes Stenton and Finglassie,27.27,19.23,14.89,12.77,13.89,12.77,10.64,12.5,14.81,14.06,18.33,18.33,"","","","","",""
http://statistics.gov.scot/id/statistical-geography/S02000545,Glenrothes Woodside,20,9.3,11.63,6.98,17.86,22.86,28.95,27.91,21.74,23.81,25,20.59,"","","","","",""
http://statistics.gov.scot/id/statistical-geography/S02000588,Glenwood North,45.88,48.78,45.21,33.33,26.58,23.33,19.77,18.37,15.73,16.67,17.86,20.69,"","","","","",""
http://statistics.gov.scot/id/statistical-geography/S02000585,Glenwood South,43.62,39.76,29.89,24.69,29.17,36.36,31.11,21.95,17.24,15.85,17.07,15.85,"","","","","",""
http://statistics.gov.scot/id/statistical-geography/S02000628,Gorbals and Hutchesontown,31.15,29.85,21.88,21.05,20.99,17.92,15.79,13.93,14.75,10.22,8.57,6.76,"","","","","",""
http://statistics.gov.scot/id/statistical-geography/S02000793,Gorebridge and Middleton,23.81,26.56,31.67,25.4,18.75,12.28,16.67,23.21,19.67,20.34,16.67,17.14,"","","","","",""
http://statistics.gov.scot/id/statistical-geography/S02000377,Gorgie East,12.96,7.41,3.64,4.88,5.88,8.33,5.33,4.88,3.96,5.41,3.74,3.8,"","","","","",""
http://statistics.gov.scot/id/statistical-geography/S02000373,Gorgie West,9.88,8.45,3.57,1.89,3.77,4.69,3.9,3.13,3.77,4.46,5.77,5.81,"","","","","",""
http://statistics.gov.scot/id/statistical-geography/S02000785,"Gourock Central, Upper East and IRH",9.38,6.45,7.94,13.11,16.13,14.29,14.71,11.67,13.46,8.89,8.16,5.45,"","","","","",""
http://statistics.gov.scot/id/statistical-geography/S02000787,"Gourock East, Greenock West and Lyle Road",13.16,17.95,4.76,8.89,6.98,8.7,8.16,9.26,7.55,8,9.52,12.77,"","","","","",""
http://statistics.gov.scot/id/statistical-geography/S02000786,Gourock Upper and West Central & Upper Larkfield,8.77,11.63,15.69,15.79,12.07,11.11,7.69,5.26,6.9,15.87,18.64,15.09,"","","","","",""
http://statistics.gov.scot/id/statistical-geography/S02000656,Govan and Linthouse,30.7,28.45,28,19.59,23.08,20.35,24.37,20.83,18.8,17.32,14.71,15.15,"","","","","",""
http://statistics.gov.scot/id/statistical-geography/S02000615,Govanhill East and Aikenhead,12.86,15.15,21.05,22.03,22.73,14.67,12.64,7.69,5.88,7.06,9,10.64,"","","","","",""
http://statistics.gov.scot/id/statistical-geography/S02000616,Govanhill West,12.62,13.59,7.92,9.09,9.62,9.65,10.94,8.06,8.55,9.48,10.94,13.89,"","","","","",""
http://statistics.gov.scot/id/statistical-geography/S02000333,"Gracemount, Southouse and Burdiehouse",48.81,40.51,43.42,45.45,40.45,37.11,29.29,24.04,22.61,22.12,26.14,23.53,"","","","","",""
http://statistics.gov.scot/id/statistical-geography/S02000460,Grahamston,6.02,8.97,12.33,13.04,8.86,7.89,6.41,8.24,9.47,10.23,10.39,11.43,"","","","","",""
http://statistics.gov.scot/id/statistical-geography/S02000361,Grange,1.75,1.75,1.79,0,0,0,0,1.72,1.49,1.35,0,0,"","","","","",""
http://statistics.gov.scot/id/statistical-geography/S02000245,"Grange, Howard and Gargieston",3.77,4.55,6.12,4.76,5.19,5.88,6.67,5.77,6.94,4.71,4.3,1.15,"","","","","",""
http://statistics.gov.scot/id/statistical-geography/S02000468,Grangemouth Town Centre,5.77,7.55,8.47,10.17,10.2,9.09,12.5,14.58,12.7,11.29,8.33,4.17,"","","","","",""
http://statistics.gov.scot/id/statistical-geography/S02000420,Great Junction Street,16.22,12.7,15.94,17.39,18.42,12.05,12.64,12.38,11.2,10.57,6.6,3.9,"","","","","",""
http://statistics.gov.scot/id/statistical-geography/S02000142,Greater Lochgilphead,12.24,12.2,14.71,12.12,14.58,12,10.42,4.76,8.7,14.63,12.24,13.21,"","","","","",""
http://statistics.gov.scot/id/statistical-geography/S02000354,Greendykes and Niddrie Mains,39.19,31.94,33.33,34.38,33.9,30.65,33.82,25,16.85,14.29,13.95,15.87,"","","","","",""
http://statistics.gov.scot/id/statistical-geography/S02000904,Greenend and Carnbroe,14.81,17.05,20.39,15.89,14.53,11.4,14.88,14.17,12.4,9.4,7.48,7.55,"","","","","",""
http://statistics.gov.scot/id/statistical-geography/S02000929,Greenfaulds,21.31,19.51,16.28,11.54,11.32,12.5,15.09,18.33,18.33,17.14,15.49,16.42,"","","","","",""
http://statistics.gov.scot/id/statistical-geography/S02000640,Greenfield,17.33,9.86,10.29,10.77,15.52,12.28,20.34,15.28,16.9,10.14,9.38,4.41,"","","","","",""
http://statistics.gov.scot/id/statistical-geography/S02001109,Greenhills,28.57,31.37,32.73,34.04,21.57,27.45,31.03,36.21,30.51,21.57,21.15,20,"","","","","",""
http://statistics.gov.scot/id/statistical-geography/S02000778,Greenock East,27.27,26.67,23.16,23.15,22.95,22.03,25.23,27.59,26.37,25.25,18.18,22.52,"","","","","",""
http://statistics.gov.scot/id/statistical-geography/S02000781,Greenock Town Centre and East Central,33.75,28.24,30.59,26.51,26.09,16.84,18,16.84,18.81,14.14,11,11.83,"","","","","",""
http://statistics.gov.scot/id/statistical-geography/S02000780,Greenock Upper Central,15.38,16.92,17.57,14.29,14.29,18.31,26.39,26.87,19.75,15,13.95,12.86,"","","","","",""
http://statistics.gov.scot/id/statistical-geography/S02000784,Greenock West and Central,8.24,9.21,7.04,10.81,10.59,9.89,10.31,12,11.32,12.24,9.89,12.64,"","","","","",""
http://statistics.gov.scot/id/statistical-geography/S02001206,Greenrigg,16.67,18.75,20.45,17.78,10.2,11.32,10.42,12.77,8.06,10.91,18,28,"","","","","",""
http://statistics.gov.scot/id/statistical-geography/S02000176,Gretna and Eastriggs,14.71,12.86,15.28,11.27,14.75,16.07,21.67,19.67,18.03,16.39,20.63,21.43,"","","","","",""
http://statistics.gov.scot/id/statistical-geography/S02000972,"Guildtown, Balbeggie and St Madoes",8.82,5.88,2.78,5.56,5,6.38,3.77,6.98,7.14,10.26,6.52,4.65,"","","","","",""
http://statistics.gov.scot/id/statistical-geography/S02001120,Hairmyres and Westwood West,11.11,12.2,16.22,11.43,8.11,5,14.29,11.54,9.09,1.96,2.27,2.13,"","","","","",""
http://statistics.gov.scot/id/statistical-geography/S02001156,"Halfway, Hallside and Drumsagard",7.5,6.06,4.76,4.79,5.81,5.38,5.65,3.67,4.65,3.73,6.55,8.18,"","","","","",""
http://statistics.gov.scot/id/statistical-geography/S02000446,Hallglen and Glen Village,32.14,28.07,32.69,28.85,25.42,21.54,27.4,26.87,25,16.67,16.67,15.63,"","","","","",""
http://statistics.gov.scot/id/statistical-geography/S02001139,Hamilton Centre and Low Parks,8.2,8.7,8.33,12.28,16.95,17.24,19.64,12.7,8.2,3.13,4.76,7.35,"","","","","",""
http://statistics.gov.scot/id/statistical-geography/S02000022,Hanover,15.12,17.24,15.71,14.29,10.34,11.59,12.5,8.06,7.97,6.47,5.88,3.42,"","","","","",""
http://statistics.gov.scot/id/statistical-geography/S02001101,Hareleeshill,13.7,19.35,20.31,16.13,12.9,14.04,12.31,12.5,8.82,8.62,7.02,6.78,"","","","","",""
http://statistics.gov.scot/id/statistical-geography/S02000280,Harestanes,21.21,13.51,7.14,2.08,3.92,8.93,11.76,14.29,20.41,19.3,18.64,10.53,"","","","","",""
http://statistics.gov.scot/id/statistical-geography/S02000433,Harris,0,0,7.14,7.14,17.65,17.65,26.32,21.43,31.25,23.08,16.67,6.25,"","","","","",""
http://statistics.gov.scot/id/statistical-geography/S02000906,Harthill and Salsburgh,22.73,25.35,25.32,28.26,25.56,22.22,17.53,16.19,14.55,15.38,15.45,16.82,"","","","","",""
http://statistics.gov.scot/id/statistical-geography/S02000897,Hattonrigg,19.3,17.86,20.75,12.28,9.26,10.34,14.81,16.36,14.29,15.09,15,13.64,"","","","","",""
http://statistics.gov.scot/id/statistical-geography/S02001023,Hawick Central,22.58,22.45,10.2,13.95,15,18,15.87,14.29,10.67,8.06,10,16.67,"","","","","",""
http://statistics.gov.scot/id/statistical-geography/S02001024,Hawick North,14.29,22.22,28.21,21.95,14.63,10.26,21.43,26.19,20.93,11.9,12.2,19.51,"","","","","",""
http://statistics.gov.scot/id/statistical-geography/S02001022,Hawick West End,12.9,15.15,12.12,12.5,20.51,21.43,20.51,11.76,19.44,14.29,13.95,7.69,"","","","","",""
http://statistics.gov.scot/id/statistical-geography/S02001087,Hazelbank and Kirkfieldbank,5,7.69,9.09,13.51,14.63,16,17.31,16.95,17.02,12.07,6.78,7.14,"","","","","",""
http://statistics.gov.scot/id/statistical-geography/S02000014,Hazlehead,0,0,0,0,0,0,0,1.49,1.43,1.47,0,1.45,"","","","","",""
http://statistics.gov.scot/id/statistical-geography/S02000461,Head of Muir and Dennyloanhead,4.08,8.33,8.11,6.98,11.11,9.26,9.09,9.76,15,15.22,7.69,3.77,"","","","","",""
http://statistics.gov.scot/id/statistical-geography/S02001072,Heathfield,7.04,7.81,7.46,8.7,10.81,13.33,13.24,11.59,13.04,13.7,13.33,11.48,"","","","","",""
http://statistics.gov.scot/id/statistical-geography/S02000034,Heathryfold and Middlefield,30.53,41.3,43.48,40.78,37.37,36.94,37.27,31.03,26.55,25.47,22.86,20.56,"","","","","",""
http://statistics.gov.scot/id/statistical-geography/S02000816,"Heldon West, Fogwatt to Inchberry",4.76,6.67,5.56,8.33,9.38,12.9,9.3,6.78,8.33,10.67,16.92,13.33,"","","","","",""
http://statistics.gov.scot/id/statistical-geography/S02000139,Helensburgh Centre,8.62,0,2.7,5.56,12.2,10.42,12,6.98,6.98,2.5,8.51,10.2,"","","","","",""
http://statistics.gov.scot/id/statistical-geography/S02000138,Helensburgh East,25,21.43,27.66,26.67,29.73,29.41,36.36,26.19,24,19.23,17.54,17.65,"","","","","",""
http://statistics.gov.scot/id/statistical-geography/S02000140,Helensburgh North,7.69,11.63,8.7,5.88,5.66,6.12,9.09,9.43,8.96,12.5,12.31,13.79,"","","","","",""
http://statistics.gov.scot/id/statistical-geography/S02000141,Helensburgh West and Rhu,3.7,2.13,2.13,2.63,3.13,5.56,11.76,14.63,22.86,19.35,19.44,11.11,"","","","","",""
http://statistics.gov.scot/id/statistical-geography/S02000414,Hermitage Park and Prospect Bank,6.17,6.98,5.15,4.26,3.7,1.27,2.13,4.96,5.5,6.52,5,3.92,"","","","","",""
http://statistics.gov.scot/id/statistical-geography/S02001140,High Blantyre,27.87,21.43,24.14,19.15,25.45,28.57,27.27,20.93,15.56,18,14.04,12.12,"","","","","",""
http://statistics.gov.scot/id/statistical-geography/S02000448,High Bonnybridge and Greenhill,10.2,4.35,5.66,7.04,7.14,6.25,5.71,8.11,8.7,12,8.16,7.61,"","","","","",""
http://statistics.gov.scot/id/statistical-geography/S02001154,High Crosshill,4.76,4.44,2.27,0,2.63,2.44,2.22,0,0,0,2.22,2.22,"","","","","",""
http://statistics.gov.scot/id/statistical-geography/S02001183,Highland,6.12,7.02,8.62,7.14,14,13.04,11.76,8.51,11.32,8.93,7.27,2.17,"","","","","",""
http://statistics.gov.scot/id/statistical-geography/S02000514,Hill of Beath,34.38,29.73,27.03,30.77,30.77,29.27,30.61,40.82,36.84,28.3,18.18,17.02,"","","","","",""
http://statistics.gov.scot/id/statistical-geography/S02000277,Hillhead,22.97,18.31,15.94,21.13,23.29,31.94,31.82,32.31,21.74,19.4,16.39,23.08,"","","","","",""
http://statistics.gov.scot/id/statistical-geography/S02000664,Hillhead,3.95,4.29,3.33,2.86,0,2.63,3.23,4.76,3.85,4.49,2.17,2.8,"","","","","",""
http://statistics.gov.scot/id/statistical-geography/S02001134,Hillhouse,34.67,28.4,26.44,24.72,26.32,24.62,22.41,20.9,23.44,21.31,20.63,22.67,"","","","","",""
http://statistics.gov.scot/id/statistical-geography/S02000639,Hillington,17.86,14.89,21.43,15.91,12.77,6,1.79,4.69,7.14,10.61,8.47,11.59,"","","","","",""
http://statistics.gov.scot/id/statistical-geography/S02000128,Hillside,12.82,8.11,10.53,9.68,15,10,9.52,5.41,11.9,10.2,8.33,2.13,"","","","","",""
http://statistics.gov.scot/id/statistical-geography/S02000402,Hillside and Calton Hill,6.06,8.6,8.43,4.11,1.37,1.18,3.23,6.25,5.76,5.04,2.46,3.49,"","","","","",""
http://statistics.gov.scot/id/statistical-geography/S02000211,Hilltown,29.59,34.78,34.41,34.34,28.46,24.43,22.31,26.92,24.78,22.76,15.79,13.71,"","","","","",""
http://statistics.gov.scot/id/statistical-geography/S02000969,"Hillyland, Tulloch and Inveralmond",22.47,21.98,27.08,29.41,30.68,23.86,21.15,23.39,21.97,24.44,22.76,23.77,"","","","","",""
http://statistics.gov.scot/id/statistical-geography/S02000033,Hilton,6.85,9.09,12.99,15.79,17.5,12.79,11.11,8.25,6.09,2.44,3.82,5.98,"","","","","",""
http://statistics.gov.scot/id/statistical-geography/S02001066,Holmston and Forehill,14.06,17.24,14.52,8.2,13.33,14.93,18.75,18.33,16.67,13.33,7.41,3.77,"","","","","",""
http://statistics.gov.scot/id/statistical-geography/S02000893,Holytown,21.51,23.4,22.11,17.98,20.24,21.95,23.33,19.35,22.22,19.59,19.05,14.67,"","","","","",""
http://statistics.gov.scot/id/statistical-geography/S02001226,Houston,27.08,21.82,18.18,19.3,24.24,21.43,20.31,16.13,10.77,9.26,15.38,24,"","","","","",""
http://statistics.gov.scot/id/statistical-geography/S02001012,Houston North,6.06,7.41,3.23,3.13,2.7,6.06,7.14,3.85,0,3.45,6.25,7.89,"","","","","",""
http://statistics.gov.scot/id/statistical-geography/S02001009,Houston South,3.33,2.86,1.45,0,0,2,2.22,2.5,0,0,2.63,2.38,"","","","","",""
http://statistics.gov.scot/id/statistical-geography/S02001214,Howden,17.5,21.05,20.18,23.53,22.33,22.86,18.63,16.83,13.33,11.54,10.75,12.28,"","","","","",""
http://statistics.gov.scot/id/statistical-geography/S02000068,Howe of Alford,1.72,0,1.64,1.59,1.32,0,0,0,3.08,4.69,7.25,9.59,"","","","","",""
http://statistics.gov.scot/id/statistical-geography/S02000136,Hunter's Quay,28.26,18.6,16.67,23.26,27.03,32.5,22.22,28.89,31.25,25.42,23.19,15.63,"","","","","",""
http://statistics.gov.scot/id/statistical-geography/S02000083,Huntly,12.24,12.77,14.55,14.81,18.52,17.39,16.67,6.12,13.43,15.63,15.71,9.09,"","","","","",""
http://statistics.gov.scot/id/statistical-geography/S02000359,Hutchison and Moat,8.7,7.69,4.08,4,6.25,5.17,5.88,5.43,5.71,3.88,2.33,2.94,"","","","","",""
http://statistics.gov.scot/id/statistical-geography/S02000338,Hyvots and Gilmerton Dykes,27.78,35.82,32.26,25.45,20.37,22.03,25,20.55,17.39,11.48,10.42,5.26,"","","","","",""
http://statistics.gov.scot/id/statistical-geography/S02000295,IZ Eight,28.77,29.41,23.61,21.05,26.97,28.26,31.03,22.99,16.67,16.25,15.25,20,"","","","","",""
http://statistics.gov.scot/id/statistical-geography/S02001191,IZ Eight,40.3,41.43,36.51,30.23,26.09,25,25.86,28,23.73,23.61,23.53,24.75,"","","","","",""
http://statistics.gov.scot/id/statistical-geography/S02000305,IZ Eighteen,7.84,10.71,6.35,4.69,8.11,13.04,14.47,11.86,7.81,12.77,18.37,24.39,"","","","","",""
http://statistics.gov.scot/id/statistical-geography/S02001201,IZ Eighteen,18.75,17.11,17.86,18.52,15.22,17.31,17.86,22.86,18.07,20,14.12,17.57,"","","","","",""
http://statistics.gov.scot/id/statistical-geography/S02000298,IZ Eleven,20.29,25,23.53,18.97,17.46,16.13,14.93,18.03,19.7,21.43,16.67,17.14,"","","","","",""
http://statistics.gov.scot/id/statistical-geography/S02001194,IZ Eleven,12.96,10.2,11.63,8.57,3.85,4.55,4.26,5,4.08,7.14,8,9.62,"","","","","",""
http://statistics.gov.scot/id/statistical-geography/S02000302,IZ Fifteen,4.84,3.57,4,2.25,1.94,2.35,4.3,5.94,4.26,5.88,10.26,12.9,"","","","","",""
http://statistics.gov.scot/id/statistical-geography/S02001198,IZ Fifteen,16.39,25.42,23.73,17.54,16.95,21.21,16.87,15.12,8.64,9.46,16.05,17.86,"","","","","",""
http://statistics.gov.scot/id/statistical-geography/S02000292,IZ Five,4.17,4.29,2.82,4.11,6.94,7.25,10.29,11.94,14,13.95,12.9,13.33,"","","","","",""
http://statistics.gov.scot/id/statistical-geography/S02001188,IZ Five,31.34,20.34,20.37,27.5,40.74,26,18.03,12.36,10.14,13.33,26.15,25,"","","","","",""
http://statistics.gov.scot/id/statistical-geography/S02000291,IZ Four,11.29,6.56,13.21,14,15.25,9.59,12.62,10.26,11.54,7.35,10.26,10.53,"","","","","",""
http://statistics.gov.scot/id/statistical-geography/S02001187,IZ Four,22.58,25,21.88,26.92,25,13.33,12.12,11.11,16.22,16,19.61,13.33,"","","","","",""
http://statistics.gov.scot/id/statistical-geography/S02000301,IZ Fourteen,22.22,26.83,27.91,25.64,30.77,40,45.95,42.86,34.48,26.09,27.27,20,"","","","","",""
http://statistics.gov.scot/id/statistical-geography/S02001197,IZ Fourteen,28.38,30.56,25.64,20.29,14.49,18.46,18.67,15.48,18.28,20.62,21.84,12.94,"","","","","",""
http://statistics.gov.scot/id/statistical-geography/S02000296,IZ Nine,9.2,9.72,9.52,11.29,10.84,10.34,10.1,14.41,13.79,10.68,4.82,4.11,"","","","","",""
http://statistics.gov.scot/id/statistical-geography/S02001192,IZ Nine,10.99,9.2,10.29,7.02,9.62,7.14,5.06,3.26,2.15,6.02,4.4,5.38,"","","","","",""
http://statistics.gov.scot/id/statistical-geography/S02000306,IZ Nineteen,17.65,24,12,13.79,8.82,16.22,13.16,17.07,16.67,17.24,13.64,11.76,"","","","","",""
http://statistics.gov.scot/id/statistical-geography/S02000288,IZ One,6.06,5.26,6.12,4.35,4.08,3.51,3.39,4.84,3.33,2,0,0,"","","","","",""
http://statistics.gov.scot/id/statistical-geography/S02001184,IZ One,20,23.29,17.86,19.51,17.86,22.86,30,33.82,33.33,28.17,21.67,14.06,"","","","","",""
http://statistics.gov.scot/id/statistical-geography/S02000294,IZ Seven,22.39,13.79,14.89,6.52,11.11,14.63,14.29,16.98,9.09,15.22,11.43,15.38,"","","","","",""
http://statistics.gov.scot/id/statistical-geography/S02001190,IZ Seven,9.26,5.81,4.23,4.17,10,8.33,9.43,7.69,9.26,6.25,7.02,7.14,"","","","","",""
http://statistics.gov.scot/id/statistical-geography/S02000304,IZ Seventeen,2.94,6.06,5.88,4,3.77,6.9,13.11,12,7.89,3.13,0,0,"","","","","",""
http://statistics.gov.scot/id/statistical-geography/S02001200,IZ Seventeen,13.56,12.73,8.06,10.94,18.03,17.65,14.06,6.06,7.27,6.78,16.42,17.39,"","","","","",""
http://statistics.gov.scot/id/statistical-geography/S02000293,IZ Six,4.08,3.85,2.13,2.33,8.11,13.16,17.5,17.78,19.15,18.92,17.86,15.38,"","","","","",""
http://statistics.gov.scot/id/statistical-geography/S02001189,IZ Six,13.04,14.89,14.29,21.74,20,8.33,0,0,2.86,4.35,9.43,8.2,"","","","","",""
http://statistics.gov.scot/id/statistical-geography/S02000303,IZ Sixteen,14.68,12,12.24,8.64,8.05,11.83,10.53,10.75,6.85,6.45,7.02,8.33,"","","","","",""
http://statistics.gov.scot/id/statistical-geography/S02001199,IZ Sixteen,25.86,17.86,12.07,11.67,16.33,23.73,21.74,23.81,17,19.78,14.13,12,"","","","","",""
http://statistics.gov.scot/id/statistical-geography/S02000297,IZ Ten,13.04,13.79,16.67,10.42,7.55,13.7,10.59,9.09,1.25,6.06,10.17,15.69,"","","","","",""
http://statistics.gov.scot/id/statistical-geography/S02001193,IZ Ten,4.17,2.22,6.25,9.52,11.76,9.09,7.5,11.54,10.42,12.77,8.33,7.55,"","","","","",""
http://statistics.gov.scot/id/statistical-geography/S02000300,IZ Thirteen,26.42,23.64,18.33,20.29,23.33,24,13.46,12.5,15.07,23.81,28.3,24,"","","","","",""
http://statistics.gov.scot/id/statistical-geography/S02001196,IZ Thirteen,35.37,28.36,28.07,18.87,18.87,11.67,11.67,17.72,18.99,21.59,17.33,15.49,"","","","","",""
http://statistics.gov.scot/id/statistical-geography/S02000290,IZ Three,29.09,32.65,34.69,29.79,34.62,28.57,25,16.13,15.79,15.38,20,26.32,"","","","","",""
http://statistics.gov.scot/id/statistical-geography/S02001186,IZ Three,28.24,30.77,32.79,22.22,18.18,28.57,27.59,21.25,16.9,19.35,20.41,19.3,"","","","","",""
http://statistics.gov.scot/id/statistical-geography/S02000299,IZ Twelve,13.33,12.24,12.5,11.11,9.09,9.09,8.33,11.63,11.11,9.52,5.56,4.17,"","","","","",""
http://statistics.gov.scot/id/statistical-geography/S02001195,IZ Twelve,16.28,24.1,22.22,27.14,27.94,27.14,27.63,25.29,25.77,21.93,15.09,17.31,"","","","","",""
http://statistics.gov.scot/id/statistical-geography/S02000307,IZ Twenty,7.41,0,0,3.13,5.88,5,2.94,0,0,2.94,3.45,9.09,"","","","","",""
http://statistics.gov.scot/id/statistical-geography/S02000308,IZ Twenty One,22.22,17.39,12,3.7,7.14,16.67,18.18,15,8,8,12.5,15,"","","","","",""
http://statistics.gov.scot/id/statistical-geography/S02000309,IZ Twenty Two,8.33,13.79,11.11,9.52,5.26,12.5,4.76,4.76,3.57,4.35,3.85,0,"","","","","",""
http://statistics.gov.scot/id/statistical-geography/S02000289,IZ Two,16.67,3.33,2.94,3.23,6.9,17.65,15.22,16.67,9.09,8.11,14.29,18.52,"","","","","",""
http://statistics.gov.scot/id/statistical-geography/S02001185,IZ Two,14.12,18.06,22.03,25,33.33,31.03,25,17.74,12.9,13.75,12.5,9.9,"","","","","",""
http://statistics.gov.scot/id/statistical-geography/S02000649,Ibrox,28.26,32,30.61,34.69,34.04,31.11,34.78,31.71,22.92,16.33,16.33,15.69,"","","","","",""
http://statistics.gov.scot/id/statistical-geography/S02000644,Ibrox East and Cessnock,20.37,15.87,15.58,16.25,18.39,22.78,18.89,17.07,15.58,12,9.33,9.21,"","","","","",""
http://statistics.gov.scot/id/statistical-geography/S02001039,Innerleithen and Walkerburn area,9.62,13.79,10.94,9.33,4.48,1.45,8.2,8.57,10.77,9.72,10.14,14.49,"","","","","",""
http://statistics.gov.scot/id/statistical-geography/S02000079,"Insch, Oyne and Ythanwells",2.38,4.44,3.92,4,0,2.78,2.38,2.13,0,2.86,4.17,10.17,"","","","","",""
http://statistics.gov.scot/id/statistical-geography/S02000756,Invergordon,28.57,29.03,28,25.58,20.51,21.57,20.75,28.36,34.38,34.21,34.85,30.91,"","","","","",""
http://statistics.gov.scot/id/statistical-geography/S02000973,"Invergowrie, Longforgan and Abernyte",2.08,0,2.33,5.45,4.35,5.63,4.35,6.67,3.45,5.66,4.35,7.89,"","","","","",""
http://statistics.gov.scot/id/statistical-geography/S02000483,Inverkeithing East,28.57,38.64,31.11,29.27,17.07,26.67,24.44,25.53,17.78,17.39,28.57,33.33,"","","","","",""
http://statistics.gov.scot/id/statistical-geography/S02000773,Inverkip and Wemyss Bay,11.59,11.67,9.09,5.17,4.69,3.17,6.06,6.56,6.76,6.58,8.75,7.69,"","","","","",""
http://statistics.gov.scot/id/statistical-geography/S02000415,Inverleith,3.08,1.72,0,0,0,3.77,4.76,4.76,1.61,0,2.27,6.67,"","","","","",""
http://statistics.gov.scot/id/statistical-geography/S02000735,Inverness Ballifeary and Dalneigh,26.67,28.13,31.37,26.42,25.42,27.69,32.35,27.78,23.53,18.42,15.87,17.81,"","","","","",""
http://statistics.gov.scot/id/statistical-geography/S02000742,"Inverness Central, Raigmore and Longman",20.83,16.28,12.82,10.87,17.53,16.16,19.42,17.43,20.72,17.12,16.81,14.81,"","","","","",""
http://statistics.gov.scot/id/statistical-geography/S02000736,Inverness Crown and Haugh,12.5,9.76,5,2.78,6.98,10.53,12,11.76,8.57,7.94,4.48,6.78,"","","","","",""
http://statistics.gov.scot/id/statistical-geography/S02000743,Inverness Culloden and Balloch,7.32,14.06,12.07,13.73,7.14,12.31,12.86,15.12,12.5,9.72,5.26,6.56,"","","","","",""
http://statistics.gov.scot/id/statistical-geography/S02000734,Inverness Drakies,22.86,24.14,20.59,13.33,10.71,12.73,11.9,9.09,2.94,5.71,10.81,11.43,"","","","","",""
http://statistics.gov.scot/id/statistical-geography/S02000732,Inverness Drummond,20,17.86,16.67,13.79,18.03,20.63,21.67,18.52,19.23,20,19.67,17.31,"","","","","",""
http://statistics.gov.scot/id/statistical-geography/S02000727,Inverness East Rural,6.98,17.02,15.79,15.63,15,16.67,20.34,14.04,15.52,11.76,16.67,14.29,"","","","","",""
http://statistics.gov.scot/id/statistical-geography/S02000733,Inverness Hilton,35.71,24.44,14.63,11.36,13.16,14.29,20,14.81,15,9.38,11.86,9.8,"","","","","",""
http://statistics.gov.scot/id/statistical-geography/S02000729,Inverness Inshes and Slackbuie,5.26,4.41,3.85,3.16,2.8,2.34,3.25,4.26,4.33,5.71,5.43,8.33,"","","","","",""
http://statistics.gov.scot/id/statistical-geography/S02000731,Inverness Kinmylies and South West,22.64,16.98,21.57,22.22,21.95,16.67,15.56,18.75,16.98,13.64,14.58,17.65,"","","","","",""
http://statistics.gov.scot/id/statistical-geography/S02000730,Inverness Lochardil and Holm Mains,7.27,7.69,7.84,3.85,4.69,4.41,7.58,5.77,7.14,2.04,3.45,3.28,"","","","","",""
http://statistics.gov.scot/id/statistical-geography/S02000744,Inverness Merkinch,48.15,46.05,37.18,32.47,30.12,36,48,44.12,44.44,32.08,37.5,38.3,"","","","","",""
http://statistics.gov.scot/id/statistical-geography/S02000739,Inverness Muirtown,22.95,21.57,21.82,18.84,20.22,15.12,18.09,12.5,13.58,11.24,15.91,16.48,"","","","","",""
http://statistics.gov.scot/id/statistical-geography/S02000741,Inverness Scorguie,10.42,5.26,13.04,9.52,10.53,2.78,2.56,4.26,3.92,9.62,11.32,12,"","","","","",""
http://statistics.gov.scot/id/statistical-geography/S02000740,Inverness Smithton,15.69,8.51,17.65,16.67,18.31,14.71,15.15,12.82,16.09,21.52,29.87,30.88,"","","","","",""
http://statistics.gov.scot/id/statistical-geography/S02000728,Inverness West Rural,14.75,14,11.11,7.41,10.45,10,12.9,12.28,11.11,12.12,11.11,13.21,"","","","","",""
http://statistics.gov.scot/id/statistical-geography/S02000737,Inverness Westhill,3.51,1.96,5.17,4.17,5.77,9.52,8.75,9.71,7.89,7.2,5.97,3.51,"","","","","",""
http://statistics.gov.scot/id/statistical-geography/S02000072,Inverurie North,5.88,6.17,8.82,10.13,14.44,14.77,14.63,8.86,7.5,8.43,8,7.69,"","","","","",""
http://statistics.gov.scot/id/statistical-geography/S02000071,Inverurie South,14.29,14.29,15.79,15.38,14.29,14.94,11.54,14.86,12.16,14.93,14.08,16.9,"","","","","",""
http://statistics.gov.scot/id/statistical-geography/S02000837,Irvine Bourtreehill,18.75,25.71,15.15,23.08,21.43,23.26,19.51,23.26,27.45,32.61,27.5,18.75,"","","","","",""
http://statistics.gov.scot/id/statistical-geography/S02000836,Irvine Broomlands,30.43,25.58,20.93,21.95,24,23.73,27.14,23.88,30.65,26.98,33.33,26.79,"","","","","",""
http://statistics.gov.scot/id/statistical-geography/S02000845,Irvine Castlepark North,33.33,30.77,30.36,19.15,30.61,34.92,37.84,36.25,29.85,32.76,25.4,32.2,"","","","","",""
http://statistics.gov.scot/id/statistical-geography/S02000841,Irvine Castlepark South,40.38,36.17,36.21,34.92,35.62,40.54,42.67,40,31.76,27.59,26.51,24,"","","","","",""
http://statistics.gov.scot/id/statistical-geography/S02000838,Irvine Central,20.51,27.78,23.08,16.67,11.43,14.29,16,22,18.6,27.03,18.37,18.18,"","","","","",""
http://statistics.gov.scot/id/statistical-geography/S02000839,Irvine East,27.03,24.32,12.82,11.9,11.11,10.87,11.36,14.63,21.62,22.5,15.91,11.9,"","","","","",""
http://statistics.gov.scot/id/statistical-geography/S02000835,Irvine Fullarton,37.74,30.19,28.57,21.74,27.78,31.43,35.56,29.31,27.87,20.37,16.67,12,"","","","","",""
http://statistics.gov.scot/id/statistical-geography/S02000840,Irvine Girdle Toll and Staneca,14,15.09,11.32,14.49,19.23,21.62,20.99,14.86,12.82,11.59,13.04,13.24,"","","","","",""
http://statistics.gov.scot/id/statistical-geography/S02000843,Irvine Perceton and Lawthorn,5,12.5,12.9,11.94,5.36,8.93,17.86,21.31,17.74,11.86,3.08,6.56,"","","","","",""
http://statistics.gov.scot/id/statistical-geography/S02000833,Irvine Tarryholme,13.51,14.29,14.29,17.24,11.43,7.69,2.63,5.71,11.11,11.11,8.57,13.33,"","","","","",""
http://statistics.gov.scot/id/statistical-geography/S02000947,Isles,14.29,20,23.08,19.35,15.15,11.11,17.65,15.79,12.5,7.32,10.87,13.04,"","","","","",""
http://statistics.gov.scot/id/statistical-geography/S02001027,Jedburgh,12.96,6.52,6.98,5.88,9.68,11.76,19.15,16.07,12.07,6.12,6.38,9.09,"","","","","",""
http://statistics.gov.scot/id/statistical-geography/S02000368,"Jewel, Brunstane and Newcraighall",9.88,12.16,10,8.51,11.76,6,4.29,4.62,7.69,11.11,7.32,3.23,"","","","","",""
http://statistics.gov.scot/id/statistical-geography/S02000998,Johnstone North East,16,21.31,18.97,20.31,13.11,11.11,7.69,14.75,20.69,20.59,17.86,12.12,"","","","","",""
http://statistics.gov.scot/id/statistical-geography/S02000994,Johnstone North West,38,37.25,27.27,29.55,24.44,30,28.33,31.58,36.07,31.03,33.87,21.21,"","","","","",""
http://statistics.gov.scot/id/statistical-geography/S02000992,Johnstone South East,31.25,29.23,23.53,24.66,20.31,29.31,21.74,20.55,13.75,17.81,17.65,13.56,"","","","","",""
http://statistics.gov.scot/id/statistical-geography/S02000988,Johnstone South West,43.42,41.89,41.27,38.03,31.33,24.44,23.91,22.35,23.26,20,24.32,32.35,"","","","","",""
http://statistics.gov.scot/id/statistical-geography/S02000386,Joppa,3.95,4.11,4.48,4.48,4.17,3.75,1.18,1.28,4.35,6.12,5.26,0,"","","","","",""
http://statistics.gov.scot/id/statistical-geography/S02000811,Keith and Fife Keith,14.55,18.33,25,26.32,23.53,22.39,23.53,25,26.15,21.82,20.51,7.5,"","","","","",""
http://statistics.gov.scot/id/statistical-geography/S02001034,Kelso North,15.56,10.26,19.57,19.15,18,14.58,14.29,12.24,15.09,10.64,14.29,14.29,"","","","","",""
http://statistics.gov.scot/id/statistical-geography/S02001032,Kelso South,4.35,3.57,6.25,3.33,10,8,9.09,3.7,7.14,5.56,7.41,10,"","","","","",""
http://statistics.gov.scot/id/statistical-geography/S02000531,Kelty East,22.22,21.74,19.23,11.32,13.11,10.29,11.11,8.45,11.94,15.94,19.23,16.47,"","","","","",""
http://statistics.gov.scot/id/statistical-geography/S02000532,Kelty West,44.44,35.29,33.33,30.77,24.32,22.5,25,28.89,27.27,17.78,15.91,19.05,"","","","","",""
http://statistics.gov.scot/id/statistical-geography/S02000690,Kelvindale,0,0,0,1.96,3.03,2.86,0,1.85,1.64,1.32,0,0,"","","","","",""
http://statistics.gov.scot/id/statistical-geography/S02000672,Kelvingrove and University,6.45,3.33,3.57,4.35,6.25,4.65,0,0,0,1.49,2.56,2.35,"","","","","",""
http://statistics.gov.scot/id/statistical-geography/S02000689,Kelvinside and Jordanhill,1.41,1.28,1.59,0,3.23,4.17,3.77,1.41,0,1.09,0.95,0.91,"","","","","",""
http://statistics.gov.scot/id/statistical-geography/S02000067,Kemnay,12.7,14.29,8.77,10.91,11.54,13.95,8.82,5.41,10.26,10,17.95,11.63,"","","","","",""
http://statistics.gov.scot/id/statistical-geography/S02000557,Kennoway,19.05,24.53,27.87,33.93,33.33,26.92,21.31,22.39,27.85,31.88,27.42,19.05,"","","","","",""
http://statistics.gov.scot/id/statistical-geography/S02000685,Keppochhill,21.11,26.19,25.58,21.69,25.64,32.47,33.33,26.97,20.62,19.13,12.4,12.17,"","","","","",""
http://statistics.gov.scot/id/statistical-geography/S02000464,Kersiebank,23.68,23.17,24.32,32.43,34.25,32.91,27.4,29.69,32.84,31.34,26.58,25.33,"","","","","",""
http://statistics.gov.scot/id/statistical-geography/S02000266,Kessington East,7.14,4.55,5.56,0,0,0,0,0,4.55,3.7,3.57,3.23,"","","","","",""
http://statistics.gov.scot/id/statistical-geography/S02000269,Kessington West,14.29,10,5.88,0,0,0,0,0,0,3.85,3.7,4,"","","","","",""
http://statistics.gov.scot/id/statistical-geography/S02000568,Kettle and Ladybank,8.7,7.55,9.62,4.17,3.92,4.35,4.26,6.82,4.26,8.16,6.98,9.09,"","","","","",""
http://statistics.gov.scot/id/statistical-geography/S02000279,Keystone and Dougalston,4.88,7.41,0,0,0,0,5.56,12,15.79,13.04,4.76,6.67,"","","","","",""
http://statistics.gov.scot/id/statistical-geography/S02000996,Kilbarchan,17.07,13.95,12.82,10.34,8.57,5.56,5,10.26,9.76,13.04,9.09,9.3,"","","","","",""
http://statistics.gov.scot/id/statistical-geography/S02000865,Kilbirnie North,33.33,30.61,21.95,13.79,13.33,18.75,27.5,22.73,30.19,27.42,28.57,19.64,"","","","","",""
http://statistics.gov.scot/id/statistical-geography/S02000863,Kilbirnie South and Longbar,20.9,20.31,19.72,28.57,25.93,32.43,26.92,27.38,19.51,16,18.52,19.61,"","","","","",""
http://statistics.gov.scot/id/statistical-geography/S02000935,Kildrum,19.12,12.5,16.9,18.52,27.27,24.71,20.43,15.63,13.33,15.58,11.39,12.99,"","","","","",""
http://statistics.gov.scot/id/statistical-geography/S02000771,Kilmacolm Central,0,3.85,2.86,4.88,3.03,3.13,0,0,0,4.55,4.35,3.85,"","","","","",""
http://statistics.gov.scot/id/statistical-geography/S02000772,"Kilmacolm, Quarriers, Greenock Upper East/Central",4.88,8.11,12.2,6.82,5.45,4.76,5.17,5.66,2.5,2.44,0,0,"","","","","",""
http://statistics.gov.scot/id/statistical-geography/S02000273,Kilmardinny East,2.5,2.38,3.85,4.76,9.09,0,0,0,0,0,0,0,"","","","","",""
http://statistics.gov.scot/id/statistical-geography/S02000272,Kilmardinny West,0,0,0,0,0,0,0,0,5.56,5.88,4.76,0,"","","","","",""
http://statistics.gov.scot/id/statistical-geography/S02000243,Kilmarnock South Central and Caprington,17.86,23.73,26.83,27.5,20,20.51,18.42,17.78,14.63,14,12.77,10.2,"","","","","",""
http://statistics.gov.scot/id/statistical-geography/S02000256,Kilmaurs Rural,5,5.71,2.78,10.53,12.99,13.98,13,10.2,5.94,3.37,2.15,6.74,"","","","","",""
http://statistics.gov.scot/id/statistical-geography/S02000940,Kilsyth Bogside,18.37,17.78,11.36,10.64,12.73,16.67,24.56,26.92,22.92,17.31,10.2,15.91,"","","","","",""
http://statistics.gov.scot/id/statistical-geography/S02000942,Kilsyth East and Croy,9.52,8.93,9.62,11.11,6.58,9.33,14.81,15.49,15.94,9.52,12.79,16.09,"","","","","",""
http://statistics.gov.scot/id/statistical-geography/S02000857,Kilwinning Central and North,24.49,27.66,27.27,26.53,24.49,18.97,17.24,22.58,30.16,35.38,26.47,23.73,"","","","","",""
http://statistics.gov.scot/id/statistical-geography/S02000853,Kilwinning Pennyburn,13.21,16.33,20.75,30,26.92,25.53,16.67,12.5,16.39,20.97,22.22,18.75,"","","","","",""
http://statistics.gov.scot/id/statistical-geography/S02000851,Kilwinning West and Blacklan,29.41,23.44,22.39,28.57,28.79,25.42,22.39,22.22,20.78,18.84,19.4,20.97,"","","","","",""
http://statistics.gov.scot/id/statistical-geography/S02000856,Kilwinning Whitehirst Park and Woodside,9.09,7.41,6.33,5.26,1.3,4.76,5.75,11.39,12.68,12.9,10.61,8.62,"","","","","",""
http://statistics.gov.scot/id/statistical-geography/S02000506,Kincardine,15,18.18,20,18.18,14.63,10.81,12.12,15.38,14.71,12.82,4.88,0,"","","","","",""
http://statistics.gov.scot/id/statistical-geography/S02000006,"Kincorth, Leggart and Nigg North",22.73,20,22.73,19.51,21.43,23.53,24.19,16.42,18.42,20.48,23.86,17.5,"","","","","",""
http://statistics.gov.scot/id/statistical-geography/S02000002,"Kincorth, Leggart and Nigg South",13.46,10.34,8.16,6.52,16.22,12.96,13.85,8.75,9.2,8.24,7.79,7.32,"","","","","",""
http://statistics.gov.scot/id/statistical-geography/S02000507,Kinghorn,21.43,11.76,3.03,0,0,4.08,10,12.07,20.97,16.13,15.38,4,"","","","","",""
http://statistics.gov.scot/id/statistical-geography/S02000600,Kingspark North,6.76,7.25,10.91,9.26,12.5,8.2,6.85,6.41,6.49,8.7,7.04,5.48,"","","","","",""
http://statistics.gov.scot/id/statistical-geography/S02000595,Kingspark South,13.64,12.16,9.46,7.59,4.41,7.35,13.24,12.35,10.96,9.21,10.67,12.64,"","","","","",""
http://statistics.gov.scot/id/statistical-geography/S02000631,Kingston West and Dumbreck,5.97,8.2,11.86,11.11,11.84,10.39,10.53,6.94,8.43,7.5,7.89,4.76,"","","","","",""
http://statistics.gov.scot/id/statistical-geography/S02000035,Kingswells,1.65,2.24,1.54,1.37,0,0,1.77,3.51,4.95,2.86,2.11,2.04,"","","","","",""
http://statistics.gov.scot/id/statistical-geography/S02000466,Kinneil,17.5,27.27,30,31.25,20.41,18.75,19.61,21.82,17.24,15.87,14.75,14.81,"","","","","",""
http://statistics.gov.scot/id/statistical-geography/S02000642,Kinning Park and Festival Park,12.68,6.58,6.76,5.8,9.52,9.38,8.97,7.78,7.32,5.63,5.71,3.9,"","","","","",""
http://statistics.gov.scot/id/statistical-geography/S02000950,Kinross,14.89,10.26,9.09,8.7,11.11,10,9.3,4.76,4.26,7.27,7.81,7.69,"","","","","",""
http://statistics.gov.scot/id/statistical-geography/S02000066,Kintore and Blackburn,5.08,4.41,5.49,5.31,4.26,2.29,1.52,0.88,0.44,0,0.53,2.94,"","","","","",""
http://statistics.gov.scot/id/statistical-geography/S02000131,Kintyre Trail,11.63,7.5,10,8.33,10,9.52,10.87,15.38,16.28,13.04,9.68,6.56,"","","","","",""
http://statistics.gov.scot/id/statistical-geography/S02000518,Kirkcaldy Bennochy East,5.45,7.69,8.89,11.63,9.52,7.32,6.25,14.06,14.67,14.08,6.85,7.35,"","","","","",""
http://statistics.gov.scot/id/statistical-geography/S02000520,Kirkcaldy Bennochy West,20.51,25,25,14.29,7.41,11.43,12,19.64,21.05,26.09,20.41,15.79,"","","","","",""
http://statistics.gov.scot/id/statistical-geography/S02000516,Kirkcaldy Central,14.29,8.89,5.26,0,5.26,14.63,11.76,7.69,0,1.92,1.72,1.79,"","","","","",""
http://statistics.gov.scot/id/statistical-geography/S02000535,Kirkcaldy Chapel,14.71,13.16,10.26,13.89,10.26,7.84,7.58,6.41,6.52,5.61,5.41,5.66,"","","","","",""
http://statistics.gov.scot/id/statistical-geography/S02000533,Kirkcaldy Dunnikier,12.9,17.24,20.59,11.76,5,0,0,0,2.86,3.45,11.11,10,"","","","","",""
http://statistics.gov.scot/id/statistical-geography/S02000530,Kirkcaldy Gallatown and Sinclairtown,26,27.59,25.4,30.14,26.09,21.21,14.52,19.72,22.5,23.75,22.47,23.26,"","","","","",""
http://statistics.gov.scot/id/statistical-geography/S02000524,Kirkcaldy Hayfield and Smeaton,32.2,31.11,27.66,31.91,33.33,35.29,37.29,34.18,29.76,20,19.23,19.44,"","","","","",""
http://statistics.gov.scot/id/statistical-geography/S02000512,Kirkcaldy Linktown and Seafield,34.43,28.3,33.33,30.61,26.79,23.44,20.97,30.14,32,32.56,28.75,25,"","","","","",""
http://statistics.gov.scot/id/statistical-geography/S02000523,Kirkcaldy Newliston and Redcraigs,15.69,10.34,11.11,14.58,19.44,18.92,20,19.57,18.52,20,19.05,20,"","","","","",""
http://statistics.gov.scot/id/statistical-geography/S02000522,Kirkcaldy Pathhead,15.15,6.06,7.41,20.83,23.81,9.68,2.33,3.45,5,5.17,5.45,3.77,"","","","","",""
http://statistics.gov.scot/id/statistical-geography/S02000517,Kirkcaldy Raith,0,0,0,0,0,0,3.45,10,8.33,7.5,2.78,8,"","","","","",""
http://statistics.gov.scot/id/statistical-geography/S02000526,Kirkcaldy Templehall East,33.33,27.69,33.33,32.39,34.15,30,31.68,31.48,30.65,29.75,24.56,20.83,"","","","","",""
http://statistics.gov.scot/id/statistical-geography/S02000527,Kirkcaldy Templehall West,20,22.5,17.5,18.75,15.63,20,26.47,22.22,21.43,21.05,22,20,"","","","","",""
http://statistics.gov.scot/id/statistical-geography/S02000166,Kirkcudbright,27.27,19.67,18.75,13.11,16.98,21.74,25.58,27.27,17.78,15.91,9.09,6.82,"","","","","",""
http://statistics.gov.scot/id/statistical-geography/S02001231,Kirkhill,18.18,16.13,16.13,16.35,12.84,9.35,12.5,12.5,14.02,9.2,8.33,3.33,"","","","","",""
http://statistics.gov.scot/id/statistical-geography/S02000275,Kirkintilloch South,6.98,10.26,16.28,22.5,24.39,17.39,11.11,6.82,10.42,10.64,11.67,10.17,"","","","","",""
http://statistics.gov.scot/id/statistical-geography/S02000281,Kirkintilloch West,6.12,3.92,4.76,5.8,6.85,7.14,8.45,10.45,13.04,8.11,9.33,7.04,"","","","","",""
http://statistics.gov.scot/id/statistical-geography/S02000391,Kirkliston,6.67,4.55,7.81,10.26,14.93,16.67,12.9,8.45,6.67,10.29,10.53,11.9,"","","","","",""
http://statistics.gov.scot/id/statistical-geography/S02000165,Kirkmaiden,14.29,17.65,22.58,22.22,17.95,22.22,20.45,21.95,15.63,19.23,19.35,23.33,"","","","","",""
http://statistics.gov.scot/id/statistical-geography/S02001088,Kirkmuirhill and Blackwood,27.59,28.26,24.32,20,17.24,16.13,20,20.45,19.15,8.89,2.44,7.14,"","","","","",""
http://statistics.gov.scot/id/statistical-geography/S02000905,Kirkshaws,22.89,25,33.73,25.68,18.92,12.9,17.17,19.82,16.49,19.79,18,20.95,"","","","","",""
http://statistics.gov.scot/id/statistical-geography/S02000228,Kirkton,44.74,42.5,40,26.39,22.45,17.24,19.66,27.36,36.47,46.77,40.68,28.81,"","","","","",""
http://statistics.gov.scot/id/statistical-geography/S02001210,Kirkton,23.53,22.97,18.57,11.48,15.71,15.63,20.31,12.7,11.54,11.94,12.96,16.67,"","","","","",""
http://statistics.gov.scot/id/statistical-geography/S02000907,Kirkwood and Bargeddie,24.44,25.47,22.55,26.17,25,27,25.77,21.88,23.33,18.89,20,15.38,"","","","","",""
http://statistics.gov.scot/id/statistical-geography/S02000123,Kirriemuir,18.99,17.07,18.6,15.58,20,17.28,19.35,13.48,16.13,13.92,16,14.06,"","","","","",""
http://statistics.gov.scot/id/statistical-geography/S02000117,Kirriemuir Landward,6.67,7.14,4,0,2.5,4.65,8.11,8.57,11.76,16.67,18.52,10,"","","","","",""
http://statistics.gov.scot/id/statistical-geography/S02001223,Knightsridge,33.33,37.14,37.17,38.66,30.65,27.27,26.05,24.3,16.96,14,14.77,21.13,"","","","","",""
http://statistics.gov.scot/id/statistical-geography/S02000699,Knightswood East,18.18,26.83,28.21,33.33,21.43,10.26,7.32,10,17.5,12.96,8.93,9.72,"","","","","",""
http://statistics.gov.scot/id/statistical-geography/S02000698,Knightswood Park East,23.4,21.95,16.22,21.43,30.43,23.33,20.59,15.69,13.95,18.87,11.29,14.08,"","","","","",""
http://statistics.gov.scot/id/statistical-geography/S02000706,Knightswood Park West,21.21,23.33,10,26.67,16.67,10,0,7.89,10,12.5,8,7.02,"","","","","",""
http://statistics.gov.scot/id/statistical-geography/S02000703,Knightswood West,12.12,12.2,9.38,19.05,27.27,35.29,20.83,14.29,8.7,12.5,11.63,7.69,"","","","","",""
http://statistics.gov.scot/id/statistical-geography/S02000879,Ladywell,11.48,11.94,8.2,4.17,0,0,1.72,5.88,5.88,6.98,2.22,2.5,"","","","","",""
http://statistics.gov.scot/id/statistical-geography/S02001216,Ladywell,15.32,15.93,18.63,17.43,13.6,11.68,12.41,17.39,17.27,15,9.89,9.52,"","","","","",""
http://statistics.gov.scot/id/statistical-geography/S02001129,Laighstonehall,10.17,12.5,10,10.29,9.86,7.81,7.41,7.69,12.5,12.28,9.68,4.35,"","","","","",""
http://statistics.gov.scot/id/statistical-geography/S02001091,Lanark North East,0,7.41,10.71,9.38,7.41,7.41,24,20,21.88,11.11,7.14,0,"","","","","",""
http://statistics.gov.scot/id/statistical-geography/S02001090,Lanark North West,15,12,16.13,17.14,23.33,17.14,9.38,3.03,8.33,11.76,14.71,9.68,"","","","","",""
http://statistics.gov.scot/id/statistical-geography/S02001086,Lanark South,13.51,16.28,17.95,21.05,17.65,11.76,4.35,7.41,16.36,19.23,16.67,15.38,"","","","","",""
http://statistics.gov.scot/id/statistical-geography/S02000195,Langholm and Canonbie,11.11,14.29,12.5,8.33,7.69,8.11,4.17,4.35,11.11,11.11,6.9,3.57,"","","","","",""
http://statistics.gov.scot/id/statistical-geography/S02001036,Langlee,41.86,37.5,31.37,32.65,38.98,42.22,31.91,33.33,25.42,31.25,22.86,23.61,"","","","","",""
http://statistics.gov.scot/id/statistical-geography/S02000604,Langside,2.9,1.64,1.32,1.27,2.78,1.69,1.37,1.82,1.79,2.63,0.92,2.33,"","","","","",""
http://statistics.gov.scot/id/statistical-geography/S02000471,Larbert Village and South Broomage,5.41,11.76,5.13,9.3,6.98,9.52,4.08,3.64,6.06,6.15,5.88,6.15,"","","","","",""
http://statistics.gov.scot/id/statistical-geography/S02000563,Largo,14.81,9.09,6.06,0,0,0,0,0,5.56,9.09,9.09,5.56,"","","","","",""
http://statistics.gov.scot/id/statistical-geography/S02000866,Largs Central and Cumbrae,16.95,18.87,13.79,14.75,16.13,19.05,16.67,11.48,14.52,23.81,26.42,25.93,"","","","","",""
http://statistics.gov.scot/id/statistical-geography/S02000869,Largs North,9.09,8.33,10.81,9.68,3.57,6.25,10.34,12,5.56,9.09,12.5,11.54,"","","","","",""
http://statistics.gov.scot/id/statistical-geography/S02000868,Largs South,0,0,0,0,0,4,8.7,7.41,4.17,3.85,4.17,3.45,"","","","","",""
http://statistics.gov.scot/id/statistical-geography/S02001102,"Larkhall Central, Raploch, Millheugh and Burnhead",9.84,16.67,22.06,21.88,17.54,13.73,13.95,10.42,10,11.86,11.11,11.32,"","","","","",""
http://statistics.gov.scot/id/statistical-geography/S02000634,Laurieston and Tradeston,25.37,20,17.86,15.66,9.09,6.49,2.5,7.95,12.66,12.94,9.09,4.17,"","","","","",""
http://statistics.gov.scot/id/statistical-geography/S02000450,Laurieston and Westquarter,23.53,20.69,22.86,17.39,16.67,12.24,10.53,17.65,12.5,13.95,15.38,18.6,"","","","","",""
http://statistics.gov.scot/id/statistical-geography/S02000209,Law,21.82,25,21.28,18.87,12.68,9.33,11.43,17.81,15.48,11.39,4.48,8.33,"","","","","",""
http://statistics.gov.scot/id/statistical-geography/S02001107,Law,16.28,16.67,13.16,15.79,15,9.09,3.23,4.35,6.85,9.38,6.56,5.08,"","","","","",""
http://statistics.gov.scot/id/statistical-geography/S02000426,Leith Docks,12.16,12.86,6.25,4,2.11,1.67,1.94,1.55,1.34,0.92,1.08,1.45,"","","","","",""
http://statistics.gov.scot/id/statistical-geography/S02000287,Lennoxtown,9.26,8.33,5.08,9.43,14.75,16.42,10.67,5.8,9.64,15.22,17.02,14.29,"","","","","",""
http://statistics.gov.scot/id/statistical-geography/S02000270,Lenzie North,18.18,21.82,13.33,12.07,7.02,11.32,10.34,10,7.58,8.2,9.38,12,"","","","","",""
http://statistics.gov.scot/id/statistical-geography/S02000267,Lenzie South,0,2.86,3.23,4.76,4.76,3.92,2.38,2.33,2.7,7.14,5.56,5.13,"","","","","",""
http://statistics.gov.scot/id/statistical-geography/S02001052,Lerwick North,15.15,14.71,10.94,8.33,11.94,13.43,16.95,13.64,12.05,9.47,8.75,6.38,"","","","","",""
http://statistics.gov.scot/id/statistical-geography/S02001051,Lerwick South,11.32,11.76,8.47,7.69,12.12,13.56,18,9.09,9.09,6.96,9.42,7.52,"","","","","",""
http://statistics.gov.scot/id/statistical-geography/S02000551,Leslie and Newcastle,23.64,18.37,10.81,5.71,18.92,12.24,18.52,11.86,16.39,15.38,23.53,24.39,"","","","","",""
http://statistics.gov.scot/id/statistical-geography/S02001084,Lesmahagow,16.28,22.73,28.57,25.53,19.05,17.78,26,18.64,17.91,10.91,13.56,16,"","","","","",""
http://statistics.gov.scot/id/statistical-geography/S02000965,Letham,30.34,31.33,28.92,28.57,27.27,29.87,26.37,24.75,25.44,21.74,15.04,13.86,"","","","","",""
http://statistics.gov.scot/id/statistical-geography/S02000116,Letham and Glamis,7.25,6.67,10.34,8.77,4.84,1.3,4.35,8.2,7.55,8.77,5.45,6.78,"","","","","",""
http://statistics.gov.scot/id/statistical-geography/S02000580,Leuchars and Guardbridge,13.43,9.09,6.78,8.11,8.51,7.84,5.31,6.86,6.8,8.45,6.33,6.17,"","","","","",""
http://statistics.gov.scot/id/statistical-geography/S02000566,Leven East and Bonnybank,13.16,13.95,10.81,6.25,4,9.09,13.16,12.82,13.33,7.5,6.25,0,"","","","","",""
http://statistics.gov.scot/id/statistical-geography/S02000555,Leven North,19.51,20,20.59,23.81,23.4,21.62,17.5,12.2,15.22,15.79,29.73,35.14,"","","","","",""
http://statistics.gov.scot/id/statistical-geography/S02000552,Leven West,29.03,21.21,18.75,16,20.59,25.71,20,18.42,10.87,17.39,14.63,22.86,"","","","","",""
http://statistics.gov.scot/id/statistical-geography/S02000826,"Lhanbryde, Urquhart, Pitgavney and seaward",26,22,12.5,17.07,15.38,20.37,16.36,15.38,10.81,17.5,15.91,16.67,"","","","","",""
http://statistics.gov.scot/id/statistical-geography/S02000342,Liberton East,2.56,2.7,2,2.08,2.13,1.79,1.79,3.23,3.28,3.33,2.33,0,"","","","","",""
http://statistics.gov.scot/id/statistical-geography/S02000346,Liberton West,2.86,3.13,0,0,2.22,5.41,7.5,7.69,5.71,6.9,4.55,5,"","","","","",""
http://statistics.gov.scot/id/statistical-geography/S02000187,Lincluden and Lochside,38.37,42.25,38.27,34.48,35.24,32.38,32.99,30,32.1,30.95,30.95,30.14,"","","","","",""
http://statistics.gov.scot/id/statistical-geography/S02000221,Linlathen and Midcraigie,48.86,48.53,38.24,30.12,26.27,23.02,25,27.74,34.88,32.03,27.5,19.67,"","","","","",""
http://statistics.gov.scot/id/statistical-geography/S02001235,Linlithgow Bridge,3.77,3.51,3.03,1.35,2.63,4.62,6.85,7.46,7.25,5.56,4.35,2.94,"","","","","",""
http://statistics.gov.scot/id/statistical-geography/S02001234,Linlithgow North,1.61,0,0,0,0,0,4.17,5.66,7.27,4.26,2.56,0,"","","","","",""
http://statistics.gov.scot/id/statistical-geography/S02001232,Linlithgow South,4.11,2.82,4.35,6.67,6.9,4,3.92,1.75,1.52,0,4.35,6.06,"","","","","",""
http://statistics.gov.scot/id/statistical-geography/S02001006,Linwood North,29.17,34,32.73,24.19,21.54,21.88,22.73,26,16.98,13.64,8.47,12.28,"","","","","",""
http://statistics.gov.scot/id/statistical-geography/S02001005,Linwood South,22.58,20.34,24.14,29.63,32,31.48,31.58,25.81,25.37,17.46,19.12,14.71,"","","","","",""
http://statistics.gov.scot/id/statistical-geography/S02001111,Little Earnock,13.56,11.43,10.26,11.76,10.89,7.56,5.56,3.31,2.47,1.42,1.39,2.65,"","","","","",""
http://statistics.gov.scot/id/statistical-geography/S02000803,Loanhead,23.53,20.51,17.5,12.2,13.64,8.33,13.51,5.13,6,5,15.15,20,"","","","","",""
http://statistics.gov.scot/id/statistical-geography/S02000147,Loch Awe,11.11,14.29,17.39,12,9.09,3.57,4.35,6.9,6.25,5.41,2.44,4.35,"","","","","",""
http://statistics.gov.scot/id/statistical-geography/S02000722,Loch Ness,10.26,4.55,6.98,7.14,8.82,8.33,2.5,10.2,9.76,11.9,7.32,5.88,"","","","","",""
http://statistics.gov.scot/id/statistical-geography/S02000720,Lochaber East and North,28,20.34,12.28,7.02,8.33,10.17,14.06,10,11.11,5.88,9.26,8.89,"","","","","",""
http://statistics.gov.scot/id/statistical-geography/S02000718,Lochaber West,8.16,6.52,11.32,8.77,7.94,1.79,2.04,7.14,11.63,11.63,5.41,5.71,"","","","","",""
http://statistics.gov.scot/id/statistical-geography/S02000725,Lochalsh,10.81,6.25,11.54,10.53,8.7,3.13,3.13,6.67,21.05,27.78,25,10.53,"","","","","",""
http://statistics.gov.scot/id/statistical-geography/S02000188,Locharbriggs,6.9,6.56,1.92,4.92,5.56,8.64,8.45,12.07,8.51,6.12,0,1.96,"","","","","",""
http://statistics.gov.scot/id/statistical-geography/S02000214,Lochee,31.82,36.67,32.81,23.61,23.91,22.94,21.26,22.95,25.44,30.61,27.78,26.32,"","","","","",""
http://statistics.gov.scot/id/statistical-geography/S02000529,Lochgelly East,31.48,17.86,14.29,14,22.81,19.05,18.92,14.93,12.86,10.45,10.94,9.68,"","","","","",""
http://statistics.gov.scot/id/statistical-geography/S02000525,Lochgelly West and Lumphinnans,21.31,24.14,22.92,23.4,24.49,20.34,27.42,25.81,28.81,22.64,22.22,24.56,"","","","","",""
http://statistics.gov.scot/id/statistical-geography/S02000443,"Lochgreen, Lionthorn and Prospecthill",2.86,0,0,1.56,3.08,4.29,3.28,1.39,0,1.37,1.64,3.77,"","","","","",""
http://statistics.gov.scot/id/statistical-geography/S02000192,Lochmaben and Parkgate,14.71,10,9.09,5,4.88,5.26,9.09,10.26,14.71,12.9,11.43,5.41,"","","","","",""
http://statistics.gov.scot/id/statistical-geography/S02000536,Lochore and Crosshill,20.69,24.56,26.53,33.33,35.71,34.88,33.33,26.53,30,30.61,34.15,27.27,"","","","","",""
http://statistics.gov.scot/id/statistical-geography/S02001070,"Lochside, Braehead and Whitletts",39.74,41.56,40.54,40,37.35,34.48,31.58,30.99,26.87,22.5,23.08,25.25,"","","","","",""
http://statistics.gov.scot/id/statistical-geography/S02000983,Lochwinnoch,9.76,12.12,11.11,15.15,10.81,8.16,2.04,4.35,2.78,7.14,4.17,4.35,"","","","","",""
http://statistics.gov.scot/id/statistical-geography/S02000194,Lockerbie and Mid Annandale,25.53,22,13.46,14.04,16.9,18.57,17.95,18.52,18.48,16.05,12.86,11.29,"","","","","",""
http://statistics.gov.scot/id/statistical-geography/S02001177,Logie,0,5,10,7.69,9.68,8.33,11.11,5.88,6.06,3.03,5.56,6.06,"","","","","",""
http://statistics.gov.scot/id/statistical-geography/S02000202,Logie and Blackness,20,20.27,17.54,13.11,14.67,10,8.62,8.18,8.82,9.89,5.77,6.67,"","","","","",""
http://statistics.gov.scot/id/statistical-geography/S02000144,Lomond Shore,0,5.56,6.45,6.45,3.33,5.56,6.45,3.85,4,6.25,5.26,3.03,"","","","","",""
http://statistics.gov.scot/id/statistical-geography/S02000092,Longside and Rattray,8.33,6.25,8,9.3,7.78,6.9,8.14,8.42,7.84,5.32,6.19,5.05,"","","","","",""
http://statistics.gov.scot/id/statistical-geography/S02000356,Longstone and Saughton Mains,18.92,9.09,20,19.44,22.86,16.22,12.2,5.88,5.56,5.26,11.9,18.42,"","","","","",""
http://statistics.gov.scot/id/statistical-geography/S02000409,Lorne,11.76,13.04,13.51,13.64,6.41,3.49,0.82,2.42,1.99,1.99,0,0,"","","","","",""
http://statistics.gov.scot/id/statistical-geography/S02000830,Lossiemouth East and Seatown,17.65,14,13.51,13.51,13.33,3.03,2.27,3.92,6.45,5.45,8.93,8.51,"","","","","",""
http://statistics.gov.scot/id/statistical-geography/S02000831,Lossiemouth West,8.45,11.94,10,15.52,18.97,20,17.65,17.19,25,23.44,18.06,11.11,"","","","","",""
http://statistics.gov.scot/id/statistical-geography/S02001151,Low Blantyre and Bardykes,11.63,9.76,12.28,12.96,10.34,8.51,6.82,12.82,9.52,17.95,10.87,13.64,"","","","","",""
http://statistics.gov.scot/id/statistical-geography/S02001119,Low Waters,21.74,28.26,34.21,32.43,26.32,22,23.64,22,20,18.75,13.89,13.16,"","","","","",""
http://statistics.gov.scot/id/statistical-geography/S02000178,Lower Annandale and South East Dumfries,14.04,13.21,14.29,14.58,8.47,3.85,1.85,6.12,9.09,7.69,8.06,9.26,"","","","","",""
http://statistics.gov.scot/id/statistical-geography/S02000783,"Lower Bow & Larkfield, Fancy Farm, Mallard Bowl",31,32.18,30.68,32.1,31.33,33.33,32.89,31.58,26.32,21.35,20,14.67,"","","","","",""
http://statistics.gov.scot/id/statistical-geography/S02000191,Lower Nithsdale,12.5,8,7.14,10,13.51,11.43,14.71,12.5,11.43,6.45,4.55,14.29,"","","","","",""
http://statistics.gov.scot/id/statistical-geography/S02000323,Lower Whitecraigs and South Giffnock,0,0,0,0,3.33,6.9,9.09,8.82,6.25,3.85,4.17,4.17,"","","","","",""
http://statistics.gov.scot/id/statistical-geography/S02000121,Lunan,20,9.68,11.11,8.82,9.76,6.98,2.94,0,5.88,5.56,12.2,15.79,"","","","","",""
http://statistics.gov.scot/id/statistical-geography/S02000974,Luncarty and Dunkeld,12.96,10.53,9.43,4.08,0,0,5.26,8.93,10.94,10.91,7.14,5.56,"","","","","",""
http://statistics.gov.scot/id/statistical-geography/S02000100,Macduff,18.52,10.34,8.16,12.73,17.02,32.73,28,23.53,11.11,14.29,15.63,10.17,"","","","","",""
http://statistics.gov.scot/id/statistical-geography/S02000164,Machars South,30.19,32,32.61,30.56,30.3,14.71,18.6,16.28,15.38,14.71,21.21,25,"","","","","",""
http://statistics.gov.scot/id/statistical-geography/S02000442,Maddiston and Rumford,4.11,7.32,9.41,13.95,14.29,15.73,12.05,8.75,6.17,9.64,15.22,12.5,"","","","","",""
http://statistics.gov.scot/id/statistical-geography/S02000374,Marchmont East and Sciennes,4.65,2.44,0,0,0,0,0,0,0,0,0,0,"","","","","",""
http://statistics.gov.scot/id/statistical-geography/S02000371,Marchmont West,2.08,0,0,0,0,0,0,0,0,0,0,0,"","","","","",""
http://statistics.gov.scot/id/statistical-geography/S02000562,Markinch and Star,6.38,10.42,13.16,17.14,8.82,7.14,4.55,6.67,9.26,10.64,11.11,11.43,"","","","","",""
http://statistics.gov.scot/id/statistical-geography/S02000704,Maryhill East,30.61,26.09,28.21,37.14,37.84,38.3,27.78,24.56,14.29,11.32,11.11,11.11,"","","","","",""
http://statistics.gov.scot/id/statistical-geography/S02000700,Maryhill West,29.17,39.71,39.62,41.03,23.33,25.71,34.38,38.24,46.43,29.03,19.44,15.38,"","","","","",""
http://statistics.gov.scot/id/statistical-geography/S02000025,Mastrick,24.56,24.19,21.67,14.29,22.22,24.29,29.17,25.33,25.71,20.27,16.05,15.56,"","","","","",""
http://statistics.gov.scot/id/statistical-geography/S02000239,Mauchline,15.91,17.5,19.15,15.69,15.09,11.86,8.77,12.5,20,24.53,20.41,13.95,"","","","","",""
http://statistics.gov.scot/id/statistical-geography/S02000235,Mauchline Rural,23.53,19.12,9.86,13.51,18.31,15.94,15.19,10,10.75,12.94,14.29,19.48,"","","","","",""
http://statistics.gov.scot/id/statistical-geography/S02000612,Maxwell Park,6.31,5.66,5.17,6.03,6.78,6.5,4.92,3.31,3.6,2.63,1.6,0,"","","","","",""
http://statistics.gov.scot/id/statistical-geography/S02001061,Maybole,22.86,26.83,29.41,26.47,20.69,15,15,11.76,14.67,16.25,17.81,18.84,"","","","","",""
http://statistics.gov.scot/id/statistical-geography/S02000799,Mayfield,26.39,16.13,15.09,21.05,26.09,25.93,22.73,23.53,14.58,17.58,15.48,26.67,"","","","","",""
http://statistics.gov.scot/id/statistical-geography/S02000379,Meadows,6.67,6.67,6.67,5.88,9.8,7.84,6,3.33,3.61,5.05,5.05,5.13,"","","","","",""
http://statistics.gov.scot/id/statistical-geography/S02000050,Mearns North and Inverbervie,8.2,10.53,15.79,10.94,10.45,6.15,6.78,6.25,5.88,6.33,5.48,5.26,"","","","","",""
http://statistics.gov.scot/id/statistical-geography/S02000048,Mearns South and Benholm,12.5,13.16,14.71,12.9,7.69,6.98,13.46,16.67,15.91,7.89,5.41,4.65,"","","","","",""
http://statistics.gov.scot/id/statistical-geography/S02000313,"Mearns Village, Westacres and Greenfarm",2.2,3.23,2.94,3.09,3.13,2.3,3.3,3.53,6.74,5.49,4.08,1.09,"","","","","",""
http://statistics.gov.scot/id/statistical-geography/S02000049,Mearns and Laurencekirk,10.53,10.81,7.32,9.3,7.69,8,8.93,9.09,9.09,4.76,8.96,5.63,"","","","","",""
http://statistics.gov.scot/id/statistical-geography/S02000311,Mearnskirk and South Kirkhill,0,0,0,0,0,4.88,5.26,5.26,0,0,2.38,2.22,"","","","","",""
http://statistics.gov.scot/id/statistical-geography/S02001033,Melrose and Tweedbank area,4.84,6.78,7.02,12.77,16.67,17.54,13.11,9.38,6.45,6.45,3.33,1.79,"","","","","",""
http://statistics.gov.scot/id/statistical-geography/S02000160,Menstrie,13.64,26.92,20,16.67,6.67,5,2.27,0,0,1.54,5.45,5.66,"","","","","",""
http://statistics.gov.scot/id/statistical-geography/S02000205,Menzieshill,39.56,35.44,32,22.58,17.69,20.55,18.66,22.33,14.94,17.72,16.67,16.09,"","","","","",""
http://statistics.gov.scot/id/statistical-geography/S02000360,Merchiston and Greenhill,2.99,1.32,1.52,0,1.75,1.41,1.39,0,0,0,1.18,1.67,"","","","","",""
http://statistics.gov.scot/id/statistical-geography/S02000467,Merchiston and New Carron Village,7.35,5.36,3.77,4,4.26,2.17,4.26,9.09,8.97,9.41,4.94,6.49,"","","","","",""
http://statistics.gov.scot/id/statistical-geography/S02000326,Merrylee and Braidbar,0,1.96,2.08,6.52,5.56,6.98,2.08,3.33,3.17,5,3.51,1.79,"","","","","",""
http://statistics.gov.scot/id/statistical-geography/S02000598,Merrylee and Millbrae,3.45,3.51,1.85,0,2.33,5.26,6.38,5.77,6.45,7.25,6.33,4,"","","","","",""
http://statistics.gov.scot/id/statistical-geography/S02001106,Merryton and Meadowhill,5.56,7.04,10,10.2,6.9,7.14,8.47,10.53,12.96,12.5,13.73,15.56,"","","","","",""
http://statistics.gov.scot/id/statistical-geography/S02000541,Methil Denbeath,14.29,3.57,9.09,10,10.42,11.76,15.69,20.45,17.78,16.28,15.91,17.5,"","","","","",""
http://statistics.gov.scot/id/statistical-geography/S02000546,Methil East,27.27,25.76,25,23.88,25.37,27.14,33.33,34.57,35.71,29.17,19.4,20.27,"","","","","",""
http://statistics.gov.scot/id/statistical-geography/S02000547,Methil Methilhill,25.49,27.08,25.53,32.65,30.65,29.69,27.94,31.34,38.36,37.5,40.54,32.86,"","","","","",""
http://statistics.gov.scot/id/statistical-geography/S02000543,Methil West,39.02,55,61.11,55,43.75,33.33,28.57,24.44,30.23,23.81,20,17.65,"","","","","",""
http://statistics.gov.scot/id/statistical-geography/S02000145,Mid Argyll,6.45,4.35,5.56,4.35,3.57,5.88,9.09,10.71,16,10.53,11.54,8.7,"","","","","",""
http://statistics.gov.scot/id/statistical-geography/S02000196,Mid Nithsdale,16.67,15.15,8.57,8.11,3.13,12.12,15.63,20.59,18.75,17.86,13.33,11.11,"","","","","",""
http://statistics.gov.scot/id/statistical-geography/S02000462,Middlefield,30.77,28.26,19.12,18.29,19.32,25.3,15.38,12.5,14.74,21.15,22.45,17.65,"","","","","",""
http://statistics.gov.scot/id/statistical-geography/S02000023,Midstocket,1.56,1.59,0,1.61,3.28,2.94,1.49,0,1.52,1.49,2.7,1.23,"","","","","",""
http://statistics.gov.scot/id/statistical-geography/S02000951,Milnathort and Crook of Devon,6.38,10.87,10,11.54,8.7,14.29,13.33,13.73,8.7,11.76,6.45,6.67,"","","","","",""
http://statistics.gov.scot/id/statistical-geography/S02000890,Milnwood,24.29,19.72,19.7,20.29,18.18,18.33,14.29,15.25,19.44,19.23,24.68,24.24,"","","","","",""
http://statistics.gov.scot/id/statistical-geography/S02000708,Milton East,47.27,36.21,29.82,23.73,20,22.39,17.74,27.12,25.86,30.16,21.43,21.13,"","","","","",""
http://statistics.gov.scot/id/statistical-geography/S02000701,Milton West,43.48,40,28.57,33.33,32.65,31.37,20,20.34,17.46,14.52,10.45,8.57,"","","","","",""
http://statistics.gov.scot/id/statistical-geography/S02000286,Milton of Campsie,6.82,9.43,9.62,11.54,9.8,11.11,8,8.89,5.26,10.64,14.29,18.37,"","","","","",""
http://statistics.gov.scot/id/statistical-geography/S02000090,Mintlaw,14.71,25.71,21.05,23.68,11.11,13.51,12.2,10.53,7.89,5.26,18.18,21.62,"","","","","",""
http://statistics.gov.scot/id/statistical-geography/S02000197,Moffat and Eskdalemuir,11.11,14.29,17.14,19.05,15,11.11,7.32,5.71,10.53,12.12,15.79,11.43,"","","","","",""
http://statistics.gov.scot/id/statistical-geography/S02000959,Moncrieffe and Friarton,6.12,11.9,11.32,12.5,8.89,12.12,13.16,18.52,20,16.42,11.32,2.44,"","","","","",""
http://statistics.gov.scot/id/statistical-geography/S02000106,Monifieth East,6.78,3.85,5.88,3.28,5.8,2.74,4.62,3.51,4.35,5.26,4.44,4.08,"","","","","",""
http://statistics.gov.scot/id/statistical-geography/S02000105,Monifieth West,9.09,9.52,13.04,6.06,2.17,1.82,5.56,6.67,8.57,3.23,3.33,3.45,"","","","","",""
http://statistics.gov.scot/id/statistical-geography/S02000109,Monikie,3.03,3.85,8.57,6.38,4.11,2.47,3.61,4.17,4.76,5.45,6.12,5.45,"","","","","",""
http://statistics.gov.scot/id/statistical-geography/S02000125,Montrose North,11.11,6.25,14.29,15.52,9.86,4.23,5.56,13.85,21.67,25,20.31,13.64,"","","","","",""
http://statistics.gov.scot/id/statistical-geography/S02000124,Montrose South,18.82,17.95,20,22.37,21.59,22.83,22.35,16.47,13.64,7.61,9.78,7.69,"","","","","",""
http://statistics.gov.scot/id/statistical-geography/S02000927,Moodiesburn East,13.64,11.54,3.39,4.92,6.45,8.82,6.94,4.94,2.41,1.15,5.19,5.19,"","","","","",""
http://statistics.gov.scot/id/statistical-geography/S02000926,Moodiesburn West,13.04,12.28,7.02,12,11.54,13.04,15.07,18.31,15.38,15.52,14.29,16,"","","","","",""
http://statistics.gov.scot/id/statistical-geography/S02000171,Moors,25,22.86,21.62,30.56,33.33,28.21,17.65,13.33,18.18,25.93,20,18.18,"","","","","",""
http://statistics.gov.scot/id/statistical-geography/S02000345,Moredun,39.68,33.9,25,27.66,28.85,27.94,24.66,23.46,20.59,20.34,12.2,8.33,"","","","","",""
http://statistics.gov.scot/id/statistical-geography/S02000357,Morningside,2.5,2.7,4.76,1.85,1.75,1.52,2.6,2.41,1.25,0,0,0,"","","","","",""
http://statistics.gov.scot/id/statistical-geography/S02000334,Mortonhall,6.82,12.5,14.29,8.57,0,2.04,4.08,4.08,2.7,0,0,0,"","","","","",""
http://statistics.gov.scot/id/statistical-geography/S02001110,Mossneuk and Newlandsmuir,14.63,10.64,8.51,8.33,9.62,12.24,15.22,30,24.39,22.86,4.55,7.84,"","","","","",""
http://statistics.gov.scot/id/statistical-geography/S02000621,Mosspark,21.57,25,22.5,26.19,23.53,23.73,25.32,22.22,22.5,14.1,15.58,11.11,"","","","","",""
http://statistics.gov.scot/id/statistical-geography/S02000821,"Mosstodloch, Portgordon and seaward",11.11,19.35,14.81,13.79,6.25,6.25,6.06,6.45,10.71,13.79,16.67,10.2,"","","","","",""
http://statistics.gov.scot/id/statistical-geography/S02000883,Motherwell North,23.08,18.6,19.23,22.45,24.14,28,25.93,25.42,19.44,15.19,14.29,14.71,"","","","","",""
http://statistics.gov.scot/id/statistical-geography/S02000881,Motherwell South,19.05,20.75,24.53,20.83,17.86,25.42,29.51,26.67,11.48,5.77,10.17,13.33,"","","","","",""
http://statistics.gov.scot/id/statistical-geography/S02000882,Motherwell West,27.91,29.79,23.4,26.19,23.68,23.81,19.05,17.07,21.05,18.92,17.02,13.46,"","","","","",""
http://statistics.gov.scot/id/statistical-geography/S02000603,Mount Florida,2.94,2.86,6.45,6.67,8.82,6.85,6.25,3.13,0,0,0.93,0.89,"","","","","",""
http://statistics.gov.scot/id/statistical-geography/S02000623,Mount Vernon North and Sandyhills,3.23,6.45,6.67,6.45,7.69,7.32,6.82,4.44,5.26,6.06,3.7,6.67,"","","","","",""
http://statistics.gov.scot/id/statistical-geography/S02000395,Mountcastle,8.7,4.35,4.35,5.88,0,5.56,6.67,11.76,12.5,10.71,8,5,"","","","","",""
http://statistics.gov.scot/id/statistical-geography/S02000593,Muirend and Old Cathcart,6.12,8.16,7.94,3.23,1.54,0,1.52,4.11,4.11,7.14,5.49,6.45,"","","","","",""
http://statistics.gov.scot/id/statistical-geography/S02001078,Muirhead,13.04,18.6,12.5,13.04,10.34,15,12.5,7.69,4.84,7.94,11.32,14.52,"","","","","",""
http://statistics.gov.scot/id/statistical-geography/S02000419,Muirhouse,58.33,51.82,48.74,41.38,42.15,39.29,38.93,32.08,24.31,17.46,16,19.48,"","","","","",""
http://statistics.gov.scot/id/statistical-geography/S02000876,Muirhouse and Knowetop,8,11.25,8.79,9.78,9.2,9.2,8.64,6.98,8.43,7.14,8.14,7.5,"","","","","",""
http://statistics.gov.scot/id/statistical-geography/S02000967,Muirton,35.19,21.43,18.97,18.33,25,26.53,23.4,17.74,17.65,15.28,9.21,6.76,"","","","","",""
http://statistics.gov.scot/id/statistical-geography/S02000151,"Mull, Iona, Coll and Tiree",6.45,3.7,8.7,4.76,9.52,4,6.67,7.89,11.11,6.12,2.17,4.44,"","","","","",""
http://statistics.gov.scot/id/statistical-geography/S02001208,Murieston,5.15,4.59,2.52,2.44,3.51,4.5,6.19,5.49,7.23,5.48,4.08,0,"","","","","",""
http://statistics.gov.scot/id/statistical-geography/S02000390,Murrayfield and Ravelston,0,2.38,1.92,2.38,0,2.86,2.17,1.89,0,0,0,0,"","","","","",""
http://statistics.gov.scot/id/statistical-geography/S02000952,"Muthill, Greenloaning and Gleneagles",5.13,5,4.55,5,7.89,6.25,2.56,2.5,2.56,2.78,0,7.89,"","","","","",""
http://statistics.gov.scot/id/statistical-geography/S02000750,Nairn East,16.67,21.28,20,20.51,16.33,10.42,7.84,8.47,11.43,16.67,16.22,14.29,"","","","","",""
http://statistics.gov.scot/id/statistical-geography/S02000738,Nairn Rural,5.41,10.81,20,18.75,16.22,14.63,12.2,6,0,4,6.98,7.69,"","","","","",""
http://statistics.gov.scot/id/statistical-geography/S02000749,Nairn West,17.65,19.51,20.59,27.27,16.67,16.67,13.04,16.67,16.33,16.67,14.89,15.91,"","","","","",""
http://statistics.gov.scot/id/statistical-geography/S02001114,Nerston and EK Landward Area,9.43,7.14,2.44,3.45,5.41,10.98,9.76,7.41,6.17,7.06,10.71,7.23,"","","","","",""
http://statistics.gov.scot/id/statistical-geography/S02000325,Netherlee,0,0,0,0,0,0,0,0,0,0,0,2.5,"","","","","",""
http://statistics.gov.scot/id/statistical-geography/S02000469,Nethermains,22.22,20.63,18.75,14.93,10.34,14.81,23.64,21.74,18.07,15.66,13.51,14.81,"","","","","",""
http://statistics.gov.scot/id/statistical-geography/S02000874,Netherton and Kirkhill,15.71,10.67,9.64,11.7,11.58,12.5,11.34,11.54,11.57,11.63,10.08,12.96,"","","","","",""
http://statistics.gov.scot/id/statistical-geography/S02000175,New Abbey,9.38,6.9,7.41,5.26,5.26,0,0,0,0,6.67,6.45,7.69,"","","","","",""
http://statistics.gov.scot/id/statistical-geography/S02000232,New Cumnock,27.27,36.84,36.59,40,25,14.81,17.65,17.65,17.95,22.5,29.41,34.29,"","","","","",""
http://statistics.gov.scot/id/statistical-geography/S02000819,New Elgin East,17.24,22,18.6,22.22,20.37,20,13.56,20.37,25.45,30.95,20,18.18,"","","","","",""
http://statistics.gov.scot/id/statistical-geography/S02000818,New Elgin West,11.76,13.21,13.64,19.57,23.26,21.28,16,11.32,6.67,9.52,17.39,20.41,"","","","","",""
http://statistics.gov.scot/id/statistical-geography/S02000251,New Farm Loch South,17.65,14.29,19.05,15.69,23.4,15.79,27.27,23.33,26.47,25,22.5,19.51,"","","","","",""
http://statistics.gov.scot/id/statistical-geography/S02000094,New Pitsligo,21.88,8,6.25,9.38,20.59,21.88,29.41,16.28,14.29,7.14,9.38,13.89,"","","","","",""
http://statistics.gov.scot/id/statistical-geography/S02000405,New Town East,1.49,1.85,1.75,4.41,2.94,4.35,1.45,4,3.3,3.37,1.19,0,"","","","","",""
http://statistics.gov.scot/id/statistical-geography/S02000398,New Town West,2.17,2.35,1.1,2.17,0.98,1.98,0.95,0.93,0,0,0,0,"","","","","",""
http://statistics.gov.scot/id/statistical-geography/S02000891,Newarthill,22.64,25,19.57,24.32,26.47,30.23,26.83,21.74,16.67,10.42,7.69,8.7,"","","","","",""
http://statistics.gov.scot/id/statistical-geography/S02000796,Newbattle and Dalhousie,3.66,3.57,3.95,5.41,4.23,2.63,2.86,5.71,10.14,10.34,8.51,3.33,"","","","","",""
http://statistics.gov.scot/id/statistical-geography/S02000579,Newburgh,13.79,15.15,13.16,13.16,6.25,7.14,7.89,10.64,8,9.52,11.43,17.14,"","","","","",""
http://statistics.gov.scot/id/statistical-geography/S02001021,Newcastleton and Teviot area,9.09,3.7,8.33,11.11,10.53,5.56,0,0,6.67,7.14,13.33,8.82,"","","","","",""
http://statistics.gov.scot/id/statistical-geography/S02000463,Newlands,14.75,16.36,15.79,12.9,9.38,10.14,14.93,16.67,16.88,13.33,13.33,15,"","","","","",""
http://statistics.gov.scot/id/statistical-geography/S02000596,Newlands,11.11,7.81,7.59,7.59,9.64,7.14,3.49,2.53,7.23,5.56,5.62,2.13,"","","","","",""
http://statistics.gov.scot/id/statistical-geography/S02000070,Newmachar and Fintray,1.59,2.74,3.95,4.17,8.06,7.58,11.11,7.79,5.81,3.53,4.49,3.85,"","","","","",""
http://statistics.gov.scot/id/statistical-geography/S02000875,Newmains,16.67,13.58,19.75,19,20.45,13.58,14.29,14.71,18.6,18.68,20.45,25.29,"","","","","",""
http://statistics.gov.scot/id/statistical-geography/S02000246,Newmilns,15.56,3.03,7.5,22.73,23.64,25.86,19.23,19.05,21.62,21.95,22,20.41,"","","","","",""
http://statistics.gov.scot/id/statistical-geography/S02000582,Newport and Wormit,6.25,9.52,4.88,9.76,9.43,7.81,4.48,3.51,2.56,10.53,10.42,9.09,"","","","","",""
http://statistics.gov.scot/id/statistical-geography/S02001071,Newton North,9.38,8.47,3.39,6.9,11.67,13.33,13.56,7.35,4.92,5.71,8.06,8.93,"","","","","",""
http://statistics.gov.scot/id/statistical-geography/S02000798,Newtongrange,14.67,13.7,15,12.5,10.71,12.07,15.38,14.08,11.84,8.62,7.32,7.69,"","","","","",""
http://statistics.gov.scot/id/statistical-geography/S02000055,Newtonhill,13.16,13.51,8.7,4.26,5.66,4.17,4.88,0,0,0,2.7,2.38,"","","","","",""
http://statistics.gov.scot/id/statistical-geography/S02000457,Newtown,11.63,8.89,4.65,2.7,2.78,3.13,10.64,16.67,15.63,12.73,6,4.76,"","","","","",""
http://statistics.gov.scot/id/statistical-geography/S02000362,Niddrie,41.94,36.67,37.1,29.41,33.8,36.14,32.71,27.78,23.01,22.68,23.19,21.74,"","","","","",""
http://statistics.gov.scot/id/statistical-geography/S02000186,Nithside and Nunholm,26.23,25.35,17.28,16.47,21.98,31.46,29.9,25.74,25,25,22.09,15.38,"","","","","",""
http://statistics.gov.scot/id/statistical-geography/S02000597,Nitshill,38.04,36.14,33.82,34.67,30.12,28.43,26.55,26.67,23.28,21.15,21.24,20.95,"","","","","",""
http://statistics.gov.scot/id/statistical-geography/S02000652,North Barlanark and Easterhouse South,51.67,41.38,47.27,39.39,34.72,30.59,27.71,25,20,25.71,27.27,23.19,"","","","","",""
http://statistics.gov.scot/id/statistical-geography/S02000477,North Broomage and Inches,2.7,1.96,6.67,7.32,10.71,12.2,11.76,10.11,7.37,11.36,7.14,7.14,"","","","","",""
http://statistics.gov.scot/id/statistical-geography/S02000276,North Castlehill and Thorn,0,1.72,1.96,3.85,5.88,18.75,15.79,10,3.23,2.33,0,0,"","","","","",""
http://statistics.gov.scot/id/statistical-geography/S02000327,North Giffnock and North Thornliebank,4.35,4,5.26,3.7,8,6.98,6.38,2.56,4.88,8.33,6.52,6.06,"","","","","",""
http://statistics.gov.scot/id/statistical-geography/S02000795,North Gorebridge,25.93,24.44,27.5,28.21,29.27,25,26.67,19.61,18.75,12.2,10.71,5.56,"","","","","",""
http://statistics.gov.scot/id/statistical-geography/S02000683,North Kelvin,8.64,5.8,1.82,2.56,4.17,2.56,2.5,1.92,0,4.35,3.85,3.41,"","","","","",""
http://statistics.gov.scot/id/statistical-geography/S02000312,North Kirkhill,0,0,0,0,2.63,2.94,3.23,6.9,8.33,7.69,0,0,"","","","","",""
http://statistics.gov.scot/id/statistical-geography/S02000427,North Leith and Newhaven,25.26,20.24,16.67,15.25,13.64,16.42,14.95,14.73,9.8,7.35,5.31,7.32,"","","","","",""
http://statistics.gov.scot/id/statistical-geography/S02001055,North Mainland,24.14,20.83,14.29,12.5,10,8.7,9.09,6.67,6.25,6.67,6.76,4.84,"","","","","",""
http://statistics.gov.scot/id/statistical-geography/S02000971,North Muirton and Old Scone,33.33,27.5,18.75,18.37,18.87,16.22,10.53,15.22,18.33,20,16.36,18,"","","","","",""
http://statistics.gov.scot/id/statistical-geography/S02000481,North Queensferry and Inverkeithing West,5.26,11.11,6.06,5.41,0,4.44,3.77,6.78,13.33,13.43,13.85,9.84,"","","","","",""
http://statistics.gov.scot/id/statistical-geography/S02000809,North Speyside,12.5,11.11,6.9,2.94,5.41,8.7,9.09,12.2,15.38,12.82,13.16,11.43,"","","","","",""
http://statistics.gov.scot/id/statistical-geography/S02001056,North and East Isles,0,8.7,7.69,7.69,3.03,11.43,11.9,12.82,5,4.55,4.26,7.14,"","","","","",""
http://statistics.gov.scot/id/statistical-geography/S02000257,Northern and Irvine Valley Rural,8,7.41,5.88,4.17,4.48,5,6.25,6.06,5.33,4.88,4.82,2.78,"","","","","",""
http://statistics.gov.scot/id/statistical-geography/S02000031,Northfield,34.72,38.27,36.71,31.58,30.86,29.87,32.5,29.35,28.71,26.26,25.74,24.76,"","","","","",""
http://statistics.gov.scot/id/statistical-geography/S02000392,Northfield,12.24,12.5,11.36,10.81,18.42,20,20.75,18.57,12.99,13.43,10.2,13.89,"","","","","",""
http://statistics.gov.scot/id/statistical-geography/S02000439,Northwest Lewis,7.89,16.67,16.13,12.9,8.57,12.5,17.65,25,16.67,13.33,4.65,7.89,"","","","","",""
http://statistics.gov.scot/id/statistical-geography/S02001209,Oakbank,6.9,5.48,7.14,3.9,4,3.85,7.23,6.45,8.08,7.41,8.06,5,"","","","","",""
http://statistics.gov.scot/id/statistical-geography/S02000511,"Oakley, Comrie and Blairhall",35.42,41.18,35.29,27.78,16.33,20.83,25.53,29.63,33.33,30.3,24.59,13.24,"","","","","",""
http://statistics.gov.scot/id/statistical-geography/S02000149,Oban North,12.5,9.09,6.9,10.34,12.5,12.24,10.42,14.63,11.63,12.96,12.31,13.43,"","","","","",""
http://statistics.gov.scot/id/statistical-geography/S02000148,Oban South,21.95,20.29,19.35,16.13,12.9,14.93,21.21,23.08,19.51,13.41,6.9,4.65,"","","","","",""
http://statistics.gov.scot/id/statistical-geography/S02000037,Old Aberdeen,20,14.29,7.41,15.63,22.58,20.59,11.11,6.98,4,3.7,7.55,15.25,"","","","","",""
http://statistics.gov.scot/id/statistical-geography/S02000643,Old Shettleston and Parkhead North,32.5,25.58,34.21,27.91,26.09,15.91,12.77,11.32,10.34,13.56,12.5,13.7,"","","","","",""
http://statistics.gov.scot/id/statistical-geography/S02000393,Old Town and Leith Street,1.96,2.5,2.5,2.86,0,0,0,4.92,4.35,4.72,3.06,4.69,"","","","","",""
http://statistics.gov.scot/id/statistical-geography/S02000044,Oldmachar East,11.86,8.82,10,5.26,2.22,0,4,6.25,5.56,1.96,4.62,6.15,"","","","","",""
http://statistics.gov.scot/id/statistical-geography/S02000045,Oldmachar West,8.24,8.43,10.47,8.25,6.74,3.45,4.82,5.15,5.38,2.2,3.23,3.06,"","","","","",""
http://statistics.gov.scot/id/statistical-geography/S02000888,Orbiston,20.87,26.92,24.21,29.73,25,27.03,22.83,20,19.81,19.42,20.51,22.09,"","","","","",""
http://statistics.gov.scot/id/statistical-geography/S02000870,Overtown,27.85,32.05,29.49,23.08,16.92,15,17.54,15.87,16.67,15.87,19.35,15.79,"","","","","",""
http://statistics.gov.scot/id/statistical-geography/S02000341,Oxgangs and Firrhill,32.31,35.38,27.4,14.29,10.84,13.79,14,11.71,9.17,9.3,13.64,17.78,"","","","","",""
http://statistics.gov.scot/id/statistical-geography/S02001000,Paisley Central,16.03,15.52,17.39,14.17,12.4,6.52,7.09,8.16,11.26,12.18,12.5,12.3,"","","","","",""
http://statistics.gov.scot/id/statistical-geography/S02000989,Paisley Dykebar,8.57,9.09,0,4.08,5.66,7.14,3.7,3.45,3.64,5.36,3.77,4.26,"","","","","",""
http://statistics.gov.scot/id/statistical-geography/S02000997,Paisley East,26.15,31.43,28.99,28.33,28.07,24.19,28.79,21.88,22.95,16.13,15.38,14.04,"","","","","",""
http://statistics.gov.scot/id/statistical-geography/S02001003,Paisley Ferguslie,39.82,39.09,41,36.27,37.11,30,32.38,29.06,28.15,23.62,26.61,23.96,"","","","","",""
http://statistics.gov.scot/id/statistical-geography/S02000987,Paisley Foxbar,28.05,31.08,24.66,34.29,35.29,41.89,33.78,23.46,19.44,24.32,28.17,20.51,"","","","","",""
http://statistics.gov.scot/id/statistical-geography/S02001007,Paisley Gallowhill and Hillington,25.88,23.81,17.07,17.24,21.21,25.74,25,26.73,26,23.4,16.67,18.42,"","","","","",""
http://statistics.gov.scot/id/statistical-geography/S02000986,Paisley Glenburn East,22.95,28.26,21.74,15.91,16,15.69,16.95,12.28,12.07,12.5,12.07,9.8,"","","","","",""
http://statistics.gov.scot/id/statistical-geography/S02000985,Paisley Glenburn West,27.14,23.88,19.4,16.67,21.43,26.67,24.14,35.71,33.33,36.36,17.54,10.91,"","","","","",""
http://statistics.gov.scot/id/statistical-geography/S02001010,Paisley North,18.89,22.09,20.25,17.39,14.75,12.5,10.39,7.37,6.38,10.31,8.91,10.19,"","","","","",""
http://statistics.gov.scot/id/statistical-geography/S02001004,Paisley North East,6.58,10.14,11.76,13.92,8,3.51,2.36,3.25,6.9,8.65,9.89,8.51,"","","","","",""
http://statistics.gov.scot/id/statistical-geography/S02001001,Paisley North West,23.33,25.81,28.81,28.36,25.93,23.33,19.64,14.71,8.57,11.69,9.72,9.23,"","","","","",""
http://statistics.gov.scot/id/statistical-geography/S02001002,Paisley Ralston,5.26,8.82,8.11,6.38,4.17,2.27,2.63,2.38,2.5,2.27,5.13,6.67,"","","","","",""
http://statistics.gov.scot/id/statistical-geography/S02000993,Paisley South,6.15,5.97,6.06,4.62,5.08,6.9,11.32,9.09,5.56,0,0,4.44,"","","","","",""
http://statistics.gov.scot/id/statistical-geography/S02000991,Paisley South East,11.76,9.38,5.17,11.29,17.91,20.59,20,17.65,20.78,18.18,20,15.38,"","","","","",""
http://statistics.gov.scot/id/statistical-geography/S02000990,Paisley South West,7.79,8.22,5.71,6.58,4.05,4.17,5.71,7.94,12.5,8.06,8.33,5.45,"","","","","",""
http://statistics.gov.scot/id/statistical-geography/S02000995,Paisley West,16.54,13.56,12.75,15.74,22.55,18.18,13.64,8.55,10.34,9.91,9.82,6.84,"","","","","",""
http://statistics.gov.scot/id/statistical-geography/S02000353,Parkhead,9.09,5.45,3.85,5.77,5.56,6,8.57,7.41,6.9,4.41,4.26,5.26,"","","","","",""
http://statistics.gov.scot/id/statistical-geography/S02000629,Parkhead East and Braidfauld North,10.61,15.15,25.4,26.15,25,22.22,26.23,21.43,15.38,14.93,15.85,14.47,"","","","","",""
http://statistics.gov.scot/id/statistical-geography/S02000633,Parkhead West and Barrowfield,40.24,41.67,40.96,36.25,27.06,30.23,25,20,13,15.18,15.7,15.97,"","","","","",""
http://statistics.gov.scot/id/statistical-geography/S02000671,Partick,7.69,8.7,3.13,0,0,4.55,9.68,6.52,7.27,4.76,9.23,7.25,"","","","","",""
http://statistics.gov.scot/id/statistical-geography/S02000677,Partickhill and Hyndland,1.35,0,0,0,0,0,0,0,0,0,1.28,1.11,"","","","","",""
http://statistics.gov.scot/id/statistical-geography/S02000871,Pather,16,13.33,10.42,17.39,15.09,13.43,7.79,7.46,12.86,11.69,9.52,6.17,"","","","","",""
http://statistics.gov.scot/id/statistical-geography/S02000794,Pathhead and Rural East Midlothian,3.92,8.89,9.09,8.89,5.13,7.69,5.08,4.55,4.23,5.77,6.82,7.14,"","","","","",""
http://statistics.gov.scot/id/statistical-geography/S02001042,Peebles North,13.95,14.47,9.86,4.84,8.2,12.07,10.77,10.94,9.46,8.82,10.61,6.35,"","","","","",""
http://statistics.gov.scot/id/statistical-geography/S02001041,Peebles South,9.52,7.14,5.71,2.94,3.13,3.33,3.85,4.55,7.41,3.85,4.35,6.67,"","","","","",""
http://statistics.gov.scot/id/statistical-geography/S02000791,Penicuik East,14.29,16.67,19.35,21.21,17.24,20.59,17.07,20.41,15.22,18.92,15.79,12.5,"","","","","",""
http://statistics.gov.scot/id/statistical-geography/S02000792,Penicuik North,10.71,16.67,12.96,17.5,7.89,10.26,10.53,13.89,17.95,15.38,15.79,10.71,"","","","","",""
http://statistics.gov.scot/id/statistical-geography/S02000789,Penicuik Southeast,11.76,9.8,5.56,5.45,7.84,6.9,8.47,10.34,15.22,15.56,9.3,6.06,"","","","","",""
http://statistics.gov.scot/id/statistical-geography/S02000790,Penicuik Southwest,23.81,25,23.08,14.89,5.26,8.57,14.29,11.11,8.51,6.25,9.09,10.81,"","","","","",""
http://statistics.gov.scot/id/statistical-geography/S02000641,Penilee,37.93,42.55,40.74,39.62,39.06,31.08,25.56,18.69,19.44,21.43,20.73,17.86,"","","","","",""
http://statistics.gov.scot/id/statistical-geography/S02000797,Pentland,13.51,16.25,11.59,11.27,5.8,11.54,12.16,16.28,13.54,13.19,12.33,15.79,"","","","","",""
http://statistics.gov.scot/id/statistical-geography/S02000199,Perth Road,12.82,13.89,21.95,25.64,17.31,14.55,10,7.25,4.48,4.55,5,4.84,"","","","","",""
http://statistics.gov.scot/id/statistical-geography/S02000086,Peterhead Bay,13.33,12.82,12.5,9.09,8.82,10,13.16,14.63,14.71,8.57,11.63,15.69,"","","","","",""
http://statistics.gov.scot/id/statistical-geography/S02000088,Peterhead Harbour,21.97,20,19.83,23.08,18.87,21.05,18.8,23.29,20,19.33,18.83,18.25,"","","","","",""
http://statistics.gov.scot/id/statistical-geography/S02000085,Peterhead Links,9.76,7.5,6.15,13.04,11.29,18.97,18.18,25.49,27.78,25,21.88,12.86,"","","","","",""
http://statistics.gov.scot/id/statistical-geography/S02000089,Peterhead Ugieside,8.7,12.73,12.7,12.7,11.86,8.47,8.62,9.43,7.27,8.16,6,9.8,"","","","","",""
http://statistics.gov.scot/id/statistical-geography/S02000910,Petersburn,18.87,21.05,29.55,30.95,20.83,14.58,20.37,29.41,26.92,27.08,22.92,20,"","","","","",""
http://statistics.gov.scot/id/statistical-geography/S02000680,Petershill,19.01,23.68,26.61,27.59,25.74,20.98,19.42,15.2,14.08,14.57,13.37,10.97,"","","","","",""
http://statistics.gov.scot/id/statistical-geography/S02000248,Piersland,19.05,17.95,12.82,13.16,6.52,6.52,7.84,5.77,5.36,1.85,3.7,1.82,"","","","","",""
http://statistics.gov.scot/id/statistical-geography/S02000980,Pitlochry,6.06,3.57,3.57,8.7,10,11.11,10,10,13.16,10,8.51,6.98,"","","","","",""
http://statistics.gov.scot/id/statistical-geography/S02000435,Point,11.76,8.33,8.33,8.57,9.68,15.79,15.56,16,12.5,12.12,13.64,12,"","","","","",""
http://statistics.gov.scot/id/statistical-geography/S02000617,Pollok North and East,39.71,30.3,26.87,30.67,30.38,28.21,18.18,20.73,26.32,31.17,24.62,20,"","","","","",""
http://statistics.gov.scot/id/statistical-geography/S02000608,Pollok South and West,5.43,4.5,5.74,9.52,9.4,8.22,6.2,9.3,9.52,9.29,7.46,8.2,"","","","","",""
http://statistics.gov.scot/id/statistical-geography/S02000602,Pollokshaws,24.73,16.67,18.67,23.44,24.66,18.18,12.79,12.36,11.76,11.25,10,8.54,"","","","","",""
http://statistics.gov.scot/id/statistical-geography/S02000622,Pollokshields East,12.84,9.17,4.95,4.59,4.95,4.35,4.42,4.9,5.56,4.35,2.72,1.29,"","","","","",""
http://statistics.gov.scot/id/statistical-geography/S02000624,Pollokshields West,3.57,4,8.54,10.98,13.64,10.59,9.09,5.06,3.7,6.02,4.55,8.79,"","","","","",""
http://statistics.gov.scot/id/statistical-geography/S02000449,Polmont,7.94,9.43,7.84,5.56,3.39,7.69,5.56,4.55,2.08,1.89,1.43,1.39,"","","","","",""
http://statistics.gov.scot/id/statistical-geography/S02000375,Polwarth,4.94,5.26,3.85,2.9,6,1.85,3.03,2.15,3.57,3.28,2.54,1.12,"","","","","",""
http://statistics.gov.scot/id/statistical-geography/S02000775,"Port Glasgow Mid, East and Central",44.58,43.53,42.47,36.47,34.52,28.72,28.57,29.17,30.21,25,18.75,15.38,"","","","","",""
http://statistics.gov.scot/id/statistical-geography/S02000774,Port Glasgow Upper East,36.54,36.51,34.21,35.53,36.23,26.47,24.62,16.67,18.52,18.31,12.33,12.86,"","","","","",""
http://statistics.gov.scot/id/statistical-geography/S02000776,"Port Glasgow Upper, West and Central",16.13,20,20.55,20.41,20.65,17.89,18.18,16.13,16.16,14.61,12.64,12,"","","","","",""
http://statistics.gov.scot/id/statistical-geography/S02000058,Portlethen,7.61,5.13,8.11,9.09,9.21,8.43,6.02,4.11,3.13,1.54,4.84,3.17,"","","","","",""
http://statistics.gov.scot/id/statistical-geography/S02000396,Portobello,18.06,12.12,12.68,12.28,14.75,13.21,5.97,1.16,3.26,6.25,11.48,7.84,"","","","","",""
http://statistics.gov.scot/id/statistical-geography/S02000172,Portpatrick,27.91,22.5,18.92,13.64,16.33,16,14.81,14.29,13.33,12.7,8.93,9.62,"","","","","",""
http://statistics.gov.scot/id/statistical-geography/S02000097,"Portsoy, Fordyce and Cornhill",3.45,3.45,16.67,21.43,20,14.29,10.71,10.26,7.69,12.5,12.12,10,"","","","","",""
http://statistics.gov.scot/id/statistical-geography/S02000692,Possil Park,40,35.82,33.33,24.59,17.31,21.82,23.29,28.26,24.75,19.63,14.56,11.21,"","","","","",""
http://statistics.gov.scot/id/statistical-geography/S02000949,"Powmill, Cleish and Scotlandwell",6,8.7,7.32,9.38,8,11.54,6.67,3.13,8.57,8.57,12.5,8,"","","","","",""
http://statistics.gov.scot/id/statistical-geography/S02000364,Prestonfield,5,4,2.86,5.88,5.71,6.45,7.89,6.67,7.5,6.25,8,4.17,"","","","","",""
http://statistics.gov.scot/id/statistical-geography/S02001075,Prestwick Airport and Monkton,11.11,7.69,10.53,4.88,8.16,10.42,9.8,10.2,12.07,14.75,14.75,8,"","","","","",""
http://statistics.gov.scot/id/statistical-geography/S02001073,Prestwick East,19.23,18,13.33,9.09,8.7,14.58,16.67,21.74,17.02,9.09,4.76,2.63,"","","","","",""
http://statistics.gov.scot/id/statistical-geography/S02001074,Prestwick West,5.88,0,3.03,6.06,5.56,5,3.03,8.11,9.38,10,3.7,0,"","","","","",""
http://statistics.gov.scot/id/statistical-geography/S02000812,"Rafford, Dallas, Dyke to Dava",0,4.55,3.57,9.68,8.11,12.82,7.69,7.32,2.44,7.14,10.26,10.53,"","","","","",""
http://statistics.gov.scot/id/statistical-geography/S02000981,Rannoch and Aberfeldy,5.41,3.03,5.26,3.13,5.26,7.69,7.55,8.77,6.78,12,14,13.04,"","","","","",""
http://statistics.gov.scot/id/statistical-geography/S02001174,Raploch,38,46.94,47.83,42.86,30.77,19.57,23.91,33.33,34.48,38.46,30.16,26.56,"","","","","",""
http://statistics.gov.scot/id/statistical-geography/S02000369,"Ratho, Gogarburn and Airport",13.46,20,18.42,16.22,14.29,16.67,10.87,9.09,7.55,8.82,3.7,0,"","","","","",""
http://statistics.gov.scot/id/statistical-geography/S02000447,Redding,21.28,20.45,22.22,11.11,13.73,16,21.05,15.38,11.54,5.45,6,8.33,"","","","","",""
http://statistics.gov.scot/id/statistical-geography/S02001013,Renfrew East,6.59,9.46,7.81,7.35,8.45,9.59,10.77,7.81,10.17,7.58,5.97,2.9,"","","","","",""
http://statistics.gov.scot/id/statistical-geography/S02001016,Renfrew North,9.86,12.5,12.96,16.39,13.64,15.87,15.52,15.07,11.11,7.29,8.08,9.26,"","","","","",""
http://statistics.gov.scot/id/statistical-geography/S02001011,Renfrew South,12.28,10.34,8.77,9.84,8.47,5.36,6.15,7.14,10.26,7.94,7.69,7.14,"","","","","",""
http://statistics.gov.scot/id/statistical-geography/S02001014,Renfrew West,20.59,21.05,21.43,20.72,22.95,18.64,18.49,14.02,12.96,9.45,7.86,6.99,"","","","","",""
http://statistics.gov.scot/id/statistical-geography/S02001015,Renfrewshire Rural North and Langbank,15,11.63,10.87,6.38,5.26,8.11,5.26,4.55,0,2.17,4.65,5.26,"","","","","",""
http://statistics.gov.scot/id/statistical-geography/S02000984,Renfrewshire Rural South & Howwood,6.25,4.69,3.45,3.92,8.16,6.12,4.26,0,0,3.23,3.64,8.16,"","","","","",""
http://statistics.gov.scot/id/statistical-geography/S02000403,Restalrig (Loganlea),12.2,5,12.82,19.57,21.74,18.75,17.07,16.36,14.29,9.8,10.53,9.76,"","","","","",""
http://statistics.gov.scot/id/statistical-geography/S02000410,Restalrig and Lochend,31.03,26.32,23.08,22.22,29.41,21.82,17.74,14.47,12.99,8.33,8.47,11.76,"","","","","",""
http://statistics.gov.scot/id/statistical-geography/S02000667,Riddrie and Hogganfield,32.81,35.21,28.95,26.56,29.17,28.81,25.33,22.22,22.99,22.08,24,19.12,"","","","","",""
http://statistics.gov.scot/id/statistical-geography/S02000695,Robroyston and Millerston,5.49,3.03,3.25,3.47,4.2,2.92,2.19,2.22,2.9,2.46,1.71,0,"","","","","",""
http://statistics.gov.scot/id/statistical-geography/S02000274,Rosebank and Waterside,15.79,12.82,14.63,18.42,21.21,13.33,9.09,14.71,16.13,14.71,5.26,2.44,"","","","","",""
http://statistics.gov.scot/id/statistical-geography/S02000098,Rosehearty and Strathbeg,13.33,14.63,13.75,13.48,12.5,13.95,15,14.46,16.28,14.63,15.19,10.81,"","","","","",""
http://statistics.gov.scot/id/statistical-geography/S02000021,Rosemount,7.87,8.7,5.81,6.25,2.67,6.17,4,4.63,1.74,0.94,0,1.5,"","","","","",""
http://statistics.gov.scot/id/statistical-geography/S02000754,Ross and Cromarty Central,10.53,3.03,9.09,8.11,7.89,8.57,10.26,10.26,10,15.38,18.92,11.11,"","","","","",""
http://statistics.gov.scot/id/statistical-geography/S02000757,Ross and Cromarty East,17.02,18.18,12.2,10.53,15.63,17.24,16.67,12.5,15,12.12,9.38,5.56,"","","","","",""
http://statistics.gov.scot/id/statistical-geography/S02000760,Ross and Cromarty North West,21.43,18.52,12,8.33,4.35,11.11,10.34,15.63,8.82,6.25,3.33,3.33,"","","","","",""
http://statistics.gov.scot/id/statistical-geography/S02000751,Ross and Cromarty South West,8,13.64,4.76,8.7,3.85,4.17,0,4,3.7,13.79,15,15,"","","","","",""
http://statistics.gov.scot/id/statistical-geography/S02000486,Rosyth Central,26.67,17.39,12.24,15.22,13.33,16.95,16.13,20,18.18,18.75,18.75,21.57,"","","","","",""
http://statistics.gov.scot/id/statistical-geography/S02000488,Rosyth East,15.91,15.79,22.5,31.71,29.79,18,13.21,9.8,19.61,16,18.64,13.33,"","","","","",""
http://statistics.gov.scot/id/statistical-geography/S02000489,Rosyth North,22.73,16.67,11.11,9.09,13.51,11.76,17.14,11.9,10.87,10,9.8,10,"","","","","",""
http://statistics.gov.scot/id/statistical-geography/S02000482,Rosyth South,19.12,24.56,19.15,15.25,17.19,16.67,16.44,12.82,13.75,13.79,14.61,15.56,"","","","","",""
http://statistics.gov.scot/id/statistical-geography/S02000182,Rotchell and Rosefield,7.14,4.17,4.55,3.03,8.33,12.24,15.56,16.33,18.92,21.88,17.14,15,"","","","","",""
http://statistics.gov.scot/id/statistical-geography/S02000133,Rothesay Town,17.07,18.18,20.93,18.6,16.67,22.5,21.05,22.73,12.5,21.95,23.53,24.53,"","","","","",""
http://statistics.gov.scot/id/statistical-geography/S02000666,"Roystonhill, Blochairn, and Provanmill",28.3,29,27.84,22.77,23.21,20.93,20.61,15.27,12.84,12.42,14.2,14.38,"","","","","",""
http://statistics.gov.scot/id/statistical-geography/S02000688,Ruchill,13.25,7.79,10.34,14,18.52,15.63,14.29,6.94,11.39,11.7,14.75,8.39,"","","","","",""
http://statistics.gov.scot/id/statistical-geography/S02000810,Rural Keith and Strathisla,11.54,12.5,21.21,24.14,21.74,0,4.76,6.45,5.88,5.71,3.57,8.33,"","","","","",""
http://statistics.gov.scot/id/statistical-geography/S02000788,Rural South Midlothian,12.66,13.16,12.5,14.04,10.91,7.84,3.08,2.78,7.89,8.93,12.77,12.12,"","","","","",""
http://statistics.gov.scot/id/statistical-geography/S02000521,Saline and Gowkall,14.29,12.5,10.81,7.89,12.82,7.69,8.11,12.5,18.18,20,10.26,10,"","","","","",""
http://statistics.gov.scot/id/statistical-geography/S02000846,Saltcoats Central,27.59,40.68,48,40.38,20.83,21.15,32.69,32.73,31.67,27.42,30.91,25,"","","","","",""
http://statistics.gov.scot/id/statistical-geography/S02000852,Saltcoats North East,30.61,31.11,33.96,35.71,34.33,37.88,28.81,25,15.15,21.52,20.65,20.27,"","","","","",""
http://statistics.gov.scot/id/statistical-geography/S02000848,Saltcoats North West,16.67,12.2,10.87,6,5.26,6.9,9.09,13.33,13.95,9.52,8.57,3.57,"","","","","",""
http://statistics.gov.scot/id/statistical-geography/S02001164,Sauchenford,27.14,21.33,18.99,21.59,30.59,31.08,23.19,7.79,11.11,14.61,21.35,21.18,"","","","","",""
http://statistics.gov.scot/id/statistical-geography/S02000155,Sauchie,27.06,25.93,26.32,21.13,22.37,19.18,21.51,20.95,22.88,19.09,17.54,11.01,"","","","","",""
http://statistics.gov.scot/id/statistical-geography/S02000968,Scone,13.64,2.7,2.33,2.5,5.13,7.69,15.15,9.52,8.7,5.88,13.79,12.9,"","","","","",""
http://statistics.gov.scot/id/statistical-geography/S02000686,Scotstoun North and East,15.25,13.46,8.33,0,8,12.2,13.33,9.52,5.56,4.48,4.62,9.33,"","","","","",""
http://statistics.gov.scot/id/statistical-geography/S02000684,Scotstoun South and West,27.45,28.3,32.5,36.67,42.11,35.14,28,17.74,15.79,14.04,21.67,14.93,"","","","","",""
http://statistics.gov.scot/id/statistical-geography/S02000758,Seaboard,27.66,30.61,26.92,28.3,24.53,25.53,19.64,21.57,24.14,26.92,20.69,18.52,"","","","","",""
http://statistics.gov.scot/id/statistical-geography/S02000931,Seafar,18.37,21.95,17.5,16.28,21.28,25,24.53,21.31,18.33,16.13,12.73,10.91,"","","","","",""
http://statistics.gov.scot/id/statistical-geography/S02000032,Seaton,24.32,26.67,25.81,23.88,19.12,18.57,17.81,14.46,9,7.53,10.31,14.43,"","","","","",""
http://statistics.gov.scot/id/statistical-geography/S02001030,Selkirk,15.49,14.29,12.68,12.28,17.54,20,21.52,17.5,14.86,11.54,9.64,6.1,"","","","","",""
http://statistics.gov.scot/id/statistical-geography/S02000365,Shandon,4.13,3.6,1.98,1.9,0.92,0.87,0,1.53,3.6,3.85,3.09,0,"","","","","",""
http://statistics.gov.scot/id/statistical-geography/S02000807,Shawfair,15.69,15.56,13.95,14.29,15.69,14.89,15.38,16.07,20.31,22,20.51,8.7,"","","","","",""
http://statistics.gov.scot/id/statistical-geography/S02001161,Shawfield and Clincarthill,16.98,15.69,14,10.42,8.16,4.08,6.25,10.71,10.77,10.14,11.43,13.11,"","","","","",""
http://statistics.gov.scot/id/statistical-geography/S02000900,Shawhead and Whifflet,31.58,32.35,31.58,37.78,37.74,36.96,37.5,29.73,20,9.09,13.33,12.82,"","","","","",""
http://statistics.gov.scot/id/statistical-geography/S02000605,Shawlands East,0,0,2.04,2.38,6.38,8,10.34,6.45,4.62,2.82,2.78,1.2,"","","","","",""
http://statistics.gov.scot/id/statistical-geography/S02000609,Shawlands West,2.7,4.76,3.08,4.05,5.13,6.17,6.41,3.53,2.27,1.04,1,0.98,"","","","","",""
http://statistics.gov.scot/id/statistical-geography/S02000027,Sheddocksley,11.11,12.07,11.43,14.49,12.77,15.56,16.67,17.24,11.76,9.23,4.48,4.92,"","","","","",""
http://statistics.gov.scot/id/statistical-geography/S02001050,Shetland South,13.51,18.75,21.21,16.13,13.51,9.09,9.09,7.69,4.26,5.36,2.94,5.97,"","","","","",""
http://statistics.gov.scot/id/statistical-geography/S02000632,Shettleston North,14.04,16.39,9.09,6.67,8.06,13.56,12.16,16.46,15.22,16.47,9.28,11.46,"","","","","",""
http://statistics.gov.scot/id/statistical-geography/S02000611,Shettleston South,1.56,5.45,9.43,19.3,20.75,21.15,11.32,13.56,8.47,7.41,5.88,7.27,"","","","","",""
http://statistics.gov.scot/id/statistical-geography/S02000441,Shieldhill,6.82,2.94,11.11,12.12,13.89,5.71,2.78,4.55,7.32,11.36,6.67,5.08,"","","","","",""
http://statistics.gov.scot/id/statistical-geography/S02000240,Shortlees,33.33,31.94,36.25,32.14,34.38,29.79,30.59,28.57,32.14,30.77,31.76,32.93,"","","","","",""
http://statistics.gov.scot/id/statistical-geography/S02000894,Shotts,15.38,17.39,18.18,22.22,15.38,10.34,8.77,17.91,27.59,26.15,18.64,14.04,"","","","","",""
http://statistics.gov.scot/id/statistical-geography/S02000670,Sighthill,24.39,21.35,18.82,19.74,20.78,27.55,23.23,20.45,11.9,11.76,11.83,10.61,"","","","","",""
http://statistics.gov.scot/id/statistical-geography/S02000417,Silverknowes and Davidson's Mains,12.2,6.82,4.65,0,6.98,9.76,9.09,2.27,0,0,3.57,4.55,"","","","","",""
http://statistics.gov.scot/id/statistical-geography/S02001127,Silvertonhill,0,0,0,0,2.44,9.38,9.68,17.86,15.15,20.51,14.29,9.09,"","","","","",""
http://statistics.gov.scot/id/statistical-geography/S02000867,Skelmorlie and Rural,0,3.7,3.7,4.17,0,0,0,0,5,5.13,6.06,0,"","","","","",""
http://statistics.gov.scot/id/statistical-geography/S02000745,Skye North East,21.21,22.58,14.71,10.53,3.03,3.33,3.85,6.25,13.64,10.87,10.42,2.7,"","","","","",""
http://statistics.gov.scot/id/statistical-geography/S02000746,Skye North West,3.45,3.7,8.33,11.54,10,18.18,16.67,21.88,9.09,12.82,11.9,16.22,"","","","","",""
http://statistics.gov.scot/id/statistical-geography/S02000724,Skye South,19.51,22.22,19.44,5.88,2.86,2.94,2.7,2.94,9.38,12.12,7.89,5.13,"","","","","",""
http://statistics.gov.scot/id/statistical-geography/S02000110,South Angus,11.43,10.61,2.6,4.71,3.23,3.05,2.24,4.39,4.9,3.57,1.33,2.74,"","","","","",""
http://statistics.gov.scot/id/statistical-geography/S02000271,South Castlehill and Thorn,12.2,13.16,7.69,6.25,11.11,9.52,8.33,3.13,3.33,3.03,6.25,5.88,"","","","","",""
http://statistics.gov.scot/id/statistical-geography/S02000332,South East Bypass,6.02,4.41,2.86,1.67,1.69,0,0,3.45,8.2,11.76,10.26,8,"","","","","",""
http://statistics.gov.scot/id/statistical-geography/S02000363,South Gyle,7.14,7.32,6.33,3.3,2.47,4.82,5.26,3.41,1.04,0,1.35,1.89,"","","","","",""
http://statistics.gov.scot/id/statistical-geography/S02000416,South Leith,6.9,7.69,8.93,8.22,7.59,3.57,3.85,3.53,3.48,2.59,2.7,2.47,"","","","","",""
http://statistics.gov.scot/id/statistical-geography/S02000434,South Lewis,8.33,9.09,4,0,0,9.09,4.55,7.41,3.7,9.52,4.55,4.17,"","","","","",""
http://statistics.gov.scot/id/statistical-geography/S02000429,South Queensferry (East) and Dalmeny,6.33,3.53,4.55,4.26,9.28,11.61,12.5,8.85,10.58,11.63,10.98,6.45,"","","","","",""
http://statistics.gov.scot/id/statistical-geography/S02000430,South Queensferry West,10.29,9.59,5.88,7.25,10.77,6.94,8.45,6.58,12.5,11.11,7.89,3.33,"","","","","",""
http://statistics.gov.scot/id/statistical-geography/S02000808,South Speyside and the Cabrach,23.08,25,22.5,17.5,3.13,4.88,4.35,4.88,7.32,9.68,7.32,2.33,"","","","","",""
http://statistics.gov.scot/id/statistical-geography/S02000324,South Thornliebank and Woodfarm,8.7,8.89,8.82,6.25,6.67,8.33,5.56,7.69,2.08,1.82,1.64,2.27,"","","","","",""
http://statistics.gov.scot/id/statistical-geography/S02000255,Southcraig and Beansburn,3.23,2.94,2.91,3.92,3.6,1.06,1.09,1.1,2.02,1.23,5.48,5.26,"","","","","",""
http://statistics.gov.scot/id/statistical-geography/S02000387,Southside and Canongate,6.76,10.14,8.06,8.93,9.26,13.24,15.38,9.89,4.46,0.87,3.7,6.58,"","","","","",""
http://statistics.gov.scot/id/statistical-geography/S02001152,Spittal,24.44,27.27,26.83,28.57,22.5,23.68,22.73,18.18,14.89,12.77,17.02,19.05,"","","","","",""
http://statistics.gov.scot/id/statistical-geography/S02000691,Springburn,16.95,20.75,18.64,21.54,18.92,13.51,13.43,10.53,10.53,9.3,9.86,11.27,"","","","","",""
http://statistics.gov.scot/id/statistical-geography/S02000694,Springburn East and Cowlairs,15.63,17.74,20.29,15.49,14.52,16.13,17.11,15.29,16.3,18.29,22.58,21.65,"","","","","",""
http://statistics.gov.scot/id/statistical-geography/S02000842,Springside and Rural,16.28,13.95,10.81,10.81,11.63,18.87,15.69,17.46,12.31,13.51,14.29,14.04,"","","","","",""
http://statistics.gov.scot/id/statistical-geography/S02000577,St Andrews Central,9.38,9.68,3.85,4,6.9,5.71,9.52,5.56,5.26,3.7,3.45,4.35,"","","","","",""
http://statistics.gov.scot/id/statistical-geography/S02000578,St Andrews North and Strathkinness,0,0,0,0,0,5.41,5.71,6.45,0,0,6.67,14.29,"","","","","",""
http://statistics.gov.scot/id/statistical-geography/S02000576,St Andrews South East,19.44,20,22.5,19.23,13.11,5.45,1.92,2,1.69,8.16,14.29,24,"","","","","",""
http://statistics.gov.scot/id/statistical-geography/S02000572,St Andrews South West,10.53,21.05,29.41,14.81,6.82,1.89,1.92,2.27,6.82,10.81,8.82,3.7,"","","","","",""
http://statistics.gov.scot/id/statistical-geography/S02001031,St Boswells and Newtown area,15,6.06,10.26,12.5,18.6,16.67,14.04,8.2,5.26,4.08,9.76,10.53,"","","","","",""
http://statistics.gov.scot/id/statistical-geography/S02001126,St Leonards North,3.85,4.65,4.65,13.21,13.85,12.68,6.35,8.93,10.64,10.26,13.04,8.62,"","","","","",""
http://statistics.gov.scot/id/statistical-geography/S02001121,St Leonards South,9.68,7.41,9.43,9.43,8.93,8,9.62,15.22,15.22,10.91,10.71,9.68,"","","","","",""
http://statistics.gov.scot/id/statistical-geography/S02000558,St Monans and Pittenweem,10.34,6.45,11.11,4,4.55,10,9.38,11.43,3.57,4,4,2.94,"","","","","",""
http://statistics.gov.scot/id/statistical-geography/S02000320,Stamperland,5.63,1.56,0,1.96,1.89,3.45,2.94,5.08,3.33,1.69,0,1.89,"","","","","",""
http://statistics.gov.scot/id/statistical-geography/S02000889,Stane,29.79,30.43,25,28.57,28.21,35.9,28.26,23.21,19.05,17.24,15.22,10,"","","","","",""
http://statistics.gov.scot/id/statistical-geography/S02000975,Stanley and Murthly,6.82,6.12,6,7.32,9.09,12.2,15.09,13.21,8.47,7.55,12.96,13.95,"","","","","",""
http://statistics.gov.scot/id/statistical-geography/S02001224,Starlaw,22.73,20.24,18.81,17.86,12.5,8.4,8.55,9.8,7.27,6.74,11.43,25,"","","","","",""
http://statistics.gov.scot/id/statistical-geography/S02000367,Stenhouse,15.15,9.84,9.09,9.84,12.7,15.79,19.15,15.45,12.39,7.78,10,11.94,"","","","","",""
http://statistics.gov.scot/id/statistical-geography/S02000472,Stenhousemuir East,7.69,12.77,11.63,11.36,4.65,7.69,5.17,4.55,2.9,5.8,6.56,9.26,"","","","","",""
http://statistics.gov.scot/id/statistical-geography/S02000475,Stenhousemuir West,10,13.33,22.22,19.05,20,14.29,18.97,20,23.08,20.93,15.79,15.38,"","","","","",""
http://statistics.gov.scot/id/statistical-geography/S02000923,Stepps,6.76,7.14,10.45,11.11,8.08,4.55,4.17,4.04,7.61,8.14,8.97,6.58,"","","","","",""
http://statistics.gov.scot/id/statistical-geography/S02000844,Stevenston Ardeer,24,27.66,21.43,20,20.45,22.45,29.79,32.61,41.03,44.9,34.78,26.53,"","","","","",""
http://statistics.gov.scot/id/statistical-geography/S02000850,Stevenston Hayocks,23.88,22.08,25.76,32.84,29.23,27.94,25,21.92,22.37,27.4,35.82,34.92,"","","","","",""
http://statistics.gov.scot/id/statistical-geography/S02000847,Stevenston North West,18.6,23.81,19.15,26,19.64,29.09,22.41,22.64,12.77,18.18,16.28,17.5,"","","","","",""
http://statistics.gov.scot/id/statistical-geography/S02001135,Stewartfield East,4.65,5.13,6.45,10,0,4,4,5.26,0,0,4.35,4.17,"","","","","",""
http://statistics.gov.scot/id/statistical-geography/S02001131,Stewartfield West,8.2,6.15,7.14,5.88,6.9,8.33,8.77,11.86,7.89,10,5.41,6.98,"","","","","",""
http://statistics.gov.scot/id/statistical-geography/S02000259,Stewarton East,8.06,9.26,11.32,11.76,13.21,10.53,10.91,13.56,20,18.18,14.06,8.62,"","","","","",""
http://statistics.gov.scot/id/statistical-geography/S02000258,Stewarton West,39.47,34.48,24.14,14.29,13.33,11.54,23.08,24.14,19.35,10,13.33,12.24,"","","","","",""
http://statistics.gov.scot/id/statistical-geography/S02001169,Stirling East,7.55,9.28,8.89,11.46,10.75,9.57,8.05,7.87,9.41,10,7.69,8.45,"","","","","",""
http://statistics.gov.scot/id/statistical-geography/S02000208,Stobswell,23.36,27.36,35,27.36,19.01,13.38,14.74,14.56,14.57,16.46,18.67,16.37,"","","","","",""
http://statistics.gov.scot/id/statistical-geography/S02000404,Stockbridge,0.83,0,0,0,0,1.1,0.88,3.03,2.68,2.88,0.83,0,"","","","","",""
http://statistics.gov.scot/id/statistical-geography/S02000028,Stockethill,18.84,16.9,13.64,17.74,16.07,18.03,14.29,14.81,13,9.18,7.77,6.59,"","","","","",""
http://statistics.gov.scot/id/statistical-geography/S02000052,Stonehaven North,3.45,4.29,1.98,3,2,3.75,6.49,7.14,7.69,4.41,5,7.02,"","","","","",""
http://statistics.gov.scot/id/statistical-geography/S02000051,Stonehaven South,9.09,12.96,12.07,12.9,9.59,5.33,6.67,6.25,8.06,2.9,2.5,4.82,"","","","","",""
http://statistics.gov.scot/id/statistical-geography/S02001092,Stonehouse,9.57,11.54,10.13,14.29,11.59,13.85,11.11,16.25,14.47,16.88,17.65,18.92,"","","","","",""
http://statistics.gov.scot/id/statistical-geography/S02000436,Stornoway East,16.67,18.18,10.53,7.5,4.76,6.25,7.14,9.84,10,10.2,9.76,14.71,"","","","","",""
http://statistics.gov.scot/id/statistical-geography/S02000437,Stornoway West,13.04,13.73,11.36,10.26,9.68,12.5,10.64,12.28,8.93,17.31,15.38,18.52,"","","","","",""
http://statistics.gov.scot/id/statistical-geography/S02000169,Stranraer Central,28,30.56,29.23,29.03,34.33,31.25,32.95,25.58,23.26,22.09,20.78,24.29,"","","","","",""
http://statistics.gov.scot/id/statistical-geography/S02000170,Stranraer West,35.94,27.78,30,27.27,33.93,39.29,35.48,32.81,27.12,23.33,17.46,19.4,"","","","","",""
http://statistics.gov.scot/id/statistical-geography/S02001094,Strathaven North,2.78,0,0,0,3.57,3.57,8.57,6.06,5.13,0,0,4,"","","","","",""
http://statistics.gov.scot/id/statistical-geography/S02001089,Strathaven South,1.45,1.33,4.23,7.04,14.55,11.86,12.07,11.29,14.81,13.73,13.04,8.51,"","","","","",""
http://statistics.gov.scot/id/statistical-geography/S02000614,Strathbungo,5.13,3.68,1.75,1.71,2.46,5.56,6.2,9.86,8.19,7.45,5.76,6.98,"","","","","",""
http://statistics.gov.scot/id/statistical-geography/S02001167,Strathendrick,1.89,4.26,5.77,5.77,3.7,1.96,3.45,5.45,5.88,2.22,0,3.51,"","","","","",""
http://statistics.gov.scot/id/statistical-geography/S02000946,"Stromness, Sandwick and Stenness",12.5,25,36,40.74,18.75,10,6.25,8,14.29,12.12,11.43,5.56,"","","","","",""
http://statistics.gov.scot/id/statistical-geography/S02001097,Strutherhill,22.22,18.97,23.91,16.33,25,19.15,21.15,19.12,20.63,21.67,23.08,21.43,"","","","","",""
http://statistics.gov.scot/id/statistical-geography/S02000020,Summerhill,20.69,20.41,24.14,16.98,15.25,13.85,21.31,22.81,28.57,20.37,19.12,14.1,"","","","","",""
http://statistics.gov.scot/id/statistical-geography/S02000713,Summerston Central and West,16.44,14.75,16.33,16.22,14.29,12.5,10.2,10.91,9.09,7.94,3.28,4.62,"","","","","",""
http://statistics.gov.scot/id/statistical-geography/S02000710,Summerston North,25.42,25.49,13.04,17.02,13.51,20.59,16.13,26.32,21.74,21.88,16.46,17.72,"","","","","",""
http://statistics.gov.scot/id/statistical-geography/S02000185,Summerville,26.67,23.29,27.5,22.99,21.33,22.62,25.97,32.5,25,19.74,16.67,14.29,"","","","","",""
http://statistics.gov.scot/id/statistical-geography/S02000916,Sunnyside and Cliftonville,13.86,16.3,14.77,14.1,12.35,13.89,12.16,13.51,6.17,11.54,12.66,16.47,"","","","","",""
http://statistics.gov.scot/id/statistical-geography/S02000762,Sutherland East,21.95,18.92,17.95,20,25.81,22.86,21.88,10.26,13.89,10.81,13.89,14.63,"","","","","",""
http://statistics.gov.scot/id/statistical-geography/S02000764,Sutherland North and West,3.23,4.35,6.9,12.5,20,25.93,24,17.39,13.64,8.7,8,4.17,"","","","","",""
http://statistics.gov.scot/id/statistical-geography/S02000761,Sutherland South,26.47,16.67,20.51,15.79,15.15,13.51,10.64,14,11.32,14,9.09,9.43,"","","","","",""
http://statistics.gov.scot/id/statistical-geography/S02000759,Tain,17.78,18.87,25.53,26.09,25,22.92,18.52,20.41,15.91,17.78,15.69,20.34,"","","","","",""
http://statistics.gov.scot/id/statistical-geography/S02000455,Tamfourhill,13.73,9.52,11.54,13.04,3.23,11.11,12.24,20.41,18.92,18.42,12.82,17.95,"","","","","",""
http://statistics.gov.scot/id/statistical-geography/S02000583,Tayport,22.64,17.24,15.15,10.67,10.29,13.64,12.7,12.5,12.24,17.78,16,12.96,"","","","","",""
http://statistics.gov.scot/id/statistical-geography/S02001179,Teith Valley,3.33,0,0,0,2.7,6.25,12.5,12.12,10,9.68,11.11,10.26,"","","","","",""
http://statistics.gov.scot/id/statistical-geography/S02000217,The Glens,25,27.4,24.64,24.66,20,16.84,14.85,16.67,19.39,18.37,18.69,18.81,"","","","","",""
http://statistics.gov.scot/id/statistical-geography/S02000349,The Inch,34.21,29.27,14.89,14.75,20.29,25,20.27,17.65,17.5,17.14,10.96,10.53,"","","","","",""
http://statistics.gov.scot/id/statistical-geography/S02001117,The Murray,6.98,4.26,8.11,13.89,18.18,16.22,13.64,12.2,8.7,4.44,6.25,8.51,"","","","","",""
http://statistics.gov.scot/id/statistical-geography/S02000539,Thornton and Kinglassie,20.45,23.08,15,17.5,20.45,17.65,24.14,22.22,23.44,13.24,11.54,10.53,"","","","","",""
http://statistics.gov.scot/id/statistical-geography/S02001124,"Thorntonhall, Jackton and Gardenhall",3.57,5.41,4.88,5,3.57,3.85,0,0,3.33,5.88,7.14,4.84,"","","","","",""
http://statistics.gov.scot/id/statistical-geography/S02000806,Thornybank,20,20.83,23.53,26.67,28.26,22.22,17.91,15.28,13.33,15.56,18.42,17.95,"","","","","",""
http://statistics.gov.scot/id/statistical-geography/S02000920,Thrashbush,21.59,23.6,27.27,24.64,21.43,18.29,15.56,15.38,14.44,12.94,14.29,16.22,"","","","","",""
http://statistics.gov.scot/id/statistical-geography/S02000769,Thurso East,17.5,15.91,12.5,13.64,12.12,14.81,22.22,21.62,25.64,26.09,25,21.95,"","","","","",""
http://statistics.gov.scot/id/statistical-geography/S02000770,Thurso West,23.53,24.59,25.45,18.64,19.67,18.33,21.15,16.67,16,17.95,16.18,15.94,"","","","","",""
http://statistics.gov.scot/id/statistical-geography/S02000163,Tillicoultry,16.13,13.33,16.95,19.61,17.54,14.52,13.11,17.65,30.77,29.63,25,8.62,"","","","","",""
http://statistics.gov.scot/id/statistical-geography/S02000036,Tillydrone,42.17,44.87,48.1,41.18,38.96,31.71,27.68,20.13,18.24,17.29,19.19,15.79,"","","","","",""
http://statistics.gov.scot/id/statistical-geography/S02000385,Tollcross,9.59,7.81,5.26,3.64,3.51,5.17,3.13,4.05,0.88,2.24,2.27,3.06,"","","","","",""
http://statistics.gov.scot/id/statistical-geography/S02000630,Tollcross,21.62,24.32,26.03,28.57,29.11,25.68,23.38,17.39,14.29,9.09,8.7,12.99,"","","","","",""
http://statistics.gov.scot/id/statistical-geography/S02001171,Torbrex,0,0,2.22,4.26,5.26,3.57,0,3.45,3.13,3.57,0,2.94,"","","","","",""
http://statistics.gov.scot/id/statistical-geography/S02000278,Torrance and Balmore,15.38,20.69,15.38,18.18,9.09,6.45,6.67,10,14.29,8,4.55,4.76,"","","","","",""
http://statistics.gov.scot/id/statistical-geography/S02000015,Torry East,39.51,40.96,41.46,36.36,28.72,24.69,25.3,22.62,19,15.53,18.95,23.81,"","","","","",""
http://statistics.gov.scot/id/statistical-geography/S02000012,Torry West,22.32,30.21,32.97,28.4,17.5,18.18,20.35,20.59,17.48,13.7,12.03,8.76,"","","","","",""
http://statistics.gov.scot/id/statistical-geography/S02000610,Toryglen and Oatlands,34.57,37.5,31.11,24.49,21.15,22.22,21.28,25.77,21.82,21.05,16.67,16.19,"","","","","",""
http://statistics.gov.scot/id/statistical-geography/S02001172,Town Centre,9.52,12.12,9.59,9.09,10.45,10.96,12.16,7.59,9.59,9.2,12.36,9.88,"","","","","",""
http://statistics.gov.scot/id/statistical-geography/S02000919,Townhead,24.66,23.94,23.17,20.2,18.45,15.46,18.18,18.8,20.97,18.9,16.51,13.54,"","","","","",""
http://statistics.gov.scot/id/statistical-geography/S02000425,Trinity,1.72,3.17,1.54,2.94,3.08,4.62,2.94,1.37,0,0,0,0,"","","","","",""
http://statistics.gov.scot/id/statistical-geography/S02001077,Troon,7.02,4.84,7.27,6.98,9.52,6.82,3.57,7.55,9.62,9.8,8.51,7.41,"","","","","",""
http://statistics.gov.scot/id/statistical-geography/S02000159,Tullibody North and Glenochil,37.04,31.37,30.77,22.22,23.81,20.55,24.14,20.22,19.05,18.18,17.98,21.88,"","","","","",""
http://statistics.gov.scot/id/statistical-geography/S02000156,Tullibody South,20,22.95,20.9,23.08,17.28,15.85,9.09,14.1,13.51,16.42,14.67,15.28,"","","","","",""
http://statistics.gov.scot/id/statistical-geography/S02000091,Turriff,4.41,5.88,3.45,4.08,5.13,6.25,5.26,8.2,5.88,7.81,4.92,10,"","","","","",""
http://statistics.gov.scot/id/statistical-geography/S02000283,Twechar and Harestanes East,18,18.75,11.63,17.5,14.63,17.07,11.9,17.78,24.49,26,16.98,13.64,"","","","","",""
http://statistics.gov.scot/id/statistical-geography/S02001155,Uddingston and Gardenside,13.43,9.52,13.46,8.33,6.45,5.13,5.63,10,9.09,6.35,1.85,6.06,"","","","","",""
http://statistics.gov.scot/id/statistical-geography/S02001230,Uphall,7.5,13.16,13.64,15.22,13.73,10.53,9.23,4.23,6.49,5.17,9.76,4.76,"","","","","",""
http://statistics.gov.scot/id/statistical-geography/S02000198,Upper Nithsdale,28.79,23.33,20.37,19.35,20.59,22.54,21.13,24.59,19.64,26.92,24.49,25.93,"","","","","",""
http://statistics.gov.scot/id/statistical-geography/S02000501,"Valleyfield, Culross and Torryburn",19.61,20.37,18.52,16.95,14.06,18.84,21.43,20.29,16.88,13.43,22.03,23.91,"","","","","",""
http://statistics.gov.scot/id/statistical-geography/S02001149,Vicarland and Cairns,29.07,25.71,26.23,28,21.43,21.57,13.7,18.29,12.66,13.11,3.57,5.26,"","","","","",""
http://statistics.gov.scot/id/statistical-geography/S02000682,Victoria Park,3.13,0,0,0,0,0,0,0,0,0,0,0,"","","","","",""
http://statistics.gov.scot/id/statistical-geography/S02000963,"Viewlands, Craigie and Wellshill",6.19,6.9,6.58,6.56,6.78,9.8,7.79,7.59,6.93,10.59,10.23,12,"","","","","",""
http://statistics.gov.scot/id/statistical-geography/S02000899,Viewpark,24.36,25.29,31.71,26.92,26.87,18.99,15.46,17.35,18.95,22.62,15.85,18.06,"","","","","",""
http://statistics.gov.scot/id/statistical-geography/S02000939,Village and Castlecary,14.55,9.8,8.16,2.22,6.82,13.64,19.51,15,17.65,15.38,13.64,10.2,"","","","","",""
http://statistics.gov.scot/id/statistical-geography/S02001175,Wallace,31.58,27.5,19.61,20.34,17.46,15.25,14.75,12.7,8.93,5.45,4.29,5.56,"","","","","",""
http://statistics.gov.scot/id/statistical-geography/S02000428,Waterfront and Granton,37.11,32.56,27.38,25,26.21,26.13,19.47,15.56,16.08,19.12,19.83,20,"","","","","",""
http://statistics.gov.scot/id/statistical-geography/S02000537,Wemyss,20.69,22.92,26.09,22.22,14.29,14.58,19.61,22.45,29.41,26,20,10,"","","","","",""
http://statistics.gov.scot/id/statistical-geography/S02000321,West Arthurlie and North Neilston,17.31,11.11,9.26,8.77,9.38,8.7,9.23,13.43,13.56,15.38,14.29,16,"","","","","",""
http://statistics.gov.scot/id/statistical-geography/S02000777,"West Braeside, East Inverkip and West Gourock",18.97,25,22.45,20,17.31,17.19,14.29,10.96,6.9,8.89,7.14,13.33,"","","","","",""
http://statistics.gov.scot/id/statistical-geography/S02001203,West Calder,6.52,7.5,8.7,13.95,11.76,10.91,14,15.38,12.07,7.14,2.08,3.7,"","","","","",""
http://statistics.gov.scot/id/statistical-geography/S02000285,West Clober and Mains Estate,8.16,2.78,4.35,5.88,7.69,11.11,5,5.26,0,0,3.57,3.45,"","","","","",""
http://statistics.gov.scot/id/statistical-geography/S02000019,West End North,8.51,6.38,2.33,2.38,2.33,0,2.17,1.89,1.64,1.59,1.72,1.72,"","","","","",""
http://statistics.gov.scot/id/statistical-geography/S02000017,West End South,1.72,1.64,0.9,0.96,2.04,1.9,0.91,0,0.81,0.81,1.54,0.74,"","","","","",""
http://statistics.gov.scot/id/statistical-geography/S02000210,West Ferry,5.26,4.35,7.14,3.13,3.13,0,0,0,0,13.04,10,13.79,"","","","","",""
http://statistics.gov.scot/id/statistical-geography/S02000858,West Kilbride and Seamill,8.33,4.65,4.65,4.35,4,0,2.08,10.42,13.73,13.46,9.8,7.55,"","","","","",""
http://statistics.gov.scot/id/statistical-geography/S02000944,West Kirkwall,8.11,10.81,11.36,20.75,15.79,17.24,9.84,10.34,8.33,10,10,13.04,"","","","","",""
http://statistics.gov.scot/id/statistical-geography/S02001040,West Linton and Broughton area,3.13,4.92,5.08,6.35,2.9,2.99,3.13,4.62,5,3.77,2.27,2.38,"","","","","",""
http://statistics.gov.scot/id/statistical-geography/S02000948,West Mainland,12.82,15.15,6.25,5.56,0,2.22,7.14,5.36,6.12,1.85,5,2.63,"","","","","",""
http://statistics.gov.scot/id/statistical-geography/S02001125,West Mains,5.13,14.89,15.56,18.92,19.05,18.75,13.89,13.95,7.32,11.11,11.63,15.38,"","","","","",""
http://statistics.gov.scot/id/statistical-geography/S02000314,West Neilston and Uplawmoor,16.22,12.35,10.84,16.9,17.19,16.67,13.43,17.11,14.29,13.64,8.93,12,"","","","","",""
http://statistics.gov.scot/id/statistical-geography/S02000422,West Pilton,34.02,31.91,26.47,23.42,21.19,16.79,15.97,14.86,15.93,13.58,12.59,10.83,"","","","","",""
http://statistics.gov.scot/id/statistical-geography/S02000224,West Pitkerro,3.7,5.19,5.13,5.38,4.67,6.2,5.8,6.77,7.25,10.48,10.57,7.53,"","","","","",""
http://statistics.gov.scot/id/statistical-geography/S02001157,Westburn and Newton,17.19,10.67,11.11,14.81,14.29,13.68,15.04,16.1,20.18,16.07,17.95,11.94,"","","","","",""
http://statistics.gov.scot/id/statistical-geography/S02000200,Westend,7.81,7.14,3.33,1.59,0,2.56,2.94,6.56,5.26,5.56,2.35,0,"","","","","",""
http://statistics.gov.scot/id/statistical-geography/S02000220,Western Edge,4.17,3.45,4,6.94,5.1,4.35,2.33,3.95,2.53,3.75,2.7,5.8,"","","","","",""
http://statistics.gov.scot/id/statistical-geography/S02000966,Western Edge,5.19,7.61,7.14,4.11,1.89,6.25,5.56,4.69,2.9,4.48,4.29,4.62,"","","","","",""
http://statistics.gov.scot/id/statistical-geography/S02001176,Western Villages,3.57,0,6.45,8.82,9.68,3.23,0,0,3.13,3.33,12.5,13.04,"","","","","",""
http://statistics.gov.scot/id/statistical-geography/S02000263,Westerton East,8.7,4,5,0,0,0,0,0,0,0,0,0,"","","","","",""
http://statistics.gov.scot/id/statistical-geography/S02000265,Westerton West,10.34,23.81,26.32,21.43,15.38,14.29,13.04,11.11,12.5,10.71,9.68,3.13,"","","","","",""
http://statistics.gov.scot/id/statistical-geography/S02000930,Westfield,11.9,9.09,6.25,7.22,6.67,5.41,2.63,6.09,10.62,11.72,7.64,6.16,"","","","","",""
http://statistics.gov.scot/id/statistical-geography/S02001228,Westfield,20,12,13.33,9.38,5.56,4.17,6.78,6.9,9.8,11.9,12.82,11.11,"","","","","",""
http://statistics.gov.scot/id/statistical-geography/S02000063,Westhill Central,5.17,4.41,2.82,1.54,1.89,2.17,4.17,4.26,6.38,6.82,4.44,2.17,"","","","","",""
http://statistics.gov.scot/id/statistical-geography/S02000064,Westhill North and South,0,0,0,0,0,4.35,4.44,4.26,0,0,2.13,3.92,"","","","","",""
http://statistics.gov.scot/id/statistical-geography/S02001123,Westwood East,9.52,15,13.89,13.89,15.38,18.75,21.57,14,8.89,6,8.33,10,"","","","","",""
http://statistics.gov.scot/id/statistical-geography/S02001116,Westwood South,20.29,22.73,21.21,19.12,13.89,12.99,11.11,8.64,10.94,12.07,18.87,15,"","","","","",""
http://statistics.gov.scot/id/statistical-geography/S02000134,Whiskey Isles,8,12.2,15.56,16.67,15.38,16,17.65,20.69,24,17.86,13.04,10.34,"","","","","",""
http://statistics.gov.scot/id/statistical-geography/S02001207,Whitburn Central,26.79,28.33,26.56,24.66,22.08,16.25,13.75,12.5,15.66,16.67,19.4,18.75,"","","","","",""
http://statistics.gov.scot/id/statistical-geography/S02000316,Whitecraigs and Broom,9.09,14.29,9.52,10,0,0,0,0,0,0,0,0,"","","","","",""
http://statistics.gov.scot/id/statistical-geography/S02001142,Whitehill,18.18,26.67,34.69,37.5,31.58,26.23,19.4,14.49,13.89,15.28,16.42,13.79,"","","","","",""
http://statistics.gov.scot/id/statistical-geography/S02001108,Whitehills West,18.75,25.64,30.77,26.92,25.93,21.28,28.3,26.98,22.58,11.67,9.84,10.94,"","","","","",""
http://statistics.gov.scot/id/statistical-geography/S02000673,Whiteinch,7.69,9.09,7.5,7.41,10,14.29,10.2,13.11,14.52,14.06,9.68,5.71,"","","","","",""
http://statistics.gov.scot/id/statistical-geography/S02000226,Whitfield,44.25,40,33.33,28.57,24.24,22.46,28.4,35.92,40,32.43,26.21,27.06,"","","","","",""
http://statistics.gov.scot/id/statistical-geography/S02001148,Whitlawburn and Greenlees,25.42,22.03,23.08,21.21,20.83,14.86,15.56,15.05,18.09,16.28,13.54,11.34,"","","","","",""
http://statistics.gov.scot/id/statistical-geography/S02000766,Wick North,19.51,18.18,28.95,21.05,25,17.65,16.18,15.87,16.92,25,26.32,22.45,"","","","","",""
http://statistics.gov.scot/id/statistical-geography/S02000765,Wick South,29.82,27.59,21.82,20.97,28.33,38.18,40,30.91,35.09,31.15,36.23,29.73,"","","","","",""
http://statistics.gov.scot/id/statistical-geography/S02000319,Williamwood,0,0,0,0,0,0,0,0,0,0,2.63,2.78,"","","","","",""
http://statistics.gov.scot/id/statistical-geography/S02000382,Willowbrae and Duddingston Village,5.49,1.35,2.41,4.71,5.81,3.66,1.87,2.5,3.33,3.41,1.64,0,"","","","","",""
http://statistics.gov.scot/id/statistical-geography/S02001233,Winchburgh,20.9,18.75,16.13,14.29,15,15.28,24.29,20.83,16,4.48,3.64,3.57,"","","","","",""
http://statistics.gov.scot/id/statistical-geography/S02000550,Windygates and Coaltown,7.14,5,2.94,4.65,7.14,6.25,6.82,10,7.55,12.5,6.82,10.53,"","","","","",""
http://statistics.gov.scot/id/statistical-geography/S02000872,Wishaw East,10.34,15,11.67,15.25,16.13,19.15,18.87,15.69,10.53,12.5,10.71,11.32,"","","","","",""
http://statistics.gov.scot/id/statistical-geography/S02000877,Wishaw North,17.95,15.48,17.07,14.29,15.38,20.37,19.64,16.67,11.39,12.66,14.29,11.54,"","","","","",""
http://statistics.gov.scot/id/statistical-geography/S02000873,Wishaw South,17.24,19.35,20.29,23.53,19.4,14.71,10.77,13.11,17.86,19.12,18.06,16,"","","","","",""
http://statistics.gov.scot/id/statistical-geography/S02001118,Woodhead and Meikle Earnock,11.63,16.22,24.32,23.26,23.4,17.78,11.76,8.51,8.16,10.64,14,12.07,"","","","","",""
http://statistics.gov.scot/id/statistical-geography/S02000261,Woodhill East,11.43,9.68,9.38,3.85,6.9,13.04,8.57,3.45,5.13,7.14,6.25,0,"","","","","",""
http://statistics.gov.scot/id/statistical-geography/S02000262,Woodhill West,0,7.69,11.63,11.36,5.13,5.56,5.41,5,0,0,2.33,4.44,"","","","","",""
http://statistics.gov.scot/id/statistical-geography/S02000665,Woodlands,4.31,3.85,3.95,4.35,6.45,10.87,8.47,8.05,6.1,5.32,1.96,0.84,"","","","","",""
http://statistics.gov.scot/id/statistical-geography/S02000038,Woodside,20.9,27.69,39.13,42.47,38.16,30.38,22,18.85,13.39,13.56,11.21,12.96,"","","","","",""
http://statistics.gov.scot/id/statistical-geography/S02000669,Woodside,25,22.22,20,8.7,5.26,3.13,7.5,5,9.09,9.38,10.87,11.36,"","","","","",""
http://statistics.gov.scot/id/statistical-geography/S02000693,Wyndford,30,27.12,29.79,30.56,26.47,29.55,23.91,25.86,28.85,28.36,28.13,21.05,"","","","","",""
http://statistics.gov.scot/id/statistical-geography/S02000707,Yoker North,25.58,21.21,9.52,25,38.46,41.18,29.17,25,30,25.81,23.08,11.36,"","","","","",""
http://statistics.gov.scot/id/statistical-geography/S02000696,Yoker South,16.46,17.39,14.04,13.89,11.11,16.67,11.63,16.36,18,18.75,12.94,11.58,"","","","","",""
http://statistics.gov.scot/id/statistical-geography/S02000078,Ythanside,3.95,0,2.63,2.11,1.75,0,0.73,1.36,3.79,4.92,6.25,5.49,"","","","","",""
http://statistics.gov.scot/id/statistical-geography/S02000075,Ythsie,5.33,2.63,1.35,4.23,4.41,10.26,8.14,6.25,2.33,2.44,6.58,5.06,"","","","","",""
http://statistics.gov.scot/id/statistical-geography/S01002658,Abbey Parks & Brucefield North West,9.09,10,5.88,11.76,18.75,23.53,13.64,10,6.9,11.11,9.09,9.52,"","","","","",""
http://statistics.gov.scot/id/statistical-geography/S01002649,Abbeyview Central,46.67,56.25,38.46,56.25,50,52.38,35.71,33.33,33.33,35.71,26.67,27.27,"","","","","",""
http://statistics.gov.scot/id/statistical-geography/S01002656,Abbeyview East,41.38,50,50,54.55,60,58.33,57.14,40,33.33,30.77,18.18,15.38,"","","","","",""
http://statistics.gov.scot/id/statistical-geography/S01002633,Abbeyview Linburn,5.88,11.11,5.88,15,10,10.53,0,0,5.56,6.25,16.67,12.5,"","","","","",""
http://statistics.gov.scot/id/statistical-geography/S01002655,Abbeyview North,45.83,54.17,55.17,46.15,30.43,20,9.09,7.14,0,0,28.57,27.27,"","","","","",""
http://statistics.gov.scot/id/statistical-geography/S01002645,Abbeyview South East,0,11.11,20,33.33,28.57,22.22,11.11,16.67,20,42.86,41.67,40,"","","","","",""
http://statistics.gov.scot/id/statistical-geography/S01002651,Abbeyview West,25,14.29,22.22,25,25,12.5,0,9.09,8.33,14.29,12.5,12.5,"","","","","",""
http://statistics.gov.scot/id/statistical-geography/S01002614,Aberdour,8.33,8.33,13.33,22.22,20,7.69,0,0,16.67,11.76,10.53,0,"","","","","",""
http://statistics.gov.scot/id/statistical-geography/S01006163,Aberfoyle & Kinlochard,6.67,6.25,8.33,0,0,0,0,0,25,33.33,22.22,0,"","","","","",""
http://statistics.gov.scot/id/statistical-geography/S01002856,Aberhill,21.74,15.38,21.43,18.18,16.67,9.09,15.38,37.5,40,29.41,6.67,5.26,"","","","","",""
http://statistics.gov.scot/id/statistical-geography/S01004234,"Aberlour Gardens, Bridgehaugh, Bridgend, Ballochford and Cabrach",36.36,13.33,0,0,0,9.09,6.67,8.33,0,0,0,0,"","","","","",""
http://statistics.gov.scot/id/statistical-geography/S01002597,Admiralty Central,20,42.86,25,28.57,0,0,0,0,0,0,0,0,"","","","","",""
http://statistics.gov.scot/id/statistical-geography/S01002601,Admiralty North,0,33.33,28.57,50,16.67,16.67,0,9.09,15.38,16.67,8.33,13.33,"","","","","",""
http://statistics.gov.scot/id/statistical-geography/S01002599,Admiralty North East,20,12.5,25,30,37.5,11.11,0,0,0,10,9.09,9.09,"","","","","",""
http://statistics.gov.scot/id/statistical-geography/S01002591,Admiralty South,0,0,0,14.29,14.29,10,0,0,0,20,33.33,50,"","","","","",""
http://statistics.gov.scot/id/statistical-geography/S01002593,Admiralty South East,40,12.5,9.09,11.11,10,18.18,33.33,53.85,50,44.44,37.5,33.33,"","","","","",""
http://statistics.gov.scot/id/statistical-geography/S01002592,Admiralty South West,33.33,25,18.18,0,11.11,6.67,6.67,7.69,11.11,15.38,7.14,14.29,"","","","","",""
http://statistics.gov.scot/id/statistical-geography/S01002937,Anstruther,20,16.67,9.09,0,25,50,25,0,0,0,0,20,"","","","","",""
http://statistics.gov.scot/id/statistical-geography/S01002940,Anstruther East & Cellardyke,0,0,0,0,14.29,12.5,10,12.5,33.33,33.33,25,10,"","","","","",""
http://statistics.gov.scot/id/statistical-geography/S01002933,Anstruther South West,16.67,16.67,0,0,9.09,9.09,18.18,25,45.45,50,25,0,"","","","","",""
http://statistics.gov.scot/id/statistical-geography/S01002938,Anstruther West,23.08,8.33,9.09,0,0,0,0,12.5,28.57,27.27,20,11.11,"","","","","",""
http://statistics.gov.scot/id/statistical-geography/S01006153,Arnprior & Ruskie,0,0,25,20,25,0,0,0,10,11.11,22.22,20,"","","","","",""
http://statistics.gov.scot/id/statistical-geography/S01004245,"Auchinroath, Newlands, Orton and Nether Ringorm",25,40,28.57,0,10,16.67,25,33.33,25,16.67,0,0,"","","","","",""
http://statistics.gov.scot/id/statistical-geography/S01002868,Auchmuty East,80,75,41.67,40,23.08,18.18,25,38.46,42.86,35.71,25,36.36,"","","","","",""
http://statistics.gov.scot/id/statistical-geography/S01002876,Auchmuty North West,0,16.67,25,37.5,36.36,46.15,54.55,63.64,45.83,36,28,23.08,"","","","","",""
http://statistics.gov.scot/id/statistical-geography/S01002866,Auchmuty West,22.22,24,8.33,13.33,8.33,0,0,0,15.79,18.75,35.71,21.43,"","","","","",""
http://statistics.gov.scot/id/statistical-geography/S01002812,Auchterderran Landward,0,15.38,28.57,40,100,33.33,28.57,12.5,20,25,20,10,"","","","","",""
http://statistics.gov.scot/id/statistical-geography/S01002961,Auchtermuchty East,25,8.33,12.5,8.33,11.11,0,0,25,23.08,23.08,0,0,"","","","","",""
http://statistics.gov.scot/id/statistical-geography/S01002963,Auchtermuchty West,12.5,23.08,14.29,25,20,26.67,23.53,33.33,26.67,23.08,9.09,8.33,"","","","","",""
http://statistics.gov.scot/id/statistical-geography/S01002695,Auchtertool,0,0,0,0,0,0,0,0,0,0,0,0,"","","","","",""
http://statistics.gov.scot/id/statistical-geography/S01002925,Balbirnie,21.05,21.05,35.71,37.5,35.29,20,11.11,14.29,23.08,14.29,5.88,5.56,"","","","","",""
http://statistics.gov.scot/id/statistical-geography/S01002679,Baldridgeburn North,13.33,8.33,9.09,11.11,27.27,28.57,31.25,18.75,11.11,5.56,5.56,7.69,"","","","","",""
http://statistics.gov.scot/id/statistical-geography/S01002673,Baldridgeburn South,11.76,0,9.09,15.38,14.29,9.09,14.29,33.33,20,0,0,0,"","","","","",""
http://statistics.gov.scot/id/statistical-geography/S01002927,Balfarg,25,33.33,23.08,27.27,22.22,28.57,12.5,11.11,33.33,42.86,50,0,"","","","","",""
http://statistics.gov.scot/id/statistical-geography/S01006080,Balfron Central,0,0,0,7.69,7.14,11.11,8.33,10,11.11,0,0,15.38,"","","","","",""
http://statistics.gov.scot/id/statistical-geography/S01006072,Balfron South & Ballikinrain,0,0,0,0,0,0,0,0,0,0,0,0,"","","","","",""
http://statistics.gov.scot/id/statistical-geography/S01006091,"Balfron West, North & Station",0,0,0,0,0,0,0,0,0,0,0,0,"","","","","",""
http://statistics.gov.scot/id/statistical-geography/S01002932,Balgeddie North,6.67,0,0,16.67,18.18,21.43,18.18,16.67,12.5,7.69,7.69,10,"","","","","",""
http://statistics.gov.scot/id/statistical-geography/S01002820,Ballingry Central,11.76,11.76,27.27,33.33,33.33,10,7.14,7.69,22.22,35.29,38.89,36.36,"","","","","",""
http://statistics.gov.scot/id/statistical-geography/S01002822,Ballingry East,71.43,44.44,38.46,35.71,45.45,42.86,50,36.36,43.75,33.33,33.33,16.67,"","","","","",""
http://statistics.gov.scot/id/statistical-geography/S01002817,Ballingry South,33.33,0,28.57,22.22,36.36,18.18,25,22.22,22.22,30,33.33,42.86,"","","","","",""
http://statistics.gov.scot/id/statistical-geography/S01002819,Ballingry West,64.29,52.94,54.55,41.67,63.64,57.14,58.33,28.57,6.67,7.14,38.46,63.64,"","","","","",""
http://statistics.gov.scot/id/statistical-geography/S01003010,Balmullo North,0,0,0,0,0,0,0,0,0,0,0,0,"","","","","",""
http://statistics.gov.scot/id/statistical-geography/S01003006,Balmullo South,0,12.5,11.11,6.25,0,10,15.79,21.05,10,7.69,9.09,14.29,"","","","","",""
http://statistics.gov.scot/id/statistical-geography/S01004256,"Balnageith, Whiterow and Knockomie",0,0,0,8.33,14.29,21.05,13.64,10.71,3.7,8,18.75,15.79,"","","","","",""
http://statistics.gov.scot/id/statistical-geography/S01006088,Bannockburn East,10,20,12.5,10,0,0,0,8.33,8.33,14.29,0,25,"","","","","",""
http://statistics.gov.scot/id/statistical-geography/S01006089,Bannockburn North-west,23.08,18.18,16.67,0,0,0,13.33,17.65,17.65,27.27,25,15.79,"","","","","",""
http://statistics.gov.scot/id/statistical-geography/S01006085,Bannockburn South,0,8.33,6.67,13.33,18.75,25,20,0,15.38,16.67,18.18,0,"","","","","",""
http://statistics.gov.scot/id/statistical-geography/S01006087,Bannockburn West,7.14,0,0,0,0,10,11.11,8.33,0,9.09,30,25,"","","","","",""
http://statistics.gov.scot/id/statistical-geography/S01006167,"Barbush, Ashfield, Kinbuck",0,0,0,0,0,0,0,0,0,4.55,5.88,10,"","","","","",""
http://statistics.gov.scot/id/statistical-geography/S01004262,"Barnhill, Mains of Burgie, Kellas,",33.33,20,11.11,0,0,0,12.5,16.67,25,0,0,0,"","","","","",""
http://statistics.gov.scot/id/statistical-geography/S01002372,Barvas to Borve,12.5,37.5,50,22.22,0,0,0,11.11,9.09,7.69,0,0,"","","","","",""
http://statistics.gov.scot/id/statistical-geography/S01004326,Bauds of Cullen,11.11,12.5,0,0,0,0,0,0,0,25,33.33,33.33,"","","","","",""
http://statistics.gov.scot/id/statistical-geography/S01002715,Beath South West,36.36,28.57,16.67,26.67,30.77,25,35,36.84,40,21.05,22.22,18.75,"","","","","",""
http://statistics.gov.scot/id/statistical-geography/S01002707,Beath Woodend,45.45,30.77,35.71,43.75,50,41.18,25,27.78,33.33,40,26.32,17.65,"","","","","",""
http://statistics.gov.scot/id/statistical-geography/S01002691,Bellyeoman North,0,0,0,0,0,0,0,0,0,0,0,0,"","","","","",""
http://statistics.gov.scot/id/statistical-geography/S01002681,Bellyeoman South,14.29,13.64,10.53,0,0,6.25,7.14,16.67,14.29,14.29,0,0,"","","","","",""
http://statistics.gov.scot/id/statistical-geography/S01002676,Bellyeoman South West,0,0,0,0,0,0,0,0,0,8.33,16.67,22.22,"","","","","",""
http://statistics.gov.scot/id/statistical-geography/S01002732,Bennochy Balfour,0,0,0,0,0,0,6.25,5.26,5.88,0,0,0,"","","","","",""
http://statistics.gov.scot/id/statistical-geography/S01002737,Bennochy East,6.67,15.38,33.33,36.36,22.22,12.5,0,14.29,15.79,17.65,11.11,13.33,"","","","","",""
http://statistics.gov.scot/id/statistical-geography/S01002741,Bennochy North,5.56,5,6.67,0,7.14,6.67,13.33,27.27,24,21.74,3.85,8,"","","","","",""
http://statistics.gov.scot/id/statistical-geography/S01002731,Bennochy South West,37.5,50,50,30,14.29,23.08,27.27,33.33,33.33,44.44,27.27,22.22,"","","","","",""
http://statistics.gov.scot/id/statistical-geography/S01002738,Bennochy West,22.22,22.22,25,14.29,11.11,0,5.56,6.25,15.79,20,18.18,0,"","","","","",""
http://statistics.gov.scot/id/statistical-geography/S01004281,"Berryhillock, Milton, Kirkton of Deskford and Craibstone",14.29,20,25,20,25,0,0,0,0,0,0,0,"","","","","",""
http://statistics.gov.scot/id/statistical-geography/S01002669,Berrylaw,23.08,27.27,33.33,10,0,0,5.56,5.56,11.76,7.14,8.33,0,"","","","","",""
http://statistics.gov.scot/id/statistical-geography/S01002689,Beveridgewell East,0,0,0,11.11,7.69,7.14,0,5.56,5.88,6.25,6.25,9.09,"","","","","",""
http://statistics.gov.scot/id/statistical-geography/S01002688,Beveridgewell West,16.67,25,16.67,0,0,0,0,16.67,16.67,14.29,0,0,"","","","","",""
http://statistics.gov.scot/id/statistical-geography/S01002693,Beveridgewell Western & Parkneuk,14.29,13.33,7.69,12.5,0,14.29,12.5,11.11,0,0,0,0,"","","","","",""
http://statistics.gov.scot/id/statistical-geography/S01002768,Blackcraigs & West Torbain,25,12.5,16.67,16.67,16.67,33.33,36.36,44.44,22.22,20,18.18,24,"","","","","",""
http://statistics.gov.scot/id/statistical-geography/S01002792,Blairadam & Loch Glow,30.77,33.33,30,9.09,18.75,7.41,8.82,2.27,2.38,2.38,6.25,7.69,"","","","","",""
http://statistics.gov.scot/id/statistical-geography/S01002708,Blairhall and Landward,28.57,40,33.33,27.27,10,0,7.69,7.69,7.14,13.33,11.11,17.39,"","","","","",""
http://statistics.gov.scot/id/statistical-geography/S01004274,"Blinkbonny, Dyke, Mains Of Moy, Cloddymoss and Kintessack",0,20,14.29,14.29,0,0,0,0,0,0,0,0,"","","","","",""
http://statistics.gov.scot/id/statistical-geography/S01002964,Boarhills & Kingsbarns,0,0,0,0,0,0,0,0,16.67,16.67,14.29,0,"","","","","",""
http://statistics.gov.scot/id/statistical-geography/S01006098,Borestone East,14.29,16.67,11.11,0,6.25,6.67,7.69,0,0,22.22,22.22,27.27,"","","","","",""
http://statistics.gov.scot/id/statistical-geography/S01006096,Borestone West,18.75,18.18,12.5,30.77,23.53,26.67,8.33,0,5.56,10.53,16.67,8.33,"","","","","",""
http://statistics.gov.scot/id/statistical-geography/S01002974,"Bow of Fife, Tarvit & Balgarvie",16.67,25,0,0,0,14.29,10.53,15,14.29,13.33,6.67,5.88,"","","","","",""
http://statistics.gov.scot/id/statistical-geography/S01002808,Bowhill East,9.09,18.18,30,21.43,23.53,26.32,31.25,28.57,23.53,33.33,33.33,29.41,"","","","","",""
http://statistics.gov.scot/id/statistical-geography/S01002807,Bowhill West,33.33,33.33,42.86,14.29,28.57,16.67,33.33,14.29,11.11,10,12.5,25,"","","","","",""
http://statistics.gov.scot/id/statistical-geography/S01002804,Bowhill and Dundonald,14.29,28.57,28.57,28.57,20,16.67,0,8.33,9.09,11.11,12.5,12.5,"","","","","",""
http://statistics.gov.scot/id/statistical-geography/S01006114,Braehead North,40,33.33,28.57,0,0,20,15.38,14.29,12.5,22.22,21.43,22.22,"","","","","",""
http://statistics.gov.scot/id/statistical-geography/S01006111,Braehead South,0,10,16.67,16.67,12.5,8.7,6.67,0,0,0,10,7.69,"","","","","",""
http://statistics.gov.scot/id/statistical-geography/S01002370,Bragar to Bru,7.14,10,18.18,25,16.67,0,33.33,66.67,40,37.5,20,22.22,"","","","","",""
http://statistics.gov.scot/id/statistical-geography/S01006144,Bridge of Allan (Cornton Road),11.11,15.38,20,18.18,12.5,0,0,0,0,0,0,0,"","","","","",""
http://statistics.gov.scot/id/statistical-geography/S01006145,Bridge of Allan (Lyon Cres & Strathallan Park),0,0,0,0,11.11,18.18,16.67,20,8.33,9.09,0,0,"","","","","",""
http://statistics.gov.scot/id/statistical-geography/S01006152,Bridge of Allan (Westerton & Glen),0,0,0,0,0,0,0,0,0,11.11,14.29,20,"","","","","",""
http://statistics.gov.scot/id/statistical-geography/S01006147,Bridge of Allan Central,0,0,0,0,0,0,0,0,0,0,5.56,5.56,"","","","","",""
http://statistics.gov.scot/id/statistical-geography/S01006146,Bridge of Allan East,0,0,0,0,0,0,0,0,0,0,0,0,"","","","","",""
http://statistics.gov.scot/id/statistical-geography/S01006148,Bridge of Allan South West,15.38,16.67,18.18,10,0,0,0,0,0,0,0,0,"","","","","",""
http://statistics.gov.scot/id/statistical-geography/S01006173,Brig o'Turk & Strathyre,12.5,22.22,22.22,10,0,0,0,0,11.11,9.09,11.11,0,"","","","","",""
http://statistics.gov.scot/id/statistical-geography/S01002910,Broom North,0,14.29,40,50,40,30.77,18.75,16.67,22.22,21.43,46.15,50,"","","","","",""
http://statistics.gov.scot/id/statistical-geography/S01002901,Broom South,36.36,25,0,16.67,33.33,36.36,27.27,12.5,8.33,10,0,16.67,"","","","","",""
http://statistics.gov.scot/id/statistical-geography/S01002677,Broomhead,36.84,36.84,25,25,16.67,10,5.56,10.53,27.27,41.38,38.24,27.27,"","","","","",""
http://statistics.gov.scot/id/statistical-geography/S01006103,Broomridge (Archers & Wishart),0,0,0,11.76,14.29,20,8.33,8.33,0,0,0,0,"","","","","",""
http://statistics.gov.scot/id/statistical-geography/S01006101,Broomridge (Broom Road South),28.57,33.33,33.33,16.67,16.67,0,0,0,0,0,0,0,"","","","","",""
http://statistics.gov.scot/id/statistical-geography/S01006099,Broomridge (Claymore & Balquhidderock),13.33,6.67,0,0,0,0,6.67,7.14,10,12.5,14.29,20,"","","","","",""
http://statistics.gov.scot/id/statistical-geography/S01006095,Broomridge East & Bannockburn North,0,0,0,7.14,7.69,7.14,5.88,5.26,5.26,8.33,10,18.18,"","","","","",""
http://statistics.gov.scot/id/statistical-geography/S01006112,Broomridge North & Millhall,5.56,12.5,17.65,14.29,5.88,0,0,0,0,0,0,0,"","","","","",""
http://statistics.gov.scot/id/statistical-geography/S01002652,Brucefield North,18.18,20,20,16.67,14.29,14.29,0,16.67,25,40,28.57,28.57,"","","","","",""
http://statistics.gov.scot/id/statistical-geography/S01002642,Brucefield South,60,40,40,66.67,80,60,20,16.67,42.86,42.86,25,0,"","","","","",""
http://statistics.gov.scot/id/statistical-geography/S01002643,Brucefield South West,25,25,28.57,66.67,50,0,16.67,28.57,42.86,37.5,33.33,30,"","","","","",""
http://statistics.gov.scot/id/statistical-geography/S01002646,Brucefield West,5.26,5.88,18.18,11.11,16.67,16.67,20,25,25,23.81,17.39,8.33,"","","","","",""
http://statistics.gov.scot/id/statistical-geography/S01006129,Buchlyvie,0,9.09,11.11,11.11,0,0,8.33,11.11,16.67,0,0,0,"","","","","",""
http://statistics.gov.scot/id/statistical-geography/S01002829,Buckhaven & Muiredge North East,50,60,20,25,10,8.33,8.33,12.5,16.67,18.18,16.67,12.5,"","","","","",""
http://statistics.gov.scot/id/statistical-geography/S01002826,Buckhaven & Muiredge North West,50,0,0,0,0,14.29,11.11,16.67,0,50,28.57,28.57,"","","","","",""
http://statistics.gov.scot/id/statistical-geography/S01002825,Buckhaven & Muiredge South East,27.27,23.08,18.18,33.33,36.36,25,16.67,18.75,20,36.36,21.43,26.67,"","","","","",""
http://statistics.gov.scot/id/statistical-geography/S01002823,Buckhaven & Muiredge South West,21.74,25,25,38.1,47.06,43.75,38.46,30.43,32,38.71,40.74,37.04,"","","","","",""
http://statistics.gov.scot/id/statistical-geography/S01004320,Buckie Buckpool,0,0,25,42.86,42.86,27.27,11.11,28.57,25,33.33,8.33,33.33,"","","","","",""
http://statistics.gov.scot/id/statistical-geography/S01004323,Buckie Central,28.57,33.33,50,40,21.43,22.22,11.76,29.41,33.33,50,40,26.67,"","","","","",""
http://statistics.gov.scot/id/statistical-geography/S01004318,Buckie Letterfourie,66.67,50,50,60,50,20,33.33,37.5,42.86,14.29,0,20,"","","","","",""
http://statistics.gov.scot/id/statistical-geography/S01004321,Buckie Millbank,50,46.15,27.27,36.36,36.36,38.46,33.33,30,20,0,33.33,27.27,"","","","","",""
http://statistics.gov.scot/id/statistical-geography/S01004325,Buckie Seatown,14.29,18.75,22.22,19.05,11.76,16.67,20,20,14.29,13.64,13.33,17.65,"","","","","",""
http://statistics.gov.scot/id/statistical-geography/S01004324,Buckie Stripeside,0,0,28.57,33.33,40,26.67,22.22,22.22,44.44,46.15,50,44.44,"","","","","",""
http://statistics.gov.scot/id/statistical-geography/S01004322,Buckie The Yardie,28.57,0,21.43,23.08,33.33,22.22,11.76,13.33,13.33,33.33,25,23.08,"","","","","",""
http://statistics.gov.scot/id/statistical-geography/S01004336,Burghead,20,12.5,11.11,10,10,10,13.33,14.29,5.88,0,0,0,"","","","","",""
http://statistics.gov.scot/id/statistical-geography/S01002630,Burntisland Central,0,0,0,0,0,16.67,33.33,22.22,10,0,12.5,30,"","","","","",""
http://statistics.gov.scot/id/statistical-geography/S01002618,Burntisland Docks,28.57,42.86,46.67,37.5,33.33,30.77,31.25,27.78,20.83,21.74,24,31.58,"","","","","",""
http://statistics.gov.scot/id/statistical-geography/S01002635,Burntisland East,0,0,0,0,0,14.29,25,25,14.29,0,0,0,"","","","","",""
http://statistics.gov.scot/id/statistical-geography/S01002640,Burntisland East Toll,0,0,0,12.5,14.29,9.09,0,0,7.14,6.67,9.09,7.14,"","","","","",""
http://statistics.gov.scot/id/statistical-geography/S01002620,Burntisland Links,7.14,0,0,0,12.5,22.22,20,12.5,14.29,6.67,5.26,0,"","","","","",""
http://statistics.gov.scot/id/statistical-geography/S01002636,Burntisland Meadowfield,0,0,0,0,0,0,0,0,14.29,28.57,33.33,25,"","","","","",""
http://statistics.gov.scot/id/statistical-geography/S01002644,Burntisland Nether Grange,0,0,20,28.57,30.77,38.46,41.67,30.77,18.18,20,25,20,"","","","","",""
http://statistics.gov.scot/id/statistical-geography/S01002662,Burntisland North and Orrock,25,33.33,33.33,41.67,27.27,11.11,11.11,18.18,18.75,20,12,8.33,"","","","","",""
http://statistics.gov.scot/id/statistical-geography/S01002914,Cadham,55.56,57.14,57.14,50,36.36,30,30,40,54.55,50,50,57.14,"","","","","",""
http://statistics.gov.scot/id/statistical-geography/S01002906,Cadham South & Queensway North,7.69,16.67,16.67,18.18,21.43,38.46,50,42.86,33.33,18.18,8.33,0,"","","","","",""
http://statistics.gov.scot/id/statistical-geography/S01002628,Cairneyhill East,0,14.29,12.5,9.09,10,7.14,7.69,0,0,0,0,0,"","","","","",""
http://statistics.gov.scot/id/statistical-geography/S01002641,Cairneyhill North,14.29,27.27,20,12.5,0,9.09,10,20,22.22,13.33,7.14,0,"","","","","",""
http://statistics.gov.scot/id/statistical-geography/S01002631,Cairneyhill West,8.33,22.22,12.5,12.5,12.5,11.11,12.5,0,9.09,15.38,14.29,9.09,"","","","","",""
http://statistics.gov.scot/id/statistical-geography/S01006172,Callander (Bracklinn & Drumvaich),0,"",0,25,25,33.33,0,0,0,0,0,0,"","","","","",""
http://statistics.gov.scot/id/statistical-geography/S01006171,Callander (Central),0,0,0,0,0,14.29,12.5,27.27,16.67,33.33,12.5,18.18,"","","","","",""
http://statistics.gov.scot/id/statistical-geography/S01006168,Callander (Lagrannoch & Cambusmore),33.33,16.67,12.5,0,0,6.25,15.38,20,7.69,0,5,5,"","","","","",""
http://statistics.gov.scot/id/statistical-geography/S01006170,"Callander (Leny, Bridgend & Mollands)",15.38,25,22.22,18.18,0,0,0,0,0,0,0,0,"","","","","",""
http://statistics.gov.scot/id/statistical-geography/S01006116,Cambusbarron East & Torbex West,0,0,0,0,0,0,0,0,0,0,0,0,"","","","","",""
http://statistics.gov.scot/id/statistical-geography/S01006122,Cambusbarron North & Touch,0,6.25,5.56,5,0,4.17,4.35,4.17,0,0,5,5.26,"","","","","",""
http://statistics.gov.scot/id/statistical-geography/S01006078,Cambusbarron South & Carron Valley,26.67,30.77,20,10,0,8.33,15.38,23.08,21.43,20,12.12,11.11,"","","","","",""
http://statistics.gov.scot/id/statistical-geography/S01006117,Cambusbarron West,21.43,14.29,0,0,9.09,8.33,9.09,0,0,25,20,20,"","","","","",""
http://statistics.gov.scot/id/statistical-geography/S01002885,Cameron Bridge & Duniface,10,10,8.33,7.14,7.14,0,0,5.88,4.76,10,5.56,6.25,"","","","","",""
http://statistics.gov.scot/id/statistical-geography/S01002985,Canongate,0,0,0,0,"",0,0,0,0,0,0,0,"","","","","",""
http://statistics.gov.scot/id/statistical-geography/S01002787,Capshard & Fair Isle North,0,0,0,0,0,14.29,22.22,15.38,11.11,0,0,0,"","","","","",""
http://statistics.gov.scot/id/statistical-geography/S01006067,Carbeth & Mugdock,0,0,14.29,16.67,50,0,16.67,11.11,11.11,0,0,0,"","","","","",""
http://statistics.gov.scot/id/statistical-geography/S01002805,Cardenden East,45.45,54.55,35.71,28.57,23.08,25,33.33,28.57,22.22,27.27,30.77,43.75,"","","","","",""
http://statistics.gov.scot/id/statistical-geography/S01002801,Cardenden West,50,44.44,33.33,36.36,27.27,33.33,27.27,33.33,33.33,23.08,25,20,"","","","","",""
http://statistics.gov.scot/id/statistical-geography/S01002369,Carloway to Shawbost,0,"",0,0,0,0,16.67,33.33,40,33.33,0,0,"","","","","",""
http://statistics.gov.scot/id/statistical-geography/S01002671,Carnegie Drive,0,5.56,4.55,9.09,5.26,5.56,5.88,5.88,14.29,8.7,7.14,0,"","","","","",""
http://statistics.gov.scot/id/statistical-geography/S01002697,Carnock,33.33,23.53,12.5,0,5.88,7.14,7.69,7.69,6.67,9.09,0,0,"","","","","",""
http://statistics.gov.scot/id/statistical-geography/S01002860,Caskieberran East,20.83,12.5,31.82,28.57,40,22.73,27.27,19.05,17.65,10.53,10.53,15,"","","","","",""
http://statistics.gov.scot/id/statistical-geography/S01002861,Caskieberran West,9.09,10.53,17.65,23.53,21.43,14.29,15.38,18.18,38.46,21.43,25,12.5,"","","","","",""
http://statistics.gov.scot/id/statistical-geography/S01006138,Causewayhead Central & South,0,0,0,0,0,0,0,0,0,0,0,0,"","","","","",""
http://statistics.gov.scot/id/statistical-geography/S01006143,Causewayhead East,0,0,0,0,0,0,5.88,5.56,11.76,7.14,8.33,0,"","","","","",""
http://statistics.gov.scot/id/statistical-geography/S01006142,Causewayhead North,0,0,14.29,14.29,12.5,0,0,0,0,0,7.14,8.33,"","","","","",""
http://statistics.gov.scot/id/statistical-geography/S01002356,Central Stornoway,0,0,0,0,0,14.29,10,12.5,4.76,10,6.25,22.22,"","","","","",""
http://statistics.gov.scot/id/statistical-geography/S01002960,Ceres East & Pitscottie,0,0,0,11.11,16.67,16.67,33.33,25,25,0,0,0,"","","","","",""
http://statistics.gov.scot/id/statistical-geography/S01002788,Chapel,25,12.5,11.76,25,21.43,12.5,0,0,0,0,0,5.26,"","","","","",""
http://statistics.gov.scot/id/statistical-geography/S01002781,Chapelhill & Torbain,11.11,42.86,28.57,22.22,11.11,11.11,11.11,0,0,0,0,0,"","","","","",""
http://statistics.gov.scot/id/statistical-geography/S01002612,Charlestown & Bellknowes,7.69,8.33,0,0,0,0,0,0,0,0,16.67,14.29,"","","","","",""
http://statistics.gov.scot/id/statistical-geography/S01004239,Charlestown of Aberlour,0,0,0,0,0,0,0,0,11.11,10,14.29,16.67,"","","","","",""
http://statistics.gov.scot/id/statistical-geography/S01006079,"Chartershall, Pirnhall & Auchenbowie",40,20,10,0,16.67,14.29,22.22,20,22.22,12.5,0,0,"","","","","",""
http://statistics.gov.scot/id/statistical-geography/S01003000,Clayton and Clatto,0,0,0,0,0,13.33,12.5,12.5,0,0,16.67,40,"","","","","",""
http://statistics.gov.scot/id/statistical-geography/S01002806,Cluny,0,0,0,0,0,0,6.67,7.32,8.33,7.89,7.41,6.76,"","","","","",""
http://statistics.gov.scot/id/statistical-geography/S01002846,Coaltown of Balgonie,12.5,12.5,0,0,0,5,11.76,17.65,12.5,8.33,0,12.5,"","","","","",""
http://statistics.gov.scot/id/statistical-geography/S01002810,Coaltown of Wemyss & Thornton East,7.14,18.18,30,18.18,8.33,0,7.14,7.14,21.43,27.27,28.57,18.18,"","","","","",""
http://statistics.gov.scot/id/statistical-geography/S01002924,"Colinsburgh, Kilconquhar & Balcormo",16.67,14.29,16.67,0,0,0,0,0,100,50,33.33,0,"","","","","",""
http://statistics.gov.scot/id/statistical-geography/S01002368,Coll to Back,23.08,9.09,16.67,14.29,12.5,0,0,0,0,0,11.11,11.11,"","","","","",""
http://statistics.gov.scot/id/statistical-geography/S01002967,Collessie & Pitmedden Landward,0,9.09,10,7.69,0,0,0,0,0,0,14.29,11.11,"","","","","",""
http://statistics.gov.scot/id/statistical-geography/S01002934,Collydean North,29.41,47.37,52.94,53.85,25,40,50,35.71,15.38,7.14,27.27,28.57,"","","","","",""
http://statistics.gov.scot/id/statistical-geography/S01002919,Collydean South,36.84,47.06,38.89,50,36.36,38.46,33.33,28.57,18.75,16.67,16.67,25,"","","","","",""
http://statistics.gov.scot/id/statistical-geography/S01002926,Collydean South West,46.15,50,80,33.33,18.18,11.11,11.76,31.25,44.44,33.33,0,12.5,"","","","","",""
http://statistics.gov.scot/id/statistical-geography/S01006121,Colquhoun & Springkerse,9.09,9.09,0,0,7.69,13.33,16.67,8.33,9.52,4.17,5.56,5.26,"","","","","",""
http://statistics.gov.scot/id/statistical-geography/S01002702,Comrie East,33.33,40,33.33,18.18,14.29,37.5,57.14,66.67,45.45,50,33.33,0,"","","","","",""
http://statistics.gov.scot/id/statistical-geography/S01002701,Comrie West,7.69,15.38,14.29,18.18,20,11.11,12.5,12.5,16.67,20,0,0,"","","","","",""
http://statistics.gov.scot/id/statistical-geography/S01006141,Cornton Centre & West,25,15.79,16.67,20,17.5,16.13,14.71,12.12,6.25,6.25,9.09,11.76,"","","","","",""
http://statistics.gov.scot/id/statistical-geography/S01006137,Cornton South,50,50,42.86,33.33,27.27,18.75,23.53,16.67,12.5,0,0,0,"","","","","",""
http://statistics.gov.scot/id/statistical-geography/S01006139,Cornton South-West,36.36,33.33,18.18,22.22,16.67,12.5,0,11.11,25,33.33,0,0,"","","","","",""
http://statistics.gov.scot/id/statistical-geography/S01002936,Coul,5.56,5.26,5.88,0,0,0,0,0,0,0,0,0,"","","","","",""
http://statistics.gov.scot/id/statistical-geography/S01002361,Coulegrain to Stenish,0,10,7.69,18.18,16.67,10,6.67,9.09,10,6.25,12.5,12.5,"","","","","",""
http://statistics.gov.scot/id/statistical-geography/S01002723,Cowdenbeath Central,20,14.29,12.5,0,0,12.5,11.11,10,0,0,25,20,"","","","","",""
http://statistics.gov.scot/id/statistical-geography/S01002736,Cowdenbeath Foulford,0,0,20,16.67,16.67,0,0,0,0,0,0,0,"","","","","",""
http://statistics.gov.scot/id/statistical-geography/S01002740,Cowdenbeath Glenfield,16.67,0,0,"",0,0,0,33.33,33.33,33.33,22.22,14.29,"","","","","",""
http://statistics.gov.scot/id/statistical-geography/S01002728,Cowdenbeath North,14.29,15.38,16.67,26.32,21.05,21.05,18.75,18.18,20,18.18,29.41,26.67,"","","","","",""
http://statistics.gov.scot/id/statistical-geography/S01002734,Cowdenbeath North East,18.75,25,10,21.43,21.43,23.08,14.29,10.53,13.64,15,16.67,21.74,"","","","","",""
http://statistics.gov.scot/id/statistical-geography/S01002725,Cowdenbeath North West,21.43,20,21.43,27.27,15.38,0,0,25,21.43,21.43,0,0,"","","","","",""
http://statistics.gov.scot/id/statistical-geography/S01002718,Cowdenbeath South,18.52,28.57,21.05,15.79,22.73,26.09,42.11,27.78,47.06,44.44,47.06,21.05,"","","","","",""
http://statistics.gov.scot/id/statistical-geography/S01002721,Cowdenbeath South East,0,14.29,25,40,28.57,11.11,8.33,7.14,21.43,36.36,44.44,40,"","","","","",""
http://statistics.gov.scot/id/statistical-geography/S01002719,Cowdenbeath South West,28.57,33.33,35.71,15.38,7.14,7.69,20,27.27,15.38,15.38,22.22,33.33,"","","","","",""
http://statistics.gov.scot/id/statistical-geography/S01006084,Cowie North,11.11,13.64,18.18,13.04,19.05,10,11.11,0,7.14,6.67,15.38,12.5,"","","","","",""
http://statistics.gov.scot/id/statistical-geography/S01006082,Cowie South,44.44,30,20,30.77,35.71,36.36,27.27,10,7.14,8.33,14.29,25,"","","","","",""
http://statistics.gov.scot/id/statistical-geography/S01002686,Craigencalt & Pitteadie,14.29,16.67,0,0,0,0,0,0,9.68,10.71,10.34,0,"","","","","",""
http://statistics.gov.scot/id/statistical-geography/S01002769,Craigmount & Greenloanings,28.57,50,28.57,14.29,0,25,50,37.5,25,10,7.69,18.18,"","","","","",""
http://statistics.gov.scot/id/statistical-geography/S01002959,Craigrothie & Ceres West,0,0,0,0,0,0,5.88,5.56,16.67,12.5,25,28.57,"","","","","",""
http://statistics.gov.scot/id/statistical-geography/S01002951,Crail North,0,0,0,0,0,0,0,0,12.5,9.09,28.57,16.67,"","","","","",""
http://statistics.gov.scot/id/statistical-geography/S01002953,Crail South & Fife Ness,11.11,11.11,10,9.09,8.33,18.18,25,33.33,25,11.11,11.11,8.33,"","","","","",""
http://statistics.gov.scot/id/statistical-geography/S01006081,"Croftamie, Buchanan & Balmaha",10,12.5,16.67,0,0,0,0,0,0,0,0,0,"","","","","",""
http://statistics.gov.scot/id/statistical-geography/S01002615,Crombie,0,16.67,14.29,14.29,0,0,0,0,0,8.33,15.38,14.29,"","","","","",""
http://statistics.gov.scot/id/statistical-geography/S01002627,Crossford South,0,0,0,0,0,0,7.69,7.69,8.33,0,11.11,22.22,"","","","","",""
http://statistics.gov.scot/id/statistical-geography/S01002650,Crossford West,0,0,0,0,0,0,0,0,0,0,0,0,"","","","","",""
http://statistics.gov.scot/id/statistical-geography/S01002696,Crossgates North,14.29,26.67,35.71,28.57,16.67,7.69,0,0,0,9.09,7.69,20,"","","","","",""
http://statistics.gov.scot/id/statistical-geography/S01002698,Crossgates North East,12.5,9.09,10,0,0,14.29,22.22,20,0,0,0,0,"","","","","",""
http://statistics.gov.scot/id/statistical-geography/S01002648,Crossgates Southern & Annfield,0,13.64,13.64,16.67,0,0,0,6.67,5.56,5,0,0,"","","","","",""
http://statistics.gov.scot/id/statistical-geography/S01002813,Crosshill & Lochore South,40,33.33,33.33,47.06,60,50,14.29,16.67,26.67,38.46,50,40,"","","","","",""
http://statistics.gov.scot/id/statistical-geography/S01004329,Cullen South,20,0,0,50,33.33,33.33,0,0,0,0,0,0,"","","","","",""
http://statistics.gov.scot/id/statistical-geography/S01004331,Cullen Waterfront,33.33,25,0,0,0,0,0,40,60,42.86,20,0,"","","","","",""
http://statistics.gov.scot/id/statistical-geography/S01002668,Culross East,0,0,0,0,0,0,16.67,20,16.67,0,0,0,"","","","","",""
http://statistics.gov.scot/id/statistical-geography/S01002683,Culross West & Tulliallan,22.22,40,12.5,14.29,0,"",0,33.33,40,33.33,12.5,0,"","","","","",""
http://statistics.gov.scot/id/statistical-geography/S01006105,Cultenhove North & Wordie Road,23.08,27.27,27.27,16.67,15.38,9.09,10,0,7.14,8.33,16.67,12.5,"","","","","",""
http://statistics.gov.scot/id/statistical-geography/S01006100,Cultenhove South,42.86,57.89,55.56,52.17,42.11,27.78,21.43,20,20,0,0,11.11,"","","","","",""
http://statistics.gov.scot/id/statistical-geography/S01004330,Cummingston and Roseisle,0,9.09,16.67,40,41.67,45.45,25,20,11.11,6.25,0,0,"","","","","",""
http://statistics.gov.scot/id/statistical-geography/S01002978,Cupar East,0,0,0,0,0,0,22.22,30,36.36,33.33,33.33,25,"","","","","",""
http://statistics.gov.scot/id/statistical-geography/S01002977,Cupar North,0,0,6.67,6.67,7.69,14.29,16.67,18.75,8.33,15.38,8.33,7.14,"","","","","",""
http://statistics.gov.scot/id/statistical-geography/S01002976,Cupar North West,28.57,38.1,31.25,20,25,22.73,32.14,26.09,18.52,9.52,6.25,10,"","","","","",""
http://statistics.gov.scot/id/statistical-geography/S01002979,Cupar Northern,0,13.33,13.33,11.11,0,11.76,14.29,16.67,0,0,0,0,"","","","","",""
http://statistics.gov.scot/id/statistical-geography/S01002971,Cupar South East,0,0,0,0,3.85,4,8.7,15.79,30.77,25,9.09,0,"","","","","",""
http://statistics.gov.scot/id/statistical-geography/S01002969,Cupar South South East,0,0,0,0,0,0,0,0,0,10,16.67,16.67,"","","","","",""
http://statistics.gov.scot/id/statistical-geography/S01002972,Cupar South West,33.33,10,20,18.18,20,15.38,6.25,8.7,18.18,16.67,11.54,4.35,"","","","","",""
http://statistics.gov.scot/id/statistical-geography/S01002975,Cupar West,22.22,16.67,20,0,11.11,14.29,16.67,20,12.5,8.7,0,0,"","","","","",""
http://statistics.gov.scot/id/statistical-geography/S01002973,Cupar Westfield,0,0,0,0,0,0,0,9.09,16.67,27.27,25,25,"","","","","",""
http://statistics.gov.scot/id/statistical-geography/S01002970,Cupar Westfield South,0,0,0,0,0,0,0,0,0,0,0,0,"","","","","",""
http://statistics.gov.scot/id/statistical-geography/S01002988,Dairsie & Kemback,7.14,0,0,0,0,0,0,0,11.11,10,11.11,10,"","","","","",""
http://statistics.gov.scot/id/statistical-geography/S01002590,Dalgety Bay East,25,0,0,0,0,0,0,0,0,0,0,0,"","","","","",""
http://statistics.gov.scot/id/statistical-geography/S01002578,Dalgety Bay South East,0,0,0,0,0,0,0,0,0,0,0,0,"","","","","",""
http://statistics.gov.scot/id/statistical-geography/S01002587,Dalgety Bogend Wood,9.09,8.33,14.29,25,14.29,9.09,6.25,5.88,5.88,0,0,0,"","","","","",""
http://statistics.gov.scot/id/statistical-geography/S01002604,Dalgety Crow Hill,0,0,0,0,0,0,0,8.33,10,11.11,0,0,"","","","","",""
http://statistics.gov.scot/id/statistical-geography/S01002608,Dalgety Donibristle & Hillend,30,50,20,22.22,18.18,25,0,0,0,0,0,0,"","","","","",""
http://statistics.gov.scot/id/statistical-geography/S01002602,Dalgety Donibristle South,0,0,9.09,16.67,16.67,10,0,0,12.5,14.29,33.33,0,"","","","","",""
http://statistics.gov.scot/id/statistical-geography/S01002594,Dalgety Letham Hill,0,0,0,0,0,0,0,0,0,0,0,7.69,"","","","","",""
http://statistics.gov.scot/id/statistical-geography/S01002600,Dalgety Letham Hill North,3.33,4.55,4.17,0,0,0,0,0,0,0,0,0,"","","","","",""
http://statistics.gov.scot/id/statistical-geography/S01002581,Dalgety Letham Hill South,0,4.55,5.26,6.25,0,0,0,0,0,0,0,0,"","","","","",""
http://statistics.gov.scot/id/statistical-geography/S01002588,Dalgety Longhill Park,0,10,8.33,9.09,0,0,25,10,10,0,16.67,16.67,"","","","","",""
http://statistics.gov.scot/id/statistical-geography/S01002586,Dalgety Preston & Letham Hill,0,0,0,0,0,12.5,33.33,28.57,25,0,0,0,"","","","","",""
http://statistics.gov.scot/id/statistical-geography/S01002596,Dalgety Ross Plantation,0,0,0,0,0,14.29,12.5,16.67,0,"",0,0,"","","","","",""
http://statistics.gov.scot/id/statistical-geography/S01002576,Dalgety St Davids Clump,0,0,0,0,0,0,33.33,40,50,0,0,0,"","","","","",""
http://statistics.gov.scot/id/statistical-geography/S01002579,Dalgety Steeple Clump,0,0,0,0,0,0,0,0,0,0,0,0,"","","","","",""
http://statistics.gov.scot/id/statistical-geography/S01004242,"Dallas, Logie and Beachans",0,0,0,11.11,9.09,10,0,0,0,25,14.29,16.67,"","","","","",""
http://statistics.gov.scot/id/statistical-geography/S01004241,Dandaleith and Craigellachie,20,0,0,0,0,8.33,9.09,11.11,14.29,14.29,22.22,12.5,"","","","","",""
http://statistics.gov.scot/id/statistical-geography/S01006164,Deanston,14.29,0,0,0,0,0,0,11.11,8.33,12.5,18.18,22.22,"","","","","",""
http://statistics.gov.scot/id/statistical-geography/S01002834,Denbeath Birds,12.5,0,0,9.09,12.5,12.5,22.22,25,33.33,16.67,12.5,22.22,"","","","","",""
http://statistics.gov.scot/id/statistical-geography/S01002835,Denbeath North,14.29,8.33,16.67,6.67,11.11,11.11,11.11,13.33,10,16.67,15.79,11.76,"","","","","",""
http://statistics.gov.scot/id/statistical-geography/S01002830,Denbeath South,18.18,0,16.67,14.29,9.09,8.33,18.18,28.57,16.67,12.5,9.09,11.11,"","","","","",""
http://statistics.gov.scot/id/statistical-geography/S01006169,"Doune East, Buchany & Argaty",0,0,0,0,0,0,11.11,9.09,11.11,16.67,22.22,15.38,"","","","","",""
http://statistics.gov.scot/id/statistical-geography/S01006162,Doune West,0,0,0,0,33.33,33.33,42.86,33.33,100,0,0,0,"","","","","",""
http://statistics.gov.scot/id/statistical-geography/S01006083,Drymen,0,0,11.11,14.29,11.11,0,0,11.11,16.67,14.29,0,0,"","","","","",""
http://statistics.gov.scot/id/statistical-geography/S01004237,Dufftown Central,20,42.86,50,33.33,0,0,0,0,14.29,10,9.09,0,"","","","","",""
http://statistics.gov.scot/id/statistical-geography/S01004236,"Dufftown, Kirkton of Mortlach",25,44.44,44.44,36.36,12.5,16.67,0,0,0,0,0,0,"","","","","",""
http://statistics.gov.scot/id/statistical-geography/S01004334,"Duffus, Muirton, Salterhill and Covesea",0,0,0,0,0,0,0,0,0,0,12.5,7.14,"","","","","",""
http://statistics.gov.scot/id/statistical-geography/S01002622,Duloch & Pitreavie,0,0,0,0,0.76,0.61,0.99,1.35,1.75,1.95,3.26,3.29,"","","","","",""
http://statistics.gov.scot/id/statistical-geography/S01006154,Dunblane (Argyle),0,0,0,0,7.69,12.5,16.67,0,0,0,0,0,"","","","","",""
http://statistics.gov.scot/id/statistical-geography/S01006155,Dunblane (Breamar & Claredon),9.09,11.11,10,16.67,23.08,23.08,10,0,0,0,0,0,"","","","","",""
http://statistics.gov.scot/id/statistical-geography/S01006159,Dunblane (Central),0,0,0,9.09,7.14,6.25,0,0,0,0,0,0,"","","","","",""
http://statistics.gov.scot/id/statistical-geography/S01006165,Dunblane (Kippendavie),0,0,0,0,0,0,0,0,0,0,0,0,"","","","","",""
http://statistics.gov.scot/id/statistical-geography/S01006160,Dunblane (Newton),25,0,0,0,0,0,0,0,0,0,0,0,"","","","","",""
http://statistics.gov.scot/id/statistical-geography/S01006156,Dunblane (Old Doune Road),0,0,0,14.29,14.29,18.18,11.11,11.11,0,0,0,0,"","","","","",""
http://statistics.gov.scot/id/statistical-geography/S01006157,Dunblane (Springfield),10,0,0,0,0,0,9.09,8.33,11.11,0,0,0,"","","","","",""
http://statistics.gov.scot/id/statistical-geography/S01006161,Dunblane (Wallace),25,22.22,37.5,20,20,0,0,0,0,0,0,0,"","","","","",""
http://statistics.gov.scot/id/statistical-geography/S01002758,Dunearn,14.29,0,16.67,33.33,33.33,20,0,0,20,23.08,27.27,11.11,"","","","","",""
http://statistics.gov.scot/id/statistical-geography/S01002611,Dunfermline Business Park,25,28.57,30,30,25,0,9.09,6.25,6.67,6.25,5,5,"","","","","",""
http://statistics.gov.scot/id/statistical-geography/S01002814,Dunnikier & Strathore,18.75,25,8.33,30.77,41.67,35.29,28.57,25,37.5,27.27,30.77,29.41,"","","","","",""
http://statistics.gov.scot/id/statistical-geography/S01002797,Dunnikier Central,11.11,20,30,22.22,11.11,0,0,0,0,0,0,0,"","","","","",""
http://statistics.gov.scot/id/statistical-geography/S01002795,Dunnikier East,0,0,20,16.67,11.11,0,0,0,0,0,16.67,28.57,"","","","","",""
http://statistics.gov.scot/id/statistical-geography/S01002802,Dunnikier North,12.5,0,0,0,0,0,0,0,0,0,33.33,25,"","","","","",""
http://statistics.gov.scot/id/statistical-geography/S01002800,Dunnikier North West,0,16.67,14.29,14.29,0,0,0,0,0,0,0,0,"","","","","",""
http://statistics.gov.scot/id/statistical-geography/S01002789,Dunnikier South,40,40,33.33,0,0,0,0,0,20,33.33,20,0,"","","","","",""
http://statistics.gov.scot/id/statistical-geography/S01002756,Dysart Central,18.18,21.05,23.53,42.86,28.57,0,0,9.09,7.69,8.33,0,0,"","","","","",""
http://statistics.gov.scot/id/statistical-geography/S01002770,Dysart North,0,0,0,0,8.33,7.69,10,0,16.67,27.27,55.56,42.86,"","","","","",""
http://statistics.gov.scot/id/statistical-geography/S01002784,Dysart North East,9.09,14.29,7.14,22.22,12.5,30,22.22,30,14.29,14.29,28.57,42.86,"","","","","",""
http://statistics.gov.scot/id/statistical-geography/S01002851,Earlsferry,0,0,0,0,0,0,25,16.67,20,0,0,0,"","","","","",""
http://statistics.gov.scot/id/statistical-geography/S01004285,East Kinloss,0,2.33,7.69,11.76,13.79,6.9,3.57,0,0,0,0,11.76,"","","","","",""
http://statistics.gov.scot/id/statistical-geography/S01002346,East North Uist to Berneray,"",0,0,0,0,16.67,16.67,25,0,20,14.29,14.29,"","","","","",""
http://statistics.gov.scot/id/statistical-geography/S01002987,East Sands,7.69,0,9.09,10,9.09,0,0,10,7.69,9.09,0,0,"","","","","",""
http://statistics.gov.scot/id/statistical-geography/S01002811,East Wemyss,11.11,0,0,8.33,8.33,8.33,0,0,16.67,21.43,20,7.69,"","","","","",""
http://statistics.gov.scot/id/statistical-geography/S01002844,Eastfield,0,0,7.69,8.33,16.67,0,0,0,0,0,0,0,"","","","","",""
http://statistics.gov.scot/id/statistical-geography/S01004295,Elgin Ashgrove and East End,10,18.18,22.22,30,16.67,14.29,11.11,9.09,7.69,0,0,0,"","","","","",""
http://statistics.gov.scot/id/statistical-geography/S01004305,Elgin Bishopmill Brae,0,0,10,14.29,25,14.29,12.5,11.11,0,0,0,0,"","","","","",""
http://statistics.gov.scot/id/statistical-geography/S01004306,Elgin Bishopmill Central,0,20,20,20,22.22,30,37.5,25,25,16.67,12.5,12.5,"","","","","",""
http://statistics.gov.scot/id/statistical-geography/S01004310,Elgin Bishopmill North,33.33,41.67,36.36,25,21.74,28,30.43,29.41,28.57,46.15,46.15,41.67,"","","","","",""
http://statistics.gov.scot/id/statistical-geography/S01004300,Elgin Cathedral,22.22,25,0,14.29,10,14.29,0,0,5.26,11.11,11.11,0,"","","","","",""
http://statistics.gov.scot/id/statistical-geography/S01004294,Elgin College,0,0,0,0,18.18,25,37.5,21.43,20,14.29,0,0,"","","","","",""
http://statistics.gov.scot/id/statistical-geography/S01004304,Elgin Kingsmills,18.75,23.08,31.25,28.57,20,5.88,15,18.75,40,54.55,38.46,20,"","","","","",""
http://statistics.gov.scot/id/statistical-geography/S01004299,Elgin Ladyhill,16.67,28.57,25,33.33,37.5,23.08,7.14,5.56,11.11,8.33,23.08,28.57,"","","","","",""
http://statistics.gov.scot/id/statistical-geography/S01004311,Elgin Lesmurdie,29.41,38.89,43.75,30,11.54,10,13.33,19.05,25,16,14.29,13.04,"","","","","",""
http://statistics.gov.scot/id/statistical-geography/S01004289,Elgin Manitoba,37.5,20,33.33,0,0,16.67,12.5,14.29,22.22,28.57,28.57,11.11,"","","","","",""
http://statistics.gov.scot/id/statistical-geography/S01004302,Elgin Morriston,25,0,0,0,"",0,0,20,50,42.86,50,33.33,"","","","","",""
http://statistics.gov.scot/id/statistical-geography/S01004297,Elgin Moycroft,11.11,20,14.29,15,6.67,10,30,25,23.08,9.09,6.25,5.56,"","","","","",""
http://statistics.gov.scot/id/statistical-geography/S01004316,Elgin Myreside,0,0,0,0,14.29,14.29,14.29,0,0,6.67,7.69,12.5,"","","","","",""
http://statistics.gov.scot/id/statistical-geography/S01004315,Elgin Newfield,33.33,37.5,27.27,30.77,21.05,11.76,6.25,0,6.67,12.5,13.33,6.67,"","","","","",""
http://statistics.gov.scot/id/statistical-geography/S01004296,Elgin Old Mills,0,0,0,0,15.38,14.29,13.33,0,0,0,0,0,"","","","","",""
http://statistics.gov.scot/id/statistical-geography/S01004293,Elgin Palmercross,23.08,7.14,5,0,0,0,0,0,0,0,0,0,"","","","","",""
http://statistics.gov.scot/id/statistical-geography/S01004292,Elgin Pinefield,0,15.38,11.76,16.67,13.64,28.57,13.79,9.09,2.38,11.43,12,21.74,"","","","","",""
http://statistics.gov.scot/id/statistical-geography/S01004308,Elgin Seafield,30.77,15.38,7.69,7.14,25,25,27.78,17.65,20,28.57,25,18.75,"","","","","",""
http://statistics.gov.scot/id/statistical-geography/S01004303,Elgin South Lesmurdie,42.86,33.33,50,66.67,44.44,44.44,33.33,28.57,14.29,20,18.18,27.27,"","","","","",""
http://statistics.gov.scot/id/statistical-geography/S01004309,Elgin Spynie,0,5.56,7.69,7.69,9.09,7.14,7.14,0,0,0,0,0,"","","","","",""
http://statistics.gov.scot/id/statistical-geography/S01004288,Elgin Wards,0,0,7.14,9.09,12.5,16.67,13.33,13.33,8.33,14.29,30,23.08,"","","","","",""
http://statistics.gov.scot/id/statistical-geography/S01002888,Elie,0,0,0,33.33,50,66.67,50,0,0,0,0,0,"","","","","",""
http://statistics.gov.scot/id/statistical-geography/S01002341,Eriskay to South Boisdale,0,0,0,25,33.33,50,0,50,33.33,33.33,0,100,"","","","","",""
http://statistics.gov.scot/id/statistical-geography/S01002774,Fair Isle,17.65,21.43,7.69,0,0,0,0,11.11,12.5,33.33,25,27.78,"","","","","",""
http://statistics.gov.scot/id/statistical-geography/S01002948,Falkland East & East Lomond,0,0,12.5,12.5,10,0,10,25,30,25,0,0,"","","","","",""
http://statistics.gov.scot/id/statistical-geography/S01002947,Falkland West & Craigmead,9.09,25,25,16.67,14.29,12.5,0,0,0,0,0,0,"","","","","",""
http://statistics.gov.scot/id/statistical-geography/S01006107,Fallin Central,10,11.11,9.09,6.67,21.43,15.38,22.22,20,23.08,20,7.69,10,"","","","","",""
http://statistics.gov.scot/id/statistical-geography/S01006106,Fallin East,13.64,5.26,0,5.88,5.56,6.67,0,5.26,9.09,12.5,9.09,4.76,"","","","","",""
http://statistics.gov.scot/id/statistical-geography/S01006110,Fallin West,25,16.67,33.33,11.11,14.29,13.33,36.36,37.5,25,23.08,30.77,33.33,"","","","","",""
http://statistics.gov.scot/id/statistical-geography/S01004252,"Farmtown, Gavoch of Grange, Grange Crossroads and Sillyearn",14.29,0,20,33.33,40,0,0,0,0,0,0,0,"","","","","",""
http://statistics.gov.scot/id/statistical-geography/S01002968,Feddinch Landward,16.67,33.33,22.22,14.29,10,4.76,4.76,0,5.26,6.67,6.25,0,"","","","","",""
http://statistics.gov.scot/id/statistical-geography/S01004248,Fife Keith,0,0,16.67,36.36,30.77,40,36.36,38.46,18.75,13.33,7.69,0,"","","","","",""
http://statistics.gov.scot/id/statistical-geography/S01004312,Findhorn,0,0,0,0,0,0,0,0,0,0,0,20,"","","","","",""
http://statistics.gov.scot/id/statistical-geography/S01004307,"Findhorn, Muirhead and Hempriggs",0,0,0,0,0,0,0,0,0,8.7,8.7,11.11,"","","","","",""
http://statistics.gov.scot/id/statistical-geography/S01004332,Findochty,0,0,25,33.33,20,0,0,0,0,0,0,0,"","","","","",""
http://statistics.gov.scot/id/statistical-geography/S01004333,Findochty East,16.67,20,16.67,16.67,16.67,16.67,16.67,14.29,16.67,40,33.33,16.67,"","","","","",""
http://statistics.gov.scot/id/statistical-geography/S01006074,Fintry,0,0,0,0,0,0,0,0,0,0,0,0,"","","","","",""
http://statistics.gov.scot/id/statistical-geography/S01003003,Flisk Lindores & Luthrie,0,0,0,0,0,0,0,0,0,0,0,0,"","","","","",""
http://statistics.gov.scot/id/statistical-geography/S01004269,Fochabers North,0,10,12.5,11.11,0,0,11.11,14.29,28.57,12.5,10,0,"","","","","",""
http://statistics.gov.scot/id/statistical-geography/S01004264,Fochabers South,11.11,12.5,25,0,0,0,0,0,0,0,0,0,"","","","","",""
http://statistics.gov.scot/id/statistical-geography/S01004259,Forres Balnaferry,11.11,27.27,36.36,30,20,0,0,16.67,50,40,25,20,"","","","","",""
http://statistics.gov.scot/id/statistical-geography/S01004266,Forres Burdshaugh,33.33,20,40,25,33.33,0,0,0,9.09,16.67,20,28.57,"","","","","",""
http://statistics.gov.scot/id/statistical-geography/S01004270,Forres Central,15.38,9.09,12.5,0,14.29,30,38.46,46.15,41.67,44.44,28.57,14.29,"","","","","",""
http://statistics.gov.scot/id/statistical-geography/S01004272,Forres Forbeshill,0,0,16.67,12.5,11.11,0,0,0,12.5,16.67,20,33.33,"","","","","",""
http://statistics.gov.scot/id/statistical-geography/S01004271,Forres Grant Park,0,0,20,12.5,12.5,0,12.5,18.18,25,33.33,50,50,"","","","","",""
http://statistics.gov.scot/id/statistical-geography/S01004268,Forres Greshop,0,0,0,0,0,20,23.08,27.27,18.18,20,36.36,30,"","","","","",""
http://statistics.gov.scot/id/statistical-geography/S01004260,Forres Mannachie,0,0,0,0,0,0,0,0,0,14.29,33.33,33.33,"","","","","",""
http://statistics.gov.scot/id/statistical-geography/S01004265,Forres Pilmuir,40,30,28.57,27.78,40,33.33,27.27,14.29,10.53,7.14,6.67,9.09,"","","","","",""
http://statistics.gov.scot/id/statistical-geography/S01004263,Forres Plasmon Mills,22.22,16.67,14.29,12.5,0,0,33.33,22.22,27.27,10,14.29,14.29,"","","","","",""
http://statistics.gov.scot/id/statistical-geography/S01004267,Forres St Leonards,33.33,33.33,0,0,0,0,0,33.33,20,20,0,0,"","","","","",""
http://statistics.gov.scot/id/statistical-geography/S01004273,Forres Sueno,0,0,0,0,0,20,25,37.5,20,25,0,0,"","","","","",""
http://statistics.gov.scot/id/statistical-geography/S01004261,Forres Thornhill,0,0,0,0,10,25,44.44,33.33,30.77,30.77,30,20,"","","","","",""
http://statistics.gov.scot/id/statistical-geography/S01004276,Forres Waterford,9.09,9.09,0,0,7.69,15.38,16.67,16.67,27.27,25,15.38,0,"","","","","",""
http://statistics.gov.scot/id/statistical-geography/S01002733,Forth Park,0,0,0,0,0,0,0,12.5,14.29,11.11,25,25,"","","","","",""
http://statistics.gov.scot/id/statistical-geography/S01002742,Forth Park North,21.43,22.22,12.5,0,0,12.5,11.76,25,22.73,27.78,15.79,14.29,"","","","","",""
http://statistics.gov.scot/id/statistical-geography/S01002943,Freuchie North & New Inn,0,0,12.5,11.11,14.29,0,0,0,0,0,9.09,9.09,"","","","","",""
http://statistics.gov.scot/id/statistical-geography/S01002945,Freuchie South & Muirhead,0,0,0,0,0,0,0,0,0,0,0,0,"","","","","",""
http://statistics.gov.scot/id/statistical-geography/S01002779,Gallatown West,28.57,33.33,50,50,33.33,20,21.43,29.41,30,30,40,47.37,"","","","","",""
http://statistics.gov.scot/id/statistical-geography/S01002373,Galson to Swainbost,14.29,20,0,0,0,40,33.33,25,0,0,0,0,"","","","","",""
http://statistics.gov.scot/id/statistical-geography/S01006131,Gargunnock,10,0,0,0,0,0,0,0,0,0,20,20,"","","","","",""
http://statistics.gov.scot/id/statistical-geography/S01004319,"Garmouth, Blinkbonnie and Kingston",0,0,0,0,0,0,0,0,25,20,16.67,0,"","","","","",""
http://statistics.gov.scot/id/statistical-geography/S01002362,Garrabost,11.11,8.33,8.33,9.09,11.11,14.29,12.5,11.11,12.5,9.09,0,0,"","","","","",""
http://statistics.gov.scot/id/statistical-geography/S01006150,Gartmore,0,0,0,0,7.14,10,8.33,8.33,7.14,7.69,0,0,"","","","","",""
http://statistics.gov.scot/id/statistical-geography/S01002675,Garvock Hill North East,0,0,0,0,0,9.09,8.33,12.5,0,0,0,0,"","","","","",""
http://statistics.gov.scot/id/statistical-geography/S01002664,Garvock Hill South,0,0,11.11,16.67,14.29,0,0,0,9.09,8.33,9.09,0,"","","","","",""
http://statistics.gov.scot/id/statistical-geography/S01002670,Garvock Hill West,0,0,0,0,0,0,0,0,0,0,0,14.29,"","","","","",""
http://statistics.gov.scot/id/statistical-geography/S01002954,Gateside Landward,0,0,0,0,0,9.09,10,9.09,0,6.67,7.69,14.29,"","","","","",""
http://statistics.gov.scot/id/statistical-geography/S01003012,Gauldry & Balmerino,22.22,0,0,0,5.56,5,5.26,0,0,0,0,0,"","","","","",""
http://statistics.gov.scot/id/statistical-geography/S01004258,"Glen of Newmill, Aultmore, Ordliquish and Clochan",28.57,22.22,0,0,0,0,5.56,5.88,12.5,0,0,0,"","","","","",""
http://statistics.gov.scot/id/statistical-geography/S01002809,Glencraig Landward,15,23.53,22.22,25,22.22,30.77,27.78,20,14.29,23.08,27.27,20,"","","","","",""
http://statistics.gov.scot/id/statistical-geography/S01004255,"Glenlatterach, Thomshill, Fogwatt, Moss of Barmuckity",0,0,0,0,5.56,14.29,12.9,9.09,8.93,10,14.81,12,"","","","","",""
http://statistics.gov.scot/id/statistical-geography/S01002359,Goathill,16.67,20,0,0,0,0,0,5.88,10.53,12.5,8.33,0,"","","","","",""
http://statistics.gov.scot/id/statistical-geography/S01004328,Gordonsburgh,13.33,14.29,8.33,7.69,12.5,25,25,28.57,16.67,25,20,33.33,"","","","","",""
http://statistics.gov.scot/id/statistical-geography/S01002716,Gowkhall & Landward,6.67,7.69,20,37.5,33.33,16.67,0,0,0,0,0,0,"","","","","",""
http://statistics.gov.scot/id/statistical-geography/S01002371,Gress to Tolsta,0,0,0,0,16.67,25,16.67,33.33,28.57,33.33,30,42.86,"","","","","",""
http://statistics.gov.scot/id/statistical-geography/S01003004,Guardbridge,12.5,16.67,25,0,0,0,12.5,10,10,0,0,0,"","","","","",""
http://statistics.gov.scot/id/statistical-geography/S01002374,Habost to Port of Ness,0,0,0,16.67,14.29,20,0,20,14.29,16.67,0,0,"","","","","",""
http://statistics.gov.scot/id/statistical-geography/S01002682,Halbeath,25,25,0,0,0,14.29,44.44,42.86,29.41,23.53,18.75,18.75,"","","","","",""
http://statistics.gov.scot/id/statistical-geography/S01002982,Hallow Hill,0,0,0,0,0,0,0,0,0,25,20,20,"","","","","",""
http://statistics.gov.scot/id/statistical-geography/S01002981,Hallow Hill South,12.5,25,50,16.67,0,0,0,0,8.33,11.11,12.5,0,"","","","","",""
http://statistics.gov.scot/id/statistical-geography/S01002764,Hayfield North,50,16.67,12.5,28.57,50,50,66.67,56.25,47.37,22.22,16.67,17.65,"","","","","",""
http://statistics.gov.scot/id/statistical-geography/S01002747,Hayfield South,0,0,14.29,22.22,25,10,20,23.08,33.33,11.11,16.67,25,"","","","","",""
http://statistics.gov.scot/id/statistical-geography/S01002684,Headwell Central,0,0,0,0,0,15.38,13.33,16.67,6.25,6.25,6.67,12.5,"","","","","",""
http://statistics.gov.scot/id/statistical-geography/S01002685,Headwell East,23.53,14.29,22.73,20,40,50,35.71,18.75,18.75,25,23.53,18.75,"","","","","",""
http://statistics.gov.scot/id/statistical-geography/S01002692,Headwell North,50,27.27,16.67,18.18,25,11.11,10,9.09,12.5,11.11,22.22,20,"","","","","",""
http://statistics.gov.scot/id/statistical-geography/S01002680,Headwell South West,6.25,6.67,7.14,12.5,5,16.67,20.83,31.82,25,16.67,11.11,11.76,"","","","","",""
http://statistics.gov.scot/id/statistical-geography/S01002647,High Valleyfield,38.46,50,46.67,47.06,41.18,50,46.15,26.67,23.53,27.78,36.84,35.71,"","","","","",""
http://statistics.gov.scot/id/statistical-geography/S01002711,Hill of Beath,20,30,27.27,12.5,0,12.5,33.33,66.67,36.84,26.32,5.56,14.29,"","","","","",""
http://statistics.gov.scot/id/statistical-geography/S01002712,Hill of Beath & Landward,10,12.5,11.11,0,10,10,16.67,0,0,20,40,43.75,"","","","","",""
http://statistics.gov.scot/id/statistical-geography/S01006093,Hillpark (Benview),27.27,33.33,33.33,33.33,25,7.69,7.14,0,0,8.33,10,20,"","","","","",""
http://statistics.gov.scot/id/statistical-geography/S01006092,Hillpark (Park Drive & Firs Crescent),28.57,41.67,33.33,28.57,22.22,30,28.57,25,25,20,25,14.29,"","","","","",""
http://statistics.gov.scot/id/statistical-geography/S01006090,Hillpark South,27.27,22.22,14.29,0,33.33,50,53.85,40,27.27,26.67,31.25,45,"","","","","",""
http://statistics.gov.scot/id/statistical-geography/S01004338,Hopeman East,0,11.11,25,20,22.22,12.5,33.33,0,0,0,0,0,"","","","","",""
http://statistics.gov.scot/id/statistical-geography/S01004339,Hopeman West,12.5,18.75,13.33,14.29,0,10,14.29,10,0,7.69,14.29,15.38,"","","","","",""
http://statistics.gov.scot/id/statistical-geography/S01002850,Innerleven,8.33,7.69,25,23.08,28.57,27.27,35.29,27.78,19.05,5,0,0,"","","","","",""
http://statistics.gov.scot/id/statistical-geography/S01002580,Inverkeithing East,44.44,40,15.79,15.38,7.69,25,25,21.43,20,18.75,50,58.33,"","","","","",""
http://statistics.gov.scot/id/statistical-geography/S01002574,Inverkeithing Jamestown,13.33,27.27,11.11,8.33,0,7.69,7.69,12.5,16.67,17.65,19.05,11.76,"","","","","",""
http://statistics.gov.scot/id/statistical-geography/S01002598,Inverkeithing North,0,8.33,8.33,7.69,0,9.09,7.69,6.67,11.11,8.7,9.52,4.55,"","","","","",""
http://statistics.gov.scot/id/statistical-geography/S01002585,Inverkeithing North East,0,12.5,25,25,12.5,7.69,0,0,0,0,7.69,10,"","","","","",""
http://statistics.gov.scot/id/statistical-geography/S01002577,Inverkeithing South East,35.29,50,45.45,40,25,40,40,45,27.78,26.32,24,30,"","","","","",""
http://statistics.gov.scot/id/statistical-geography/S01002582,Inverkeithing West,0,0,0,0,0,0,0,8.33,20,16.67,8.33,15.38,"","","","","",""
http://statistics.gov.scot/id/statistical-geography/S01002654,KInghorn Central,30.77,15.38,12.5,0,0,0,25,20,41.67,20,28.57,9.09,"","","","","",""
http://statistics.gov.scot/id/statistical-geography/S01004247,Keith Balloch Road,36.36,35.29,42.86,28.57,11.11,0,7.69,18.75,30.77,44.44,66.67,20,"","","","","",""
http://statistics.gov.scot/id/statistical-geography/S01004249,Keith Central,9.09,20,18.18,33.33,42.86,46.15,43.75,33.33,36.36,27.27,33.33,11.11,"","","","","",""
http://statistics.gov.scot/id/statistical-geography/S01004251,Keith Grammer School and Isla Mills,12.5,12.5,21.43,18.18,22.22,15.38,26.67,29.41,38.46,18.18,14.29,0,"","","","","",""
http://statistics.gov.scot/id/statistical-geography/S01004250,Keith Regent Square,10,9.09,18.18,16.67,15.38,7.14,0,0,8.33,11.11,14.29,0,"","","","","",""
http://statistics.gov.scot/id/statistical-geography/S01002803,Kelty Blairadam Park,40,14.29,11.11,18.18,12.5,12.5,0,18.18,25,21.43,20,15.38,"","","","","",""
http://statistics.gov.scot/id/statistical-geography/S01002790,Kelty Central,28.57,35.29,28.57,15,15,18.75,13.33,9.09,33.33,42.86,41.18,27.78,"","","","","",""
http://statistics.gov.scot/id/statistical-geography/S01002796,Kelty East,8.33,8.33,0,0,0,0,0,0,0,33.33,50,40,"","","","","",""
http://statistics.gov.scot/id/statistical-geography/S01002798,Kelty Elmwood,42.86,42.86,33.33,42.86,16.67,28.57,14.29,11.11,10,7.69,9.09,0,"","","","","",""
http://statistics.gov.scot/id/statistical-geography/S01002799,Kelty North East,16.67,0,8.33,14.29,14.29,15.38,20,30.77,25,30,33.33,30,"","","","","",""
http://statistics.gov.scot/id/statistical-geography/S01002785,Kelty South West,40,30.77,35.71,33.33,38.46,38.46,40,38.46,30.77,23.08,8.33,8.33,"","","","","",""
http://statistics.gov.scot/id/statistical-geography/S01002791,Kelty West,60,57.14,57.14,33.33,20,8.33,30.77,41.67,44.44,20,33.33,62.5,"","","","","",""
http://statistics.gov.scot/id/statistical-geography/S01002922,Kennoway Central,30,33.33,33.33,40,37.5,37.5,28.57,25,0,0,0,18.18,"","","","","",""
http://statistics.gov.scot/id/statistical-geography/S01002916,Kennoway East,0,0,42.86,30,46.15,33.33,30.77,23.08,26.67,42.86,33.33,20,"","","","","",""
http://statistics.gov.scot/id/statistical-geography/S01002931,Kennoway North East,0,0,28.57,41.67,38.46,30,18.18,23.08,26.67,15.38,18.18,10,"","","","","",""
http://statistics.gov.scot/id/statistical-geography/S01002929,Kennoway North West,10,14.29,12.5,16.67,0,16.67,23.08,35.29,28.57,28.57,9.09,21.43,"","","","","",""
http://statistics.gov.scot/id/statistical-geography/S01002909,Kennoway Sandy Brae,16.67,14.29,22.22,27.27,38.46,22.22,18.18,7.69,23.08,41.67,44.44,18.18,"","","","","",""
http://statistics.gov.scot/id/statistical-geography/S01002911,Kennoway South East,50,54.55,33.33,42.86,14.29,14.29,0,14.29,45.45,45.45,60,28.57,"","","","","",""
http://statistics.gov.scot/id/statistical-geography/S01002950,Kettlebridge & Rameldry,10,9.09,9.09,8.33,7.69,18.18,20,33.33,0,16.67,16.67,14.29,"","","","","",""
http://statistics.gov.scot/id/statistical-geography/S01006166,Kilbryde and Row,0,0,0,0,0,0,0,0,0,0,0,0,"","","","","",""
http://statistics.gov.scot/id/statistical-geography/S01006073,Killearn North & East,16.67,20,16.67,25,33.33,50,25,25,0,16.67,16.67,14.29,"","","","","",""
http://statistics.gov.scot/id/statistical-geography/S01006070,Killearn South & Dumgoyne,0,0,0,0,0,0,0,0,0,0,0,0,"","","","","",""
http://statistics.gov.scot/id/statistical-geography/S01006071,Killearn Village,0,0,0,0,0,0,0,0,0,0,0,0,"","","","","",""
http://statistics.gov.scot/id/statistical-geography/S01006176,Killin & Ardeonaig,0,0,20,25,40,25,20,11.11,10,7.69,7.69,7.14,"","","","","",""
http://statistics.gov.scot/id/statistical-geography/S01003005,"Kilmany, Rathillet & Logie",27.27,37.5,33.33,16.67,7.69,7.14,6.25,0,0,0,0,0,"","","","","",""
http://statistics.gov.scot/id/statistical-geography/S01002944,Kilrenny & Muiredge,27.27,26.67,20,8.33,0,12.5,11.11,15.38,12.5,13.33,11.11,14.29,"","","","","",""
http://statistics.gov.scot/id/statistical-geography/S01002984,Kilrymont & Langlands,20,14.29,11.11,7.14,7.14,0,0,0,0,0,0,0,"","","","","",""
http://statistics.gov.scot/id/statistical-geography/S01002980,Kilrymont East,20,40,40,37.5,13.33,8.33,0,0,0,12.5,40,100,"","","","","",""
http://statistics.gov.scot/id/statistical-geography/S01002983,Kilrymont West,0,0,16.67,12.5,18.18,12.5,16.67,0,0,18.18,27.27,33.33,"","","","","",""
http://statistics.gov.scot/id/statistical-geography/S01002665,Kincardine East,0,0,18.18,25,25,0,0,0,16.67,14.29,11.11,0,"","","","","",""
http://statistics.gov.scot/id/statistical-geography/S01002661,Kincardine South,14.29,10,20,7.14,7.69,0,0,5.88,7.69,8.33,0,0,"","","","","",""
http://statistics.gov.scot/id/statistical-geography/S01002674,Kincardine West,18.18,27.27,25,26.67,20,25,33.33,33.33,10,7.14,0,0,"","","","","",""
http://statistics.gov.scot/id/statistical-geography/S01002657,Kinghorn North,33.33,11.11,0,0,0,15.38,20,30.77,44.44,40,27.27,10,"","","","","",""
http://statistics.gov.scot/id/statistical-geography/S01002634,Kinghorn South,0,0,0,0,0,0,11.11,12.5,10,0,0,0,"","","","","",""
http://statistics.gov.scot/id/statistical-geography/S01002831,Kinglassie Northwest,28.57,28.57,37.5,37.5,33.33,10,35.29,30,26.09,4.76,0,0,"","","","","",""
http://statistics.gov.scot/id/statistical-geography/S01002827,Kinglassie Southeast,20,22.22,12.5,0,0,8.33,23.08,30,26.67,14.29,19.05,12.5,"","","","","",""
http://statistics.gov.scot/id/statistical-geography/S01006115,Kings Park (Livilands Gate & Randolphfield),0,0,0,7.14,7.69,10,0,16.67,14.29,20,0,0,"","","","","",""
http://statistics.gov.scot/id/statistical-geography/S01006119,Kings Park (Viewforth & Clarendon Place),0,0,0,0,0,0,0,0,0,0,0,0,"","","","","",""
http://statistics.gov.scot/id/statistical-geography/S01002710,Kingseat,10,9.09,10,0,0,0,0,0,0,0,0,0,"","","","","",""
http://statistics.gov.scot/id/statistical-geography/S01002690,Kingseathill,0,0,0,0,0,0,20,20,25,0,0,0,"","","","","",""
http://statistics.gov.scot/id/statistical-geography/S01002952,Kingskettle & Balmalcolm,0,0,0,0,0,0,0,0,0,0,0,0,"","","","","",""
http://statistics.gov.scot/id/statistical-geography/S01002990,Kinness Burn,0,0,0,0,0,0,33.33,40,50,0,0,0,"","","","","",""
http://statistics.gov.scot/id/statistical-geography/S01002989,Kinness Burn East,21.43,23.08,10,9.09,7.69,6.67,5.88,0,0,10,9.09,10,"","","","","",""
http://statistics.gov.scot/id/statistical-geography/S01002992,Kinness Burn West,0,0,100,50,14.29,0,0,25,25,20,0,0,"","","","","",""
http://statistics.gov.scot/id/statistical-geography/S01006118,Kippen East,0,0,0,12.5,16.67,12.5,0,0,0,0,11.11,11.11,"","","","","",""
http://statistics.gov.scot/id/statistical-geography/S01006133,Kippen West,0,0,14.29,14.29,20,0,0,0,0,0,0,0,"","","","","",""
http://statistics.gov.scot/id/statistical-geography/S01006158,Kippenross & Logie,0,0,0,0,0,0,12.5,16.67,25,0,0,0,"","","","","",""
http://statistics.gov.scot/id/statistical-geography/S01002722,Kirkcaldy Central,9.09,10,0,0,0,6.25,5.88,6.25,0,0,0,0,"","","","","",""
http://statistics.gov.scot/id/statistical-geography/S01002730,Kirkcaldy Central & East,16.67,11.76,9.09,0,28.57,30,13.64,5,0,5.56,4.35,5.56,"","","","","",""
http://statistics.gov.scot/id/statistical-geography/S01002726,Kirkcaldy Central North,20,11.11,11.11,0,0,0,0,0,0,0,0,0,"","","","","",""
http://statistics.gov.scot/id/statistical-geography/S01002717,Kirkcaldy Central South,10,0,0,0,0,33.33,28.57,25,0,0,0,0,"","","","","",""
http://statistics.gov.scot/id/statistical-geography/S01002746,Kirkcaldy Long Braes,20,11.11,15.38,30.77,38.46,42.86,11.11,0,9.09,14.29,16.67,10,"","","","","",""
http://statistics.gov.scot/id/statistical-geography/S01002751,Kirkcaldy Valley East,66.67,66.67,33.33,14.29,10,9.09,23.08,53.33,63.64,58.33,36.36,31.58,"","","","","",""
http://statistics.gov.scot/id/statistical-geography/S01002749,Kirkcaldy Valley West,33.33,30,20,28.57,36.36,29.41,27.78,17.65,21.43,15.38,27.27,18.18,"","","","","",""
http://statistics.gov.scot/id/statistical-geography/S01002754,Kirkcaldy Viewforth,0,0,0,0,0,0,0,0,0,0,0,0,"","","","","",""
http://statistics.gov.scot/id/statistical-geography/S01002864,Kirkland North,36.36,36.36,30,36.36,30.77,53.33,54.55,58.33,50,37.5,28.57,50,"","","","","",""
http://statistics.gov.scot/id/statistical-geography/S01002853,Kirkland South,41.67,45.45,27.27,44.44,30,36.36,40,50,61.54,70,50,38.46,"","","","","",""
http://statistics.gov.scot/id/statistical-geography/S01002772,Knock Hill Landward,11.76,6.67,0,0,14.29,9.09,10,23.08,30.77,30.77,14.29,23.08,"","","","","",""
http://statistics.gov.scot/id/statistical-geography/S01004246,Knock and Mains of Mayen,0,0,0,0,0,0,0,0,0,0,0,0,"","","","","",""
http://statistics.gov.scot/id/statistical-geography/S01002353,Knock to  Bayble,12.5,11.11,9.09,7.69,0,18.18,28.57,28.57,0,0,0,0,"","","","","",""
http://statistics.gov.scot/id/statistical-geography/S01002956,Ladybank,12.5,14.29,25,14.29,12.5,0,0,9.09,15.38,16.67,7.14,9.09,"","","","","",""
http://statistics.gov.scot/id/statistical-geography/S01002639,Ladys Mill,0,0,0,5.56,7.14,9.09,0,0,10,11.11,7.69,0,"","","","","",""
http://statistics.gov.scot/id/statistical-geography/S01002946,Langdyke & Montrave,16.67,11.11,12.5,0,0,0,0,0,0,0,0,0,"","","","","",""
http://statistics.gov.scot/id/statistical-geography/S01002986,Langlands West,50,40,44.44,33.33,20,7.69,0,0,0,0,0,16.67,"","","","","",""
http://statistics.gov.scot/id/statistical-geography/S01002949,Largoward Landward,0,0,0,0,0,0,33.33,33.33,33.33,0,0,0,"","","","","",""
http://statistics.gov.scot/id/statistical-geography/S01002991,Lawhead & Northbank,0,0,0,0,0,0,0,0,0,0,0,0,"","","","","",""
http://statistics.gov.scot/id/statistical-geography/S01002905,Leslie East,18.75,11.11,20,0,40,25,22.22,0,7.14,11.11,18.18,11.11,"","","","","",""
http://statistics.gov.scot/id/statistical-geography/S01002935,Leslie Landward,0,0,14.29,30,25,15.38,10,22.22,40,14.29,0,0,"","","","","",""
http://statistics.gov.scot/id/statistical-geography/S01002913,Leslie Parks,11.11,11.11,8.33,0,0,0,0,25,16.67,14.29,0,0,"","","","","",""
http://statistics.gov.scot/id/statistical-geography/S01002870,Leslie South West & Auchmuir,14.29,14.29,0,0,20,18.18,23.08,18.18,15.38,7.69,0,0,"","","","","",""
http://statistics.gov.scot/id/statistical-geography/S01002903,Leslie West,57.14,40,23.08,16.67,25,14.29,22.22,20,26.32,23.53,35.29,41.67,"","","","","",""
http://statistics.gov.scot/id/statistical-geography/S01003008,Leuchars East,33.33,25,14.29,12.5,16.67,8.33,5.26,0,0,0,0,0,"","","","","",""
http://statistics.gov.scot/id/statistical-geography/S01003009,Leuchars North,0,0,0,12.5,12.5,9.09,7.14,12.5,12.5,25,16.67,12.5,"","","","","",""
http://statistics.gov.scot/id/statistical-geography/S01003011,"Leuchars North East, St Michaels & Tentsmuir",6.9,3.45,3.7,9.09,9.09,8.7,2.22,0,0,3.85,3.57,8.33,"","","","","",""
http://statistics.gov.scot/id/statistical-geography/S01003007,Leuchars West,23.81,15,5.56,4.35,3.7,7.14,7.41,13.79,14.81,12.5,11.11,6.67,"","","","","",""
http://statistics.gov.scot/id/statistical-geography/S01002894,Leven Links,15.38,20,22.22,0,0,0,0,0,22.22,25,20,0,"","","","","",""
http://statistics.gov.scot/id/statistical-geography/S01002887,Leven Mountfleurie East,0,25,33.33,100,66.67,50,30,27.27,18.18,22.22,0,0,"","","","","",""
http://statistics.gov.scot/id/statistical-geography/S01002886,Leven Mountfleurie West,57.14,50,50,25,14.29,27.27,16.67,14.29,0,27.27,42.86,37.5,"","","","","",""
http://statistics.gov.scot/id/statistical-geography/S01002895,Leven North,8.33,12.5,9.09,0,0,0,0,0,12.5,14.29,33.33,25,"","","","","",""
http://statistics.gov.scot/id/statistical-geography/S01002892,Leven North West,10,0,10,14.29,37.5,28.57,28.57,0,11.11,18.18,16.67,14.29,"","","","","",""
http://statistics.gov.scot/id/statistical-geography/S01002881,Leven South,12.5,16.67,7.14,15.38,9.09,15.38,28.57,26.67,22.22,5.88,4,0,"","","","","",""
http://statistics.gov.scot/id/statistical-geography/S01002882,Leven South West,40,27.27,7.69,7.69,6.25,9.09,9.09,28.57,13.33,6.67,6.67,30.77,"","","","","",""
http://statistics.gov.scot/id/statistical-geography/S01004279,Lhanbryde East,45,40.91,29.41,25,15.38,35.29,35.29,46.15,30,25,16.67,7.69,"","","","","",""
http://statistics.gov.scot/id/statistical-geography/S01004278,Lhanbryde West,18.18,20,0,12.5,14.29,12.5,0,0,0,11.11,12.5,10,"","","","","",""
http://statistics.gov.scot/id/statistical-geography/S01002589,Limekilns,11.11,33.33,16.67,12.5,10,0,0,0,0,0,0,0,"","","","","",""
http://statistics.gov.scot/id/statistical-geography/S01002709,Linktown Central,16.67,11.11,11.11,12.5,9.09,6.25,11.11,11.54,17.24,15.63,22.58,13.79,"","","","","",""
http://statistics.gov.scot/id/statistical-geography/S01002713,Linktown East,57.14,42.86,37.5,14.29,16.67,37.5,42.86,44.44,33.33,45.45,27.27,36.36,"","","","","",""
http://statistics.gov.scot/id/statistical-geography/S01002714,Linktown North,38.1,23.08,33.33,50,43.75,36.84,21.43,50,44.44,45,33.33,42.86,"","","","","",""
http://statistics.gov.scot/id/statistical-geography/S01002706,Linktown South & Seafield,33.33,33.33,40,31.82,26.09,19.05,21.74,31.82,40.91,39.13,35,22.73,"","","","","",""
http://statistics.gov.scot/id/statistical-geography/S01002342,Loch Boisdale,25,0,25,25,28.57,14.29,12.5,0,0,0,0,12.5,"","","","","",""
http://statistics.gov.scot/id/statistical-geography/S01002343,Loch Eynort to Iochdar,33.33,25,25,40,33.33,20,12.5,20,20,14.29,0,0,"","","","","",""
http://statistics.gov.scot/id/statistical-geography/S01002358,Loch Roag,0,0,0,0,14.29,20,28.57,20,12.5,0,0,14.29,"","","","","",""
http://statistics.gov.scot/id/statistical-geography/S01006175,Lochearnhead & Balquhidder,12.5,12.5,0,0,0,0,0,0,0,0,0,0,"","","","","",""
http://statistics.gov.scot/id/statistical-geography/S01002757,Lochgelly Albion Park,0,0,0,12.5,12.5,14.29,0,20,16.67,16.67,0,0,"","","","","",""
http://statistics.gov.scot/id/statistical-geography/S01002760,Lochgelly Central & Eastern,33.33,16.67,0,0,0,16.67,37.5,33.33,33.33,0,0,0,"","","","","",""
http://statistics.gov.scot/id/statistical-geography/S01002752,Lochgelly Central & Western,33.33,50,66.67,42.86,44.44,22.22,27.27,25,22.22,20,18.18,27.27,"","","","","",""
http://statistics.gov.scot/id/statistical-geography/S01002778,Lochgelly East,33.33,23.08,10.53,15.38,26.67,35.71,29.41,22.22,10.53,9.52,11.11,13.33,"","","","","",""
http://statistics.gov.scot/id/statistical-geography/S01002783,Lochgelly Landward,18.18,18.18,11.11,10,18.18,10,9.09,5.56,9.09,11.43,12.12,15,"","","","","",""
http://statistics.gov.scot/id/statistical-geography/S01002794,Lochgelly North,50,33.33,20,10,23.08,18.18,12.5,0,9.09,10.53,15.79,6.67,"","","","","",""
http://statistics.gov.scot/id/statistical-geography/S01002750,Lochgelly South West,6.67,7.14,9.09,12.5,20,20,27.78,23.53,35.71,33.33,42.86,41.18,"","","","","",""
http://statistics.gov.scot/id/statistical-geography/S01002786,Lochgelly St Patricks & The Beeches,12.5,0,0,0,9.09,6.25,5.88,0,0,0,0,0,"","","","","",""
http://statistics.gov.scot/id/statistical-geography/S01002777,Lochgelly West,27.27,35,38.46,30.77,28.57,14.29,16.67,11.76,11.76,0,6.67,11.76,"","","","","",""
http://statistics.gov.scot/id/statistical-geography/S01002762,Lochgelly West & Lumphinnans Central,11.11,17.65,18.75,27.27,12.5,0,0,33.33,40,41.67,30,22.22,"","","","","",""
http://statistics.gov.scot/id/statistical-geography/S01004313,"Lochill, Darkland North and Urquhart",10.53,0,0,11.76,15.79,13.79,9.68,6.45,5,15.79,16.67,24,"","","","","",""
http://statistics.gov.scot/id/statistical-geography/S01002815,Lochore Central,30.77,21.43,25,25,30,33.33,41.67,36.36,50,35.71,40,21.43,"","","","","",""
http://statistics.gov.scot/id/statistical-geography/S01002816,Lochore North,6.67,18.18,21.43,23.08,30.77,33.33,45.45,36.36,33.33,22.22,20,30,"","","","","",""
http://statistics.gov.scot/id/statistical-geography/S01004257,"Longmorn, Clackmarras, Whitereath, Altonside, Orblistone and Dipple",16.67,20,20,28.57,33.33,25,0,0,0,16.67,33.33,33.33,"","","","","",""
http://statistics.gov.scot/id/statistical-geography/S01004340,Lossiemouth Boyd Anderson,0,28.57,18.18,23.08,18.18,20,12.5,0,12.5,37.5,37.5,30,"","","","","",""
http://statistics.gov.scot/id/statistical-geography/S01004347,Lossiemouth Branderburgh East,10,12.5,0,0,0,0,0,0,0,0,7.69,10,"","","","","",""
http://statistics.gov.scot/id/statistical-geography/S01004348,Lossiemouth Branderburgh West,0,0,20,15.38,18.18,0,0,0,0,0,0,0,"","","","","",""
http://statistics.gov.scot/id/statistical-geography/S01004346,Lossiemouth Central,50,0,25,50,50,20,14.29,12.5,20,14.29,16.67,20,"","","","","",""
http://statistics.gov.scot/id/statistical-geography/S01004342,Lossiemouth Coulardbank,6.45,6.67,9.09,6.25,5.88,9.52,7.69,8.33,5.26,0,4.76,3.7,"","","","","",""
http://statistics.gov.scot/id/statistical-geography/S01004344,Lossiemouth East,15.38,18.18,0,0,0,0,0,0,0,0,10,16.67,"","","","","",""
http://statistics.gov.scot/id/statistical-geography/S01004343,Lossiemouth Hythehill,0,0,0,12.5,33.33,30.77,25,11.11,41.67,41.67,37.5,17.65,"","","","","",""
http://statistics.gov.scot/id/statistical-geography/S01004337,Lossiemouth Seatown,27.27,28.57,22.22,12.5,0,0,0,7.69,16.67,14.29,14.29,7.69,"","","","","",""
http://statistics.gov.scot/id/statistical-geography/S01004345,Lossiemouth Stotfield,21.43,23.53,8.33,18.18,30,30.77,30.77,45.45,37.5,29.41,11.11,0,"","","","","",""
http://statistics.gov.scot/id/statistical-geography/S01004341,Lossiemouth West,10,0,11.11,20,18.18,12.5,22.22,27.27,33.33,25,11.11,16.67,"","","","","",""
http://statistics.gov.scot/id/statistical-geography/S01002617,Low Valleyfield,30.77,30.77,25,22.22,10,23.08,33.33,44.44,41.18,21.43,26.67,35.71,"","","","","",""
http://statistics.gov.scot/id/statistical-geography/S01002921,Lower Largo,0,0,0,0,0,0,0,0,0,0,0,0,"","","","","",""
http://statistics.gov.scot/id/statistical-geography/S01002928,Lower Largo Northern,0,0,0,0,0,0,0,0,16.67,14.29,20,0,"","","","","",""
http://statistics.gov.scot/id/statistical-geography/S01002745,Lumphinnans,66.67,42.86,25,20,29.41,31.82,47.37,36.84,33.33,18.75,13.33,21.43,"","","","","",""
http://statistics.gov.scot/id/statistical-geography/S01002918,Lundin Links,0,0,0,0,0,0,0,0,0,0,0,0,"","","","","",""
http://statistics.gov.scot/id/statistical-geography/S01002678,Lynebank,0,0,9.09,10,7.14,5.26,4.76,5.26,0,0,0,0,"","","","","",""
http://statistics.gov.scot/id/statistical-geography/S01002890,Macedonia East,33.33,33.33,31.25,31.25,33.33,40,20,18.52,13.64,23.08,22.22,0,"","","","","",""
http://statistics.gov.scot/id/statistical-geography/S01002900,Macedonia North,33.33,46.15,33.33,44.44,37.5,36.36,33.33,28.57,46.15,41.18,38.46,25,"","","","","",""
http://statistics.gov.scot/id/statistical-geography/S01002889,Macedonia West,31.25,40,38.46,41.67,33.33,20,12.5,0,11.76,23.81,28.57,25,"","","","","",""
http://statistics.gov.scot/id/statistical-geography/S01002994,Madras & St Leonards,0,0,0,0,0,0,0,0,0,0,0,0,"","","","","",""
http://statistics.gov.scot/id/statistical-geography/S01004317,Mains of Buckie,0,0,0,14.29,50,30,25,14.29,14.29,9.09,18.18,16.67,"","","","","",""
http://statistics.gov.scot/id/statistical-geography/S01002904,Markinch East,0,0,0,9.09,8.33,7.69,9.09,7.69,7.69,0,0,14.29,"","","","","",""
http://statistics.gov.scot/id/statistical-geography/S01002907,Markinch North,9.09,9.09,14.29,33.33,25,22.22,14.29,25,11.11,9.09,15.38,10,"","","","","",""
http://statistics.gov.scot/id/statistical-geography/S01002898,Markinch West,22.22,23.08,23.08,18.18,0,0,0,5,9.52,16.67,12.5,15.38,"","","","","",""
http://statistics.gov.scot/id/statistical-geography/S01002363,Marybank to Newvalley,10,4.55,5.26,11.76,20,20,13.33,13.33,14.29,25,15.38,7.14,"","","","","",""
http://statistics.gov.scot/id/statistical-geography/S01006104,Mayfield & Shirra's Brae,14.29,12.5,33.33,40,33.33,33.33,33.33,42.86,33.33,25,12.5,11.11,"","","","","",""
http://statistics.gov.scot/id/statistical-geography/S01002354,Melbost to Braighe,11.11,14.29,20,20,16.67,7.69,10.53,21.05,28.57,33.33,33.33,25,"","","","","",""
http://statistics.gov.scot/id/statistical-geography/S01002845,Methil Central,31.58,27.78,23.53,13.04,22.22,13.64,25,17.39,26.67,29.41,30.77,25,"","","","","",""
http://statistics.gov.scot/id/statistical-geography/S01002842,Methil Memorial Park,25,50,60,63.64,60,55.56,42.86,30.77,33.33,27.78,25,27.27,"","","","","",""
http://statistics.gov.scot/id/statistical-geography/S01002839,Methil Savoy Park,35.71,33.33,28.57,25,28.57,33.33,50,33.33,25,0,16.67,50,"","","","","",""
http://statistics.gov.scot/id/statistical-geography/S01002837,Methil Shepherds Park,45.45,75,80,60,40,28.57,12.5,11.11,28.57,28.57,11.11,0,"","","","","",""
http://statistics.gov.scot/id/statistical-geography/S01002843,Methilhaven,50,61.54,71.43,62.5,40,18.18,16.67,21.43,30.77,25,23.08,10,"","","","","",""
http://statistics.gov.scot/id/statistical-geography/S01002854,Methilhill Central & South,14.29,14.29,0,20,22.22,25,16.67,20,36.36,50,45.45,23.08,"","","","","",""
http://statistics.gov.scot/id/statistical-geography/S01002855,Methilhill East,57.14,57.14,57.14,44.44,40,40,36.36,45.45,50,54.55,55.56,60,"","","","","",""
http://statistics.gov.scot/id/statistical-geography/S01002859,Methilhill North,22.22,28.57,28.57,25,25,22.22,46.15,41.67,50,45.45,50,36.84,"","","","","",""
http://statistics.gov.scot/id/statistical-geography/S01002863,Methilhill North East,11.11,28.57,40,42.86,20,0,15.38,33.33,29.41,28.57,18.18,36.36,"","","","","",""
http://statistics.gov.scot/id/statistical-geography/S01002838,Methilhill South & Cameron,0,0,0,14.29,9.09,15.38,15.38,20,14.29,20,33.33,40,"","","","","",""
http://statistics.gov.scot/id/statistical-geography/S01002852,Methilhill South West,26.32,20,11.76,31.25,38.1,38.1,26.32,21.05,33.33,26.92,34.78,27.27,"","","","","",""
http://statistics.gov.scot/id/statistical-geography/S01002687,Milesmark,15.38,8.33,5.56,11.54,8,10.53,11.11,15.79,20,10.53,10,5.26,"","","","","",""
http://statistics.gov.scot/id/statistical-geography/S01004238,"Milltown of Auchindoun, Hugh of Glass, Towiemore, Drummuir and Midtown of Buckromb",0,0,0,0,0,0,0,0,0,0,0,0,"","","","","",""
http://statistics.gov.scot/id/statistical-geography/S01006086,Milton Mill,0,6.67,9.09,7.69,0,0,0,14.29,13.33,11.11,3.57,0,"","","","","",""
http://statistics.gov.scot/id/statistical-geography/S01002880,Milton of Balgonie,14.29,0,0,16.67,16.67,25,0,20,12.5,25,20,33.33,"","","","","",""
http://statistics.gov.scot/id/statistical-geography/S01002793,Mitchelston & Randolph,11.11,10,8.33,11.11,7.14,7.69,0,12.5,25,29.41,23.53,7.14,"","","","","",""
http://statistics.gov.scot/id/statistical-geography/S01002965,"Monimail, Pitlessie & Cults",20,14.29,14.29,0,0,0,0,0,0,0,0,0,"","","","","",""
http://statistics.gov.scot/id/statistical-geography/S01002955,Monkston to Lathrisk,0,0,0,0,0,0,0,0,0,7.69,10,18.18,"","","","","",""
http://statistics.gov.scot/id/statistical-geography/S01006140,Monument and Manor Powis,0,20,20,14.29,14.29,20,20,11.11,0,0,0,10,"","","","","",""
http://statistics.gov.scot/id/statistical-geography/S01002705,Mossbank & Donibristle,11.11,10,7.14,0,0,0,7.69,12.5,21.43,23.08,15.38,7.69,"","","","","",""
http://statistics.gov.scot/id/statistical-geography/S01004275,Mosstodloch,0,16.67,50,50,25,16.67,20,16.67,25,20,25,18.18,"","","","","",""
http://statistics.gov.scot/id/statistical-geography/S01004287,"Mosstodloch, Crofts Of Dipple and Muir of Lochs",20,50,28.57,25,16.67,25,33.33,0,0,0,0,0,"","","","","",""
http://statistics.gov.scot/id/statistical-geography/S01004243,"Mulben, Forgie, Maggieknockater, Auchlunkart, Glentauchers and Rosarie",25,33.33,25,25,16.67,0,0,0,0,10,16.67,40,"","","","","",""
http://statistics.gov.scot/id/statistical-geography/S01004284,New Elgin Bilbohall,25,22.22,10,21.43,28.57,26.32,20,15.38,7.69,7.14,21.05,33.33,"","","","","",""
http://statistics.gov.scot/id/statistical-geography/S01004280,New Elgin Central,0,10,20,27.27,33.33,30.77,33.33,20,12.5,16.67,11.11,10,"","","","","",""
http://statistics.gov.scot/id/statistical-geography/S01004283,New Elgin East Thornhill,25,26.67,25,18.75,22.22,18.75,13.33,0,16.67,22.22,30,20,"","","","","",""
http://statistics.gov.scot/id/statistical-geography/S01004277,New Elgin Hardhillock,15.38,18.18,20,20,11.11,0,0,0,0,0,0,0,"","","","","",""
http://statistics.gov.scot/id/statistical-geography/S01004291,New Elgin Milnefield,4.17,7.69,0,12.5,7.69,6.67,0,8.33,10,14.29,0,14.29,"","","","","",""
http://statistics.gov.scot/id/statistical-geography/S01004282,New Elgin West Thornhill,21.43,29.41,21.43,33.33,37.5,33.33,23.81,36,37.5,42.11,23.08,22.73,"","","","","",""
http://statistics.gov.scot/id/statistical-geography/S01002941,New Gilston & Upper Largo,23.53,22.22,18.18,0,0,0,0,0,0,14.29,10,11.11,"","","","","",""
http://statistics.gov.scot/id/statistical-geography/S01003002,Newburgh East,30.77,16.67,6.25,7.14,7.14,10,8.33,13.33,11.11,12.5,7.69,0,"","","","","",""
http://statistics.gov.scot/id/statistical-geography/S01003001,"Newburgh North East, & Braeside of Lindores",0,0,0,0,0,0,0,0,0,20,16.67,37.5,"","","","","",""
http://statistics.gov.scot/id/statistical-geography/S01002998,Newburgh West & Lochmill,0,27.27,36.36,33.33,11.11,11.11,14.29,16.67,11.76,7.69,20,33.33,"","","","","",""
http://statistics.gov.scot/id/statistical-geography/S01002878,Newcastle East,12.5,10,0,0,0,0,0,0,0,22.22,44.44,44.44,"","","","","",""
http://statistics.gov.scot/id/statistical-geography/S01002867,Newcastle West,0,0,0,0,0,0,16.67,20,25,12.5,0,0,"","","","","",""
http://statistics.gov.scot/id/statistical-geography/S01002753,Newliston,11.11,0,0,0,100,50,20,0,0,0,0,0,"","","","","",""
http://statistics.gov.scot/id/statistical-geography/S01002366,Newmarket,0,0,0,0,8.33,8.33,9.09,0,0,0,15.38,18.18,"","","","","",""
http://statistics.gov.scot/id/statistical-geography/S01004253,"Newmill, Burn of Aultmore and Garralburn",20,25,37.5,37.5,33.33,0,33.33,33.33,22.22,10,0,0,"","","","","",""
http://statistics.gov.scot/id/statistical-geography/S01003017,Newport Central,20,25,0,20,12.5,9.09,0,0,0,0,0,0,"","","","","",""
http://statistics.gov.scot/id/statistical-geography/S01003018,Newport East,0,0,7.69,11.11,13.33,7.69,6.67,0,0,0,0,0,"","","","","",""
http://statistics.gov.scot/id/statistical-geography/S01003021,Newport North East,0,14.29,16.67,28.57,20,9.09,0,0,0,14.29,12.5,11.11,"","","","","",""
http://statistics.gov.scot/id/statistical-geography/S01003016,Newport West,0,0,0,0,0,0,0,0,0,0,0,0,"","","","","",""
http://statistics.gov.scot/id/statistical-geography/S01002355,Newton to Plasterfield,27.27,28.57,21.43,9.09,8.33,14.29,12.5,15.38,7.14,14.29,11.76,23.53,"","","","","",""
http://statistics.gov.scot/id/statistical-geography/S01002340,North Barra,0,0,0,0,0,0,0,0,0,0,0,0,"","","","","",""
http://statistics.gov.scot/id/statistical-geography/S01002360,North Bayhead (Stornoway),20,20,12.5,0,0,10,11.11,16.67,12.5,33.33,42.86,30,"","","","","",""
http://statistics.gov.scot/id/statistical-geography/S01002345,North Benbecula to Grimsay,10,10,9.09,27.27,18.18,18.18,0,11.11,25,20,10,0,"","","","","",""
http://statistics.gov.scot/id/statistical-geography/S01002349,North Harris and Scalpay,0,0,0,0,0,12.5,23.08,30,41.67,33.33,21.43,0,"","","","","",""
http://statistics.gov.scot/id/statistical-geography/S01002996,North Haugh,0,0,0,0,0,0,0,0,0,0,0,0,"","","","","",""
http://statistics.gov.scot/id/statistical-geography/S01002352,North Lochs,20,14.29,0,0,0,0,0,7.14,8.33,11.11,0,0,"","","","","",""
http://statistics.gov.scot/id/statistical-geography/S01002364,North Manor Park,33.33,36.36,33.33,28.57,0,0,7.69,7.14,7.69,9.09,12.5,16.67,"","","","","",""
http://statistics.gov.scot/id/statistical-geography/S01002942,North Pittenweem & Carnbee,28.57,40,0,10,10,16.67,0,0,0,0,0,0,"","","","","",""
http://statistics.gov.scot/id/statistical-geography/S01002572,North Queensferry,0,0,0,0,0,0,0,0,0,0,0,0,"","","","","",""
http://statistics.gov.scot/id/statistical-geography/S01002573,North Queensferry Ferryhills,0,0,0,0,0,0,0,0,12.5,18.18,25,20,"","","","","",""
http://statistics.gov.scot/id/statistical-geography/S01002694,Oakley East,63.64,70,60,27.27,18.18,11.11,33.33,12.5,50,33.33,35.29,7.14,"","","","","",""
http://statistics.gov.scot/id/statistical-geography/S01002700,Oakley North,50,50,50,50,18.18,35.71,30.77,43.75,42.86,35,33.33,23.53,"","","","","",""
http://statistics.gov.scot/id/statistical-geography/S01002724,Oriel & Forth,10,10,0,12.5,20,20,0,0,7.14,13.33,16.67,12.5,"","","","","",""
http://statistics.gov.scot/id/statistical-geography/S01002782,Overton,27.27,22.22,12.5,28.57,40,16.67,0,10,10,12.5,9.09,13.33,"","","","","",""
http://statistics.gov.scot/id/statistical-geography/S01004298,"Paddockhaugh, Miltonduff and Coltfield",0,0,0,0,0,0,0,0,9.09,11.11,25,14.29,"","","","","",""
http://statistics.gov.scot/id/statistical-geography/S01002350,Pairc and Kinloch,9.09,10,7.14,0,0,33.33,20,16.67,0,11.11,8.33,10,"","","","","",""
http://statistics.gov.scot/id/statistical-geography/S01002748,Pathhead Central,18.75,9.09,14.29,25,12.5,0,0,5,8,13.64,16.67,16.67,"","","","","",""
http://statistics.gov.scot/id/statistical-geography/S01002743,Pathhead North West,27.78,38.46,38.46,27.27,22.22,40,27.27,26.67,12.5,13.33,0,0,"","","","","",""
http://statistics.gov.scot/id/statistical-geography/S01002735,Pathhead Sands,0,0,11.11,25,33.33,10,0,0,0,0,0,0,"","","","","",""
http://statistics.gov.scot/id/statistical-geography/S01002958,Peat Inn & Dunino,11.11,12.5,0,12.5,18.18,18.18,22.22,16.67,25,0,14.29,16.67,"","","","","",""
http://statistics.gov.scot/id/statistical-geography/S01002595,Pettiesmuir,0,0,10,11.11,20,0,0,0,0,0,0,0,"","","","","",""
http://statistics.gov.scot/id/statistical-geography/S01002629,Pitbauchlie & Pitcorthie North West,0,7.69,7.69,7.14,0,0,0,0,0,0,0,0,"","","","","",""
http://statistics.gov.scot/id/statistical-geography/S01002626,Pitbauchlie West,33.33,33.33,28.57,60,44.44,36.36,33.33,36.36,43.75,35,38.89,30.77,"","","","","",""
http://statistics.gov.scot/id/statistical-geography/S01002930,Pitcairn,40,40,42.86,25,22.22,0,14.29,14.29,30.77,30,38.46,37.5,"","","","","",""
http://statistics.gov.scot/id/statistical-geography/S01002625,Pitcorthie Central,6.67,0,0,0,0,12.5,10,9.09,0,0,0,0,"","","","","",""
http://statistics.gov.scot/id/statistical-geography/S01002621,Pitcorthie East,12.5,15.38,7.69,7.69,0,0,0,0,0,0,0,0,"","","","","",""
http://statistics.gov.scot/id/statistical-geography/S01002637,Pitcorthie North,33.33,54.55,54.55,33.33,11.11,0,0,0,0,0,6.25,7.14,"","","","","",""
http://statistics.gov.scot/id/statistical-geography/S01002632,Pitcorthie North East,14.29,12.5,0,0,0,0,0,7.14,27.27,33.33,27.27,11.11,"","","","","",""
http://statistics.gov.scot/id/statistical-geography/S01002638,Pitcorthie North West,30,15.38,20,30.77,30,20,20,20,21.43,16.67,20,9.09,"","","","","",""
http://statistics.gov.scot/id/statistical-geography/S01002616,Pitcorthie South,0,0,0,0,0,0,0,20,14.29,16.67,0,0,"","","","","",""
http://statistics.gov.scot/id/statistical-geography/S01002623,Pitcorthie South East,0,0,3.13,2.17,1.85,0,0,3.77,3.45,5,0,3.85,"","","","","",""
http://statistics.gov.scot/id/statistical-geography/S01002624,Pitcorthie West,0,8.33,16.67,18.18,22.22,11.11,10,0,0,0,10,9.09,"","","","","",""
http://statistics.gov.scot/id/statistical-geography/S01002915,Pitcoudie,30,33.33,21.74,16.67,33.33,38.89,40,14.29,18.75,15.79,18.75,20,"","","","","",""
http://statistics.gov.scot/id/statistical-geography/S01002619,Pitreavie,13.33,15.38,0,7.14,7.69,20,0,0,10,12.5,12.5,0,"","","","","",""
http://statistics.gov.scot/id/statistical-geography/S01002659,Pittencrieff & Crossford East,16.67,20,0,0,12.5,10,42.86,20,28.57,28.57,40,33.33,"","","","","",""
http://statistics.gov.scot/id/statistical-geography/S01002920,Pittenweem East,0,0,0,0,0,14.29,14.29,20,14.29,14.29,12.5,8.33,"","","","","",""
http://statistics.gov.scot/id/statistical-geography/S01002917,Pittenweem West,0,0,0,0,0,0,0,0,0,0,0,0,"","","","","",""
http://statistics.gov.scot/id/statistical-geography/S01002848,Pitteuchar Central,38.89,35.29,40,30.77,37.5,26.67,25,14.29,35.71,28.57,30.77,0,"","","","","",""
http://statistics.gov.scot/id/statistical-geography/S01002847,Pitteuchar East,9.09,12.5,20,13.33,10.53,9.52,7.41,9.52,10.53,13.33,11.76,5.26,"","","","","",""
http://statistics.gov.scot/id/statistical-geography/S01002840,Pitteuchar South,22.22,28.57,25,60,28.57,12.5,0,11.11,22.22,28.57,12.5,0,"","","","","",""
http://statistics.gov.scot/id/statistical-geography/S01002849,Pitteuchar West,20,13.33,17.65,13.33,21.43,18.18,23.08,16.67,18.18,27.27,23.08,21.43,"","","","","",""
http://statistics.gov.scot/id/statistical-geography/S01006076,Plean North & Durieshill,26.67,25,26.32,25,33.33,44.44,31.25,5.56,14.81,24,45,57.14,"","","","","",""
http://statistics.gov.scot/id/statistical-geography/S01006075,Plean South & Old Plean,20,20,26.67,31.58,41.67,35.71,27.27,20,6.67,11.76,21.05,29.41,"","","","","",""
http://statistics.gov.scot/id/statistical-geography/S01006108,Polmaise & Throsk,28.57,33.33,20,22.22,26.32,23.81,26.67,20,20,13.33,15,17.65,"","","","","",""
http://statistics.gov.scot/id/statistical-geography/S01004314,Portgordon,11.11,0,0,0,0,0,0,10,11.11,20,27.27,21.43,"","","","","",""
http://statistics.gov.scot/id/statistical-geography/S01004335,Portknockie,33.33,36.36,37.5,40,33.33,33.33,25,28.57,50,41.67,30.77,10,"","","","","",""
http://statistics.gov.scot/id/statistical-geography/S01002899,Prestonhall,0,0,0,0,0,0,0,0,0,0,0,0,"","","","","",""
http://statistics.gov.scot/id/statistical-geography/S01002893,Queensway,30.77,30.77,12.5,12.5,11.11,11.11,6.25,5.88,0,0,0,0,"","","","","",""
http://statistics.gov.scot/id/statistical-geography/S01004254,"Rafford, Easter Lawrenceton and Califer",0,0,0,0,0,0,0,0,0,0,0,0,"","","","","",""
http://statistics.gov.scot/id/statistical-geography/S01002727,Raith,0,0,0,0,0,0,10,23.08,15,9.52,0,6.67,"","","","","",""
http://statistics.gov.scot/id/statistical-geography/S01002729,Raith & Long Braes,0,0,0,0,0,0,0,0,0,0,0,0,"","","","","",""
http://statistics.gov.scot/id/statistical-geography/S01002720,Raith Estate & Southerton,0,0,0,0,0,0,0,0,0,11.11,14.29,25,"","","","","",""
http://statistics.gov.scot/id/statistical-geography/S01006132,Raploch Centre,42.86,50,41.67,38.46,22.22,17.65,11.76,15,14.29,28.57,38.46,38.46,"","","","","",""
http://statistics.gov.scot/id/statistical-geography/S01006135,Raploch East,60,62.5,66.67,60,37.5,0,0,0,25,22.22,22.22,25,"","","","","",""
http://statistics.gov.scot/id/statistical-geography/S01006130,Raploch South,25,33.33,44.44,38.46,37.5,28.57,50,50,45.45,41.67,33.33,33.33,"","","","","",""
http://statistics.gov.scot/id/statistical-geography/S01006136,Raploch West & Kildean,34.78,44.44,43.75,38.46,28.57,25,35,50,44,46.67,28.57,22.5,"","","","","",""
http://statistics.gov.scot/id/statistical-geography/S01004327,Rathven and Maltings,12.5,0,0,11.11,11.11,11.11,0,12.5,12.5,12.5,0,0,"","","","","",""
http://statistics.gov.scot/id/statistical-geography/S01002744,Ravenscraig,25,16.67,0,33.33,40,33.33,10,6.25,7.69,0,0,0,"","","","","",""
http://statistics.gov.scot/id/statistical-geography/S01002767,Redcraigs,10,12.5,10.34,7.41,0,0,15,22.73,25.93,26.92,23.08,26.32,"","","","","",""
http://statistics.gov.scot/id/statistical-geography/S01002869,Rimbleton East,25,11.11,0,0,0,0,10,33.33,25,16.67,28.57,28.57,"","","","","",""
http://statistics.gov.scot/id/statistical-geography/S01002879,Rimbleton North,22.22,0,0,0,30,38.46,38.46,16.67,0,6.25,6.25,16.67,"","","","","",""
http://statistics.gov.scot/id/statistical-geography/S01002873,Rimbleton West,12.5,16.67,0,0,9.09,12.5,25,9.09,11.11,11.11,50,44.44,"","","","","",""
http://statistics.gov.scot/id/statistical-geography/S01006134,Riverside East,12.5,0,0,0,11.11,12.5,20,0,0,0,0,0,"","","","","",""
http://statistics.gov.scot/id/statistical-geography/S01006125,Riverside South & Forthside,0,0,0,0,0,0,0,0,0,4.76,4.55,7.69,"","","","","",""
http://statistics.gov.scot/id/statistical-geography/S01006127,Riverside West,0,0,0,0,0,0,0,0,0,0,0,0,"","","","","",""
http://statistics.gov.scot/id/statistical-geography/S01002607,Rosyth Camdean,20,20,0,0,10.53,13.33,23.08,14.29,13.33,7.69,15.38,13.33,"","","","","",""
http://statistics.gov.scot/id/statistical-geography/S01002575,Rosyth Dockyard & Castle,19.35,30.77,20,18.52,15.38,20,18.18,14.29,8.33,13.33,17.14,21.21,"","","","","",""
http://statistics.gov.scot/id/statistical-geography/S01002605,Rosyth Kings East,25,20,50,33.33,45.45,27.27,23.53,7.69,20,20,18.75,7.14,"","","","","",""
http://statistics.gov.scot/id/statistical-geography/S01002609,Rosyth Kings North,25,0,0,0,10,18.18,18.18,16.67,12.5,14.29,11.11,13.33,"","","","","",""
http://statistics.gov.scot/id/statistical-geography/S01002603,Rosyth Kings South,23.08,7.69,7.69,23.08,23.08,40,28.57,23.08,8.33,13.33,21.43,22.22,"","","","","",""
http://statistics.gov.scot/id/statistical-geography/S01002583,Rosyth Pease Hill East,30.77,44.44,33.33,27.27,37.5,37.5,26.67,0,0,6.67,12.5,16.67,"","","","","",""
http://statistics.gov.scot/id/statistical-geography/S01002584,Rosyth Pease Hill West,18.75,15.38,18.18,0,0,7.41,16.67,20,25.71,17.95,15.63,12.9,"","","","","",""
http://statistics.gov.scot/id/statistical-geography/S01002606,Rosyth Wilderness East,14.29,0,11.11,22.22,37.5,28.57,16.67,0,0,0,11.11,12.5,"","","","","",""
http://statistics.gov.scot/id/statistical-geography/S01002610,Rosyth Wilderness North,14.29,14.29,10,25,12.5,9.09,18.18,21.43,38.46,27.27,45.45,25,"","","","","",""
http://statistics.gov.scot/id/statistical-geography/S01004244,Rothes,16.67,25,0,25,16.67,16.67,12.5,25,20,12.5,12.5,22.22,"","","","","",""
http://statistics.gov.scot/id/statistical-geography/S01000001,S01000001,0,0,0,9.09,6.25,5,0,0,0,0,0,0,"","","","","",""
http://statistics.gov.scot/id/statistical-geography/S01000002,S01000002,2.56,2.94,0,0,0,0,0,0,0,0,0,0,"","","","","",""
http://statistics.gov.scot/id/statistical-geography/S01000003,S01000003,0,0,0,0,0,0,6.25,14.29,11.76,6.25,5.26,4.76,"","","","","",""
http://statistics.gov.scot/id/statistical-geography/S01000004,S01000004,0,5.56,5.88,7.69,0,0,0,0,0,0,0,0,"","","","","",""
http://statistics.gov.scot/id/statistical-geography/S01000005,S01000005,0,0,0,0,0,0,0,6.67,6.25,5.88,0,0,"","","","","",""
http://statistics.gov.scot/id/statistical-geography/S01000006,S01000006,0,0,0,0,12.5,14.29,11.11,0,14.29,20,20,0,"","","","","",""
http://statistics.gov.scot/id/statistical-geography/S01000007,S01000007,6.25,7.14,10,0,0,0,0,0,0,0,0,0,"","","","","",""
http://statistics.gov.scot/id/statistical-geography/S01000008,S01000008,9.09,12.5,0,0,0,0,0,11.11,22.22,22.22,25,11.11,"","","","","",""
http://statistics.gov.scot/id/statistical-geography/S01000009,S01000009,10,7.69,0,0,0,0,0,0,0,11.11,11.11,8.33,"","","","","",""
http://statistics.gov.scot/id/statistical-geography/S01000010,S01000010,0,0,0,0,0,11.11,14.29,37.5,28.57,28.57,0,14.29,"","","","","",""
http://statistics.gov.scot/id/statistical-geography/S01000011,S01000011,12.5,0,0,0,0,0,0,0,0,0,0,0,"","","","","",""
http://statistics.gov.scot/id/statistical-geography/S01000012,S01000012,5.26,4.35,0,0,14.29,10,6.9,0,0,0,0,4.35,"","","","","",""
http://statistics.gov.scot/id/statistical-geography/S01000013,S01000013,12.5,20,14.29,0,8.33,15.38,25,20,28.57,16.67,11.11,0,"","","","","",""
http://statistics.gov.scot/id/statistical-geography/S01000014,S01000014,18.18,23.53,18.75,0,13.33,11.11,13.33,0,0,0,0,10,"","","","","",""
http://statistics.gov.scot/id/statistical-geography/S01000015,S01000015,0,4,5.56,12.5,9.52,10,6.25,8.33,8.33,0,0,0,"","","","","",""
http://statistics.gov.scot/id/statistical-geography/S01000016,S01000016,33.33,33.33,0,0,0,0,0,0,0,0,0,0,"","","","","",""
http://statistics.gov.scot/id/statistical-geography/S01000017,S01000017,8.33,11.11,0,0,0,6.25,5.88,5.88,0,0,0,7.69,"","","","","",""
http://statistics.gov.scot/id/statistical-geography/S01000018,S01000018,0,10,7.14,10.53,7.14,11.11,0,0,0,0,0,0,"","","","","",""
http://statistics.gov.scot/id/statistical-geography/S01000019,S01000019,0,0,0,0,0,0,0,0,0,0,0,0,"","","","","",""
http://statistics.gov.scot/id/statistical-geography/S01000020,S01000020,0,0,0,0,0,0,0,0,0,0,0,0,"","","","","",""
http://statistics.gov.scot/id/statistical-geography/S01000021,S01000021,11.11,10,0,0,25,18.18,28.57,20,20,7.69,5.88,5,"","","","","",""
http://statistics.gov.scot/id/statistical-geography/S01000022,S01000022,0,0,0,0,0,0,0,0,0,0,0,0,"","","","","",""
http://statistics.gov.scot/id/statistical-geography/S01000023,S01000023,0,0,0,0,0,0,0,0,0,0,0,0,"","","","","",""
http://statistics.gov.scot/id/statistical-geography/S01000024,S01000024,0,10,11.11,8.33,0,0,0,0,0,0,0,0,"","","","","",""
http://statistics.gov.scot/id/statistical-geography/S01000025,S01000025,0,0,0,0,0,0,0,0,0,0,0,0,"","","","","",""
http://statistics.gov.scot/id/statistical-geography/S01000026,S01000026,20,25,20,16.67,25,23.08,26.67,12.5,19.05,20,26.09,15.79,"","","","","",""
http://statistics.gov.scot/id/statistical-geography/S01000027,S01000027,0,0,0,14.29,14.29,14.29,0,0,0,0,0,0,"","","","","",""
http://statistics.gov.scot/id/statistical-geography/S01000028,S01000028,11.11,8.33,16.67,22.22,20,20,20,16.67,10,10,7.69,6.25,"","","","","",""
http://statistics.gov.scot/id/statistical-geography/S01000029,S01000029,0,0,0,0,0,0,0,0,0,0,0,0,"","","","","",""
http://statistics.gov.scot/id/statistical-geography/S01000030,S01000030,0,0,20,14.29,16.67,20,33.33,20,12.5,12.5,28.57,33.33,"","","","","",""
http://statistics.gov.scot/id/statistical-geography/S01000031,S01000031,0,0,0,0,0,5.26,8.33,5.88,0,0,0,0,"","","","","",""
http://statistics.gov.scot/id/statistical-geography/S01000032,S01000032,44.44,37.5,25,0,12.5,7.69,7.14,11.11,21.05,25,14.29,0,"","","","","",""
http://statistics.gov.scot/id/statistical-geography/S01000033,S01000033,22.22,40,33.33,42.86,28.57,20,20,16.67,37.5,31.58,36.84,23.81,"","","","","",""
http://statistics.gov.scot/id/statistical-geography/S01000034,S01000034,0,0,0,0,0,0,0,8.33,7.14,4.35,0,0,"","","","","",""
http://statistics.gov.scot/id/statistical-geography/S01000035,S01000035,36.36,12.5,11.11,20,46.67,40,35.29,14.29,23.53,22.22,14.29,7.14,"","","","","",""
http://statistics.gov.scot/id/statistical-geography/S01000036,S01000036,20,16.67,0,20,33.33,36.36,25,23.08,18.18,14.29,12.5,12.5,"","","","","",""
http://statistics.gov.scot/id/statistical-geography/S01000037,S01000037,36.36,20,25,8.33,10,0,0,0,0,6.25,5.88,9.52,"","","","","",""
http://statistics.gov.scot/id/statistical-geography/S01000038,S01000038,0,8.33,18.18,20,16.67,33.33,42.86,30,0,13.33,17.65,18.75,"","","","","",""
http://statistics.gov.scot/id/statistical-geography/S01000039,S01000039,9.09,0,0,0,0,10,20,21.43,18.75,13.33,9.09,5.56,"","","","","",""
http://statistics.gov.scot/id/statistical-geography/S01000040,S01000040,46.15,30,37.5,14.29,14.29,22.22,22.22,18.75,15.79,18.18,17.65,14.29,"","","","","",""
http://statistics.gov.scot/id/statistical-geography/S01000041,S01000041,12.5,0,9.09,9.09,20,20,16.67,7.69,9.09,15.38,16.67,10,"","","","","",""
http://statistics.gov.scot/id/statistical-geography/S01000042,S01000042,50,57.14,57.14,54.55,40,16.67,28.57,33.33,33.33,25,13.33,9.52,"","","","","",""
http://statistics.gov.scot/id/statistical-geography/S01000043,S01000043,7.14,9.09,9.09,0,0,0,6.67,9.09,9.09,7.69,5.56,5,"","","","","",""
http://statistics.gov.scot/id/statistical-geography/S01000044,S01000044,41.67,44.44,37.5,33.33,22.22,20,22.22,45.45,37.5,25,9.09,15,"","","","","",""
http://statistics.gov.scot/id/statistical-geography/S01000045,S01000045,0,0,0,0,0,0,0,0,0,0,0,0,"","","","","",""
http://statistics.gov.scot/id/statistical-geography/S01000046,S01000046,0,0,0,0,0,0,0,0,0,0,0,16.67,"","","","","",""
http://statistics.gov.scot/id/statistical-geography/S01000047,S01000047,12.5,28.57,16.67,14.29,0,18.18,18.18,11.11,0,0,0,0,"","","","","",""
http://statistics.gov.scot/id/statistical-geography/S01000048,S01000048,0,0,0,0,6.67,8.33,5.56,0,0,0,0,0,"","","","","",""
http://statistics.gov.scot/id/statistical-geography/S01000049,S01000049,0,0,0,0,0,9.09,6.67,6.67,0,0,0,0,"","","","","",""
http://statistics.gov.scot/id/statistical-geography/S01000050,S01000050,0,0,0,0,0,0,0,0,0,0,0,0,"","","","","",""
http://statistics.gov.scot/id/statistical-geography/S01000051,S01000051,0,0,8.33,7.69,12.5,0,0,0,0,0,0,0,"","","","","",""
http://statistics.gov.scot/id/statistical-geography/S01000052,S01000052,55.56,61.54,66.67,58.33,42.86,25,22.22,27.27,30,28.57,28.57,20,"","","","","",""
http://statistics.gov.scot/id/statistical-geography/S01000053,S01000053,5.88,0,5,4.55,4.17,0,0,0,0,0,3.85,3.33,"","","","","",""
http://statistics.gov.scot/id/statistical-geography/S01000054,S01000054,0,0,0,0,0,0,0,0,0,0,0,0,"","","","","",""
http://statistics.gov.scot/id/statistical-geography/S01000055,S01000055,47.37,50,55.56,43.75,27.78,27.78,40,40,40,33.33,44.44,25,"","","","","",""
http://statistics.gov.scot/id/statistical-geography/S01000056,S01000056,0,0,16.67,22.22,20,14.29,0,0,0,0,0,0,"","","","","",""
http://statistics.gov.scot/id/statistical-geography/S01000057,S01000057,33.33,25,71.43,75,72.73,50,42.86,28.57,20,14.29,14.29,23.53,"","","","","",""
http://statistics.gov.scot/id/statistical-geography/S01000058,S01000058,0,12.5,7.69,8.33,0,0,0,0,0,0,0,0,"","","","","",""
http://statistics.gov.scot/id/statistical-geography/S01000059,S01000059,0,0,0,0,0,0,0,0,0,0,0,0,"","","","","",""
http://statistics.gov.scot/id/statistical-geography/S01000060,S01000060,42.86,53.85,50,37.5,20,27.27,38.46,30.77,23.53,18.75,18.75,10,"","","","","",""
http://statistics.gov.scot/id/statistical-geography/S01000061,S01000061,0,0,0,0,0,0,0,0,0,0,0,0,"","","","","",""
http://statistics.gov.scot/id/statistical-geography/S01000062,S01000062,0,0,0,0,0,0,0,0,0,0,0,4,"","","","","",""
http://statistics.gov.scot/id/statistical-geography/S01000063,S01000063,0,0,0,5.56,4,4.35,0,0,0,0,0,0,"","","","","",""
http://statistics.gov.scot/id/statistical-geography/S01000064,S01000064,0,50,50,42.86,12.5,25,12.5,9.09,0,0,0,0,"","","","","",""
http://statistics.gov.scot/id/statistical-geography/S01000065,S01000065,0,0,5.26,11.76,13.64,17.65,11.76,7.14,0,0,0,4.35,"","","","","",""
http://statistics.gov.scot/id/statistical-geography/S01000066,S01000066,17.65,20,0,0,0,8.33,11.76,18.18,11.11,9.09,0,5,"","","","","",""
http://statistics.gov.scot/id/statistical-geography/S01000067,S01000067,7.14,0,0,0,0,0,0,0,0,0,0,0,"","","","","",""
http://statistics.gov.scot/id/statistical-geography/S01000068,S01000068,0,0,0,0,0,0,0,0,0,0,0,0,"","","","","",""
http://statistics.gov.scot/id/statistical-geography/S01000069,S01000069,25,33.33,30.77,28.57,15.38,27.27,33.33,40,26.67,7.69,17.65,13.33,"","","","","",""
http://statistics.gov.scot/id/statistical-geography/S01000070,S01000070,44.44,38.46,30.77,25,15.38,20,15.38,9.09,14.29,20,41.67,30,"","","","","",""
http://statistics.gov.scot/id/statistical-geography/S01000071,S01000071,64.71,64.71,53.33,42.11,27.27,18.18,15,20,17.65,14.29,4.76,10,"","","","","",""
http://statistics.gov.scot/id/statistical-geography/S01000072,S01000072,0,0,0,0,0,0,0,7.14,8.33,7.69,0,0,"","","","","",""
http://statistics.gov.scot/id/statistical-geography/S01000073,S01000073,0,0,0,0,0,0,0,10,11.11,8.33,0,0,"","","","","",""
http://statistics.gov.scot/id/statistical-geography/S01000074,S01000074,20,27.78,39.13,37.5,33.33,26.67,28.57,21.05,17.39,14.81,26.32,52.63,"","","","","",""
http://statistics.gov.scot/id/statistical-geography/S01000075,S01000075,0,0,10,14.29,25,0,0,0,0,9.09,8.33,10,"","","","","",""
http://statistics.gov.scot/id/statistical-geography/S01000076,S01000076,0,0,0,0,0,0,0,0,0,0,0,0,"","","","","",""
http://statistics.gov.scot/id/statistical-geography/S01000077,S01000077,0,0,0,0,0,0,0,0,0,0,0,0,"","","","","",""
http://statistics.gov.scot/id/statistical-geography/S01000078,S01000078,3.7,4.17,10,7.69,7.14,7.41,10.34,10.26,7.89,6.38,4.65,4.08,"","","","","",""
http://statistics.gov.scot/id/statistical-geography/S01000079,S01000079,0,0,0,0,0,0,3.13,2.56,2.22,0,0,0,"","","","","",""
http://statistics.gov.scot/id/statistical-geography/S01000080,S01000080,0,0,0,0,0,4.76,5.56,4.76,0,0,0,0,"","","","","",""
http://statistics.gov.scot/id/statistical-geography/S01000081,S01000081,0,0,0,0,0,0,0,0,0,0,0,0,"","","","","",""
http://statistics.gov.scot/id/statistical-geography/S01000082,S01000082,29.41,28.57,25,17.65,11.76,20,25,26.32,21.05,13.33,15.38,21.05,"","","","","",""
http://statistics.gov.scot/id/statistical-geography/S01000083,S01000083,0,0,0,0,0,0,0,0,0,0,0,0,"","","","","",""
http://statistics.gov.scot/id/statistical-geography/S01000084,S01000084,20,20,13.33,9.09,16.67,20,16.67,17.39,16.67,20.59,15.63,10.71,"","","","","",""
http://statistics.gov.scot/id/statistical-geography/S01000085,S01000085,0,0,0,0,0,0,0,0,0,6.25,4.76,4,"","","","","",""
http://statistics.gov.scot/id/statistical-geography/S01000086,S01000086,5.88,0,0,0,0,0,0,0,0,5.88,4.55,4.35,"","","","","",""
http://statistics.gov.scot/id/statistical-geography/S01000087,S01000087,0,0,0,0,0,0,0,0,0,0,0,0,"","","","","",""
http://statistics.gov.scot/id/statistical-geography/S01000088,S01000088,0,0,0,0,0,0,0,5.56,3.85,3.7,0,0,"","","","","",""
http://statistics.gov.scot/id/statistical-geography/S01000089,S01000089,0,0,0,0,0,0,0,0,0,0,0,0,"","","","","",""
http://statistics.gov.scot/id/statistical-geography/S01000090,S01000090,10,8.33,6.67,0,0,0,0,0,0,0,6.25,5.88,"","","","","",""
http://statistics.gov.scot/id/statistical-geography/S01000091,S01000091,0,0,0,5.26,14.29,12.5,4,0,0,0,0,0,"","","","","",""
http://statistics.gov.scot/id/statistical-geography/S01000092,S01000092,7.14,6.67,0,0,0,0,0,0,5.26,5.56,5.26,0,"","","","","",""
http://statistics.gov.scot/id/statistical-geography/S01000093,S01000093,0,0,10,14.29,14.29,0,0,10,12.5,13.64,9.09,4.76,"","","","","",""
http://statistics.gov.scot/id/statistical-geography/S01000094,S01000094,0,0,0,0,0,0,0,0,0,0,11.76,10.53,"","","","","",""
http://statistics.gov.scot/id/statistical-geography/S01000095,S01000095,0,0,0,0,0,0,0,0,0,0,0,0,"","","","","",""
http://statistics.gov.scot/id/statistical-geography/S01000096,S01000096,0,0,0,0,0,0,0,0,0,0,0,10,"","","","","",""
http://statistics.gov.scot/id/statistical-geography/S01000097,S01000097,0,0,0,0,0,0,0,0,0,4.35,5.26,6.67,"","","","","",""
http://statistics.gov.scot/id/statistical-geography/S01000098,S01000098,25.93,21.43,19.23,15.38,7.69,12.5,10.34,9.09,2.44,2.7,6.06,6.67,"","","","","",""
http://statistics.gov.scot/id/statistical-geography/S01000099,S01000099,0,0,0,0,0,0,0,0,0,0,0,0,"","","","","",""
http://statistics.gov.scot/id/statistical-geography/S01000100,S01000100,8.33,11.11,12.5,17.65,14.29,15.79,15.79,12.5,6.67,0,0,3.57,"","","","","",""
http://statistics.gov.scot/id/statistical-geography/S01000101,S01000101,21.05,14.29,0,0,0,0,0,0,0,0,0,0,"","","","","",""
http://statistics.gov.scot/id/statistical-geography/S01000102,S01000102,30,33.33,9.09,0,7.14,5.88,10,4.55,5.26,0,0,4.17,"","","","","",""
http://statistics.gov.scot/id/statistical-geography/S01000103,S01000103,0,0,8.33,9.09,12.5,0,0,0,6.67,5.56,6.25,0,"","","","","",""
http://statistics.gov.scot/id/statistical-geography/S01000104,S01000104,0,0,11.11,16.67,11.11,0,0,0,0,0,0,0,"","","","","",""
http://statistics.gov.scot/id/statistical-geography/S01000105,S01000105,0,0,0,0,0,0,0,0,0,0,0,0,"","","","","",""
http://statistics.gov.scot/id/statistical-geography/S01000106,S01000106,0,0,0,0,0,0,11.11,10,8.33,0,0,0,"","","","","",""
http://statistics.gov.scot/id/statistical-geography/S01000107,S01000107,13.64,23.53,35.29,36.84,41.67,25,10.53,4.76,3.45,4.76,7.41,6.45,"","","","","",""
http://statistics.gov.scot/id/statistical-geography/S01000108,S01000108,0,0,0,16.67,20,16.67,14.29,9.09,14.29,7.14,7.14,0,"","","","","",""
http://statistics.gov.scot/id/statistical-geography/S01000109,S01000109,0,7.69,5.56,5.26,0,12.5,17.65,15.79,6.25,0,0,0,"","","","","",""
http://statistics.gov.scot/id/statistical-geography/S01000110,S01000110,21.43,33.33,8.33,8.33,6.67,8.33,0,16.67,50,42.86,25,18.18,"","","","","",""
http://statistics.gov.scot/id/statistical-geography/S01000111,S01000111,0,0,0,0,0,5.88,6.67,5.56,0,0,0,0,"","","","","",""
http://statistics.gov.scot/id/statistical-geography/S01000112,S01000112,25,17.65,7.14,8.33,7.14,18.18,9.09,12.5,0,0,0,3.45,"","","","","",""
http://statistics.gov.scot/id/statistical-geography/S01000113,S01000113,0,0,0,0,0,0,0,0,11.11,14.29,12.5,0,"","","","","",""
http://statistics.gov.scot/id/statistical-geography/S01000114,S01000114,46.15,33.33,28.57,7.69,9.09,5.88,15.38,18.75,33.33,14.29,13.04,11.54,"","","","","",""
http://statistics.gov.scot/id/statistical-geography/S01000115,S01000115,0,20,16.67,16.67,0,0,20,18.18,33.33,21.43,23.08,8.33,"","","","","",""
http://statistics.gov.scot/id/statistical-geography/S01000116,S01000116,7.14,6.67,5.56,0,0,7.14,5.56,5.26,0,0,0,0,"","","","","",""
http://statistics.gov.scot/id/statistical-geography/S01000117,S01000117,0,0,0,0,0,0,0,0,0,0,0,0,"","","","","",""
http://statistics.gov.scot/id/statistical-geography/S01000118,S01000118,6.25,13.33,30.77,30,18.18,10,8.33,8.33,16.67,16.67,21.43,6.25,"","","","","",""
http://statistics.gov.scot/id/statistical-geography/S01000119,S01000119,13.33,26.67,25,36.36,16.67,12.5,0,0,0,0,0,0,"","","","","",""
http://statistics.gov.scot/id/statistical-geography/S01000120,S01000120,0,0,0,0,0,0,0,7.69,6.67,10,0,0,"","","","","",""
http://statistics.gov.scot/id/statistical-geography/S01000121,S01000121,9.09,9.09,0,12.5,16.67,16.67,0,0,0,0,0,0,"","","","","",""
http://statistics.gov.scot/id/statistical-geography/S01000122,S01000122,16.67,9.09,30.77,25,29.41,33.33,44.44,50,28.57,14.29,20,30.77,"","","","","",""
http://statistics.gov.scot/id/statistical-geography/S01000123,S01000123,20,14.29,0,0,0,0,0,0,0,0,0,0,"","","","","",""
http://statistics.gov.scot/id/statistical-geography/S01000124,S01000124,0,0,0,0,0,0,5.88,5.88,5.26,0,0,0,"","","","","",""
http://statistics.gov.scot/id/statistical-geography/S01000125,S01000125,42.86,50,22.22,16.67,21.43,30,29.41,19.05,6.67,6.67,6.67,5.88,"","","","","",""
http://statistics.gov.scot/id/statistical-geography/S01000126,S01000126,15.79,14.29,8.33,0,0,33.33,22.22,13.33,6.25,15.38,15.38,15.38,"","","","","",""
http://statistics.gov.scot/id/statistical-geography/S01000127,S01000127,0,0,0,0,0,0,0,0,0,0,8.33,8.33,"","","","","",""
http://statistics.gov.scot/id/statistical-geography/S01000128,S01000128,0,0,0,0,5.56,5,5.26,0,6.06,7.69,7.89,3.23,"","","","","",""
http://statistics.gov.scot/id/statistical-geography/S01000129,S01000129,0,12.5,25,20,0,0,0,14.29,11.11,10,0,0,"","","","","",""
http://statistics.gov.scot/id/statistical-geography/S01000130,S01000130,12.5,25,14.29,15,10.53,9.52,10,6.9,9.68,5.26,2.94,0,"","","","","",""
http://statistics.gov.scot/id/statistical-geography/S01000131,S01000131,0,0,0,0,0,0,0,0,0,0,0,0,"","","","","",""
http://statistics.gov.scot/id/statistical-geography/S01000132,S01000132,0,0,0,0,0,0,0,0,0,0,0,6.25,"","","","","",""
http://statistics.gov.scot/id/statistical-geography/S01000133,S01000133,23.08,6.25,6.67,9.09,20,11.11,10,12.5,20,20,20,16.67,"","","","","",""
http://statistics.gov.scot/id/statistical-geography/S01000134,S01000134,42.86,42.86,12.5,18.18,12.5,10,10,18.18,37.5,25,11.11,10,"","","","","",""
http://statistics.gov.scot/id/statistical-geography/S01000135,S01000135,26.67,21.43,15.38,16.67,18.75,20,16.67,10.53,5.88,5.56,8.33,0,"","","","","",""
http://statistics.gov.scot/id/statistical-geography/S01000136,S01000136,14.29,16.67,14.29,12.5,10,11.11,12.5,11.11,10,14.29,13.33,7.14,"","","","","",""
http://statistics.gov.scot/id/statistical-geography/S01000137,S01000137,9.09,9.09,20,10,16.67,0,0,0,0,0,4.17,4.35,"","","","","",""
http://statistics.gov.scot/id/statistical-geography/S01000138,S01000138,20,20,14.29,11.11,0,0,6.25,4.35,5,0,0,0,"","","","","",""
http://statistics.gov.scot/id/statistical-geography/S01000139,S01000139,14.29,12.5,10,11.11,0,0,0,14.29,16.67,25,14.29,10,"","","","","",""
http://statistics.gov.scot/id/statistical-geography/S01000140,S01000140,0,40,42.86,44.44,28.57,25,8.33,9.09,0,0,0,0,"","","","","",""
http://statistics.gov.scot/id/statistical-geography/S01000141,S01000141,0,0,0,0,8.33,5.26,4.76,0,0,0,0,0,"","","","","",""
http://statistics.gov.scot/id/statistical-geography/S01000142,S01000142,26.67,28.57,27.27,20,10,28.57,38.46,38.89,29.41,25,13.33,9.09,"","","","","",""
http://statistics.gov.scot/id/statistical-geography/S01000143,S01000143,0,25,28.57,22.22,0,0,0,0,0,0,16.67,14.29,"","","","","",""
http://statistics.gov.scot/id/statistical-geography/S01000144,S01000144,10,11.11,0,0,0,0,7.14,5,4.76,0,0,0,"","","","","",""
http://statistics.gov.scot/id/statistical-geography/S01000145,S01000145,0,0,0,0,10,10,30,22.22,12.5,0,0,0,"","","","","",""
http://statistics.gov.scot/id/statistical-geography/S01000146,S01000146,6.25,4.76,4.35,4.35,6.9,2.56,6.98,9.52,13.16,9.76,4.35,1.96,"","","","","",""
http://statistics.gov.scot/id/statistical-geography/S01000147,S01000147,25,28.57,37.5,30,25,20,15.38,11.11,8.33,11.54,12,8.33,"","","","","",""
http://statistics.gov.scot/id/statistical-geography/S01000148,S01000148,30.77,29.41,35.71,16.67,37.5,33.33,55.56,40,33.33,16.67,16.67,23.53,"","","","","",""
http://statistics.gov.scot/id/statistical-geography/S01000149,S01000149,21.05,15,11.11,0,4.55,4.55,11.54,11.54,18.18,10,5.88,0,"","","","","",""
http://statistics.gov.scot/id/statistical-geography/S01000150,S01000150,0,0,12.5,12.5,50,35.71,33.33,0,0,12.5,25,30.77,"","","","","",""
http://statistics.gov.scot/id/statistical-geography/S01000151,S01000151,30,21.43,23.08,28.57,25,30,28.57,33.33,20,23.08,20,10,"","","","","",""
http://statistics.gov.scot/id/statistical-geography/S01000152,S01000152,4.76,0,0,0,0,0,0,0,3.85,3.45,3.7,0,"","","","","",""
http://statistics.gov.scot/id/statistical-geography/S01000153,S01000153,11.11,10,9.09,12.5,11.11,20,22.22,12.5,8.33,6.67,5.56,5.56,"","","","","",""
http://statistics.gov.scot/id/statistical-geography/S01000154,S01000154,0,25,16.67,20,0,0,0,0,0,0,0,0,"","","","","",""
http://statistics.gov.scot/id/statistical-geography/S01000155,S01000155,0,0,0,20,25,30,37.5,33.33,50,28.57,27.27,20,"","","","","",""
http://statistics.gov.scot/id/statistical-geography/S01000156,S01000156,39.13,35.29,13.33,6.67,7.14,21.43,13.64,8.7,0,4.17,6.45,7.14,"","","","","",""
http://statistics.gov.scot/id/statistical-geography/S01000157,S01000157,10,0,12.5,10,11.11,21.43,33.33,31.58,22.22,11.76,11.11,12.5,"","","","","",""
http://statistics.gov.scot/id/statistical-geography/S01000158,S01000158,11.11,14.29,0,16.67,16.67,11.11,0,0,7.69,5.88,5.26,0,"","","","","",""
http://statistics.gov.scot/id/statistical-geography/S01000159,S01000159,0,0,0,0,0,0,0,0,0,0,0,5.26,"","","","","",""
http://statistics.gov.scot/id/statistical-geography/S01000160,S01000160,66.67,25,22.22,0,0,14.29,11.11,33.33,22.22,22.22,9.09,6.67,"","","","","",""
http://statistics.gov.scot/id/statistical-geography/S01000161,S01000161,20,0,0,8.33,6.67,8.33,10,10,7.14,0,12.5,13.33,"","","","","",""
http://statistics.gov.scot/id/statistical-geography/S01000162,S01000162,16.67,23.08,22.22,14.29,0,0,5.88,6.25,9.09,4.35,3.57,4.17,"","","","","",""
http://statistics.gov.scot/id/statistical-geography/S01000163,S01000163,9.09,18.18,11.11,13.64,12.5,25,37.5,31.25,18.75,11.76,0,6.67,"","","","","",""
http://statistics.gov.scot/id/statistical-geography/S01000164,S01000164,27.27,18.18,22.22,10,10,20,20,12.5,0,0,11.11,22.22,"","","","","",""
http://statistics.gov.scot/id/statistical-geography/S01000165,S01000165,33.33,36.36,28.57,27.27,11.76,22.22,17.65,14.29,0,6.25,4.76,5,"","","","","",""
http://statistics.gov.scot/id/statistical-geography/S01000166,S01000166,0,0,0,0,0,0,0,0,4.76,7.14,7.14,0,"","","","","",""
http://statistics.gov.scot/id/statistical-geography/S01000167,S01000167,0,0,0,0,14.29,9.09,27.27,38.46,50,37.5,14.29,14.29,"","","","","",""
http://statistics.gov.scot/id/statistical-geography/S01000168,S01000168,33.33,27.27,33.33,27.27,36.36,43.75,46.67,37.5,15.79,15.79,19.05,31.25,"","","","","",""
http://statistics.gov.scot/id/statistical-geography/S01000169,S01000169,16.67,12.5,0,20,16.67,33.33,22.22,14.29,5.26,0,0,14.29,"","","","","",""
http://statistics.gov.scot/id/statistical-geography/S01000170,S01000170,0,0,0,0,12.5,16.67,18.75,10,5,0,0,0,"","","","","",""
http://statistics.gov.scot/id/statistical-geography/S01000171,S01000171,0,0,0,0,0,0,2.7,7.32,7.5,4.17,0,0,"","","","","",""
http://statistics.gov.scot/id/statistical-geography/S01000172,S01000172,20,11.11,16.67,18.18,25,14.29,0,0,10,14.29,11.11,0,"","","","","",""
http://statistics.gov.scot/id/statistical-geography/S01000173,S01000173,27.27,27.27,7.69,11.11,12.5,20,14.29,16.67,25,16.67,11.11,10,"","","","","",""
http://statistics.gov.scot/id/statistical-geography/S01000174,S01000174,0,0,0,0,0,0,0,0,5.88,7.14,10,0,"","","","","",""
http://statistics.gov.scot/id/statistical-geography/S01000175,S01000175,9.09,10,0,0,0,0,0,0,16.67,17.65,25,7.14,"","","","","",""
http://statistics.gov.scot/id/statistical-geography/S01000176,S01000176,16.67,9.09,0,0,0,0,12.5,20,12.5,0,0,0,"","","","","",""
http://statistics.gov.scot/id/statistical-geography/S01000177,S01000177,0,0,0,0,0,0,0,0,0,0,0,0,"","","","","",""
http://statistics.gov.scot/id/statistical-geography/S01000178,S01000178,11.11,22.22,50,37.5,37.5,28.57,25,21.43,12.5,9.09,10,14.29,"","","","","",""
http://statistics.gov.scot/id/statistical-geography/S01000179,S01000179,30,62.5,44.44,45.45,36.36,35.71,30,29.17,26.09,23.53,25,33.33,"","","","","",""
http://statistics.gov.scot/id/statistical-geography/S01000180,S01000180,20,44.44,27.27,25,7.69,18.18,22.22,18.18,25,18.18,40,33.33,"","","","","",""
http://statistics.gov.scot/id/statistical-geography/S01000181,S01000181,43.75,37.5,40,50,80,40,45.45,33.33,27.27,12.5,17.65,26.67,"","","","","",""
http://statistics.gov.scot/id/statistical-geography/S01000182,S01000182,25,37.5,20,25,21.43,28.57,8.33,20,13.33,13.33,12.5,17.65,"","","","","",""
http://statistics.gov.scot/id/statistical-geography/S01000183,S01000183,41.18,20,17.39,20,18.75,6.67,18.18,15.38,18.52,11.43,10,9.68,"","","","","",""
http://statistics.gov.scot/id/statistical-geography/S01000184,S01000184,0,0,0,0,0,0,0,0,0,0,0,0,"","","","","",""
http://statistics.gov.scot/id/statistical-geography/S01000185,S01000185,38.46,37.5,30,16.67,16.67,15.38,25,5.56,4.35,7.41,12,14.29,"","","","","",""
http://statistics.gov.scot/id/statistical-geography/S01000186,S01000186,16.67,16.67,33.33,16.67,18.18,9.09,7.69,0,0,0,10,12.5,"","","","","",""
http://statistics.gov.scot/id/statistical-geography/S01000187,S01000187,57.14,42.86,33.33,25,25,20,9.09,14.29,25,33.33,0,7.69,"","","","","",""
http://statistics.gov.scot/id/statistical-geography/S01000188,S01000188,0,0,0,0,0,14.29,10,8.33,0,0,0,4.76,"","","","","",""
http://statistics.gov.scot/id/statistical-geography/S01000189,S01000189,55.56,66.67,66.67,83.33,60,35.71,35.29,33.33,60,61.54,71.43,57.14,"","","","","",""
http://statistics.gov.scot/id/statistical-geography/S01000190,S01000190,25,21.43,33.33,36.36,30,18.18,14.29,13.33,25,25,28.57,18.75,"","","","","",""
http://statistics.gov.scot/id/statistical-geography/S01000191,S01000191,0,5.56,7.69,6.25,10,7.69,9.09,0,0,0,3.03,3.45,"","","","","",""
http://statistics.gov.scot/id/statistical-geography/S01000192,S01000192,27.78,33.33,12.5,17.65,17.65,20,0,0,0,3.85,12,20,"","","","","",""
http://statistics.gov.scot/id/statistical-geography/S01000193,S01000193,42.86,33.33,27.27,16.67,18.18,11.11,42.86,25,21.43,18.75,20,23.81,"","","","","",""
http://statistics.gov.scot/id/statistical-geography/S01000194,S01000194,33.33,33.33,43.75,53.33,50,64.71,52.38,32,16,11.54,15.79,17.24,"","","","","",""
http://statistics.gov.scot/id/statistical-geography/S01000195,S01000195,16.67,30.77,50,37.5,33.33,23.53,31.58,23.08,21.74,10,7.14,6.67,"","","","","",""
http://statistics.gov.scot/id/statistical-geography/S01000196,S01000196,57.89,56,54.55,44,55,57.89,78.95,76.47,65,50,45.45,40,"","","","","",""
http://statistics.gov.scot/id/statistical-geography/S01000197,S01000197,20,25,20,28.57,40,16.67,0,16.67,25,37.5,11.11,10,"","","","","",""
http://statistics.gov.scot/id/statistical-geography/S01000198,S01000198,28.57,21.43,21.05,20,16.67,20,23.08,31.25,26.67,28.57,31.25,42.86,"","","","","",""
http://statistics.gov.scot/id/statistical-geography/S01000199,S01000199,18.75,38.89,47.62,61.11,47.06,35.29,33.33,29.03,20,18.52,12.5,19.05,"","","","","",""
http://statistics.gov.scot/id/statistical-geography/S01000200,S01000200,14.29,20,28.57,23.08,25,22.22,27.27,15.38,10.53,4.35,4.17,4.76,"","","","","",""
http://statistics.gov.scot/id/statistical-geography/S01000201,S01000201,0,11.11,11.11,42.86,40,28.57,19.05,11.11,13.33,0,0,6.67,"","","","","",""
http://statistics.gov.scot/id/statistical-geography/S01000202,S01000202,20,11.76,11.76,21.05,25,17.65,12.5,22.22,14.29,7.14,6.67,12,"","","","","",""
http://statistics.gov.scot/id/statistical-geography/S01000203,S01000203,33.33,35.29,37.5,38.89,40,35.29,33.33,24.14,25,19.05,25,12.5,"","","","","",""
http://statistics.gov.scot/id/statistical-geography/S01000204,S01000204,8.33,33.33,37.5,42.86,46.15,35.71,33.33,12.5,30,36.36,44.44,40,"","","","","",""
http://statistics.gov.scot/id/statistical-geography/S01000205,S01000205,0,0,10,25,50,18.18,11.76,5,5.88,0,6.25,13.04,"","","","","",""
http://statistics.gov.scot/id/statistical-geography/S01000206,S01000206,14.29,14.29,0,12.5,16.67,13.33,16.67,20,22.22,25,13.33,20,"","","","","",""
http://statistics.gov.scot/id/statistical-geography/S01000207,S01000207,21.74,26.09,31.82,38.1,28.57,18.75,5.56,6.25,5.26,7.14,16.67,17.65,"","","","","",""
http://statistics.gov.scot/id/statistical-geography/S01000208,S01000208,50,48,48,38.1,44.44,35.29,42.86,36,33.33,28.57,25,17.65,"","","","","",""
http://statistics.gov.scot/id/statistical-geography/S01000209,S01000209,45.83,66.67,68,70.83,60.87,65.52,41.03,30.77,17.65,27.59,23.33,23.53,"","","","","",""
http://statistics.gov.scot/id/statistical-geography/S01000210,S01000210,0,0,0,33.33,33.33,33.33,15.38,21.05,12.5,10.71,8.11,11.43,"","","","","",""
http://statistics.gov.scot/id/statistical-geography/S01000211,S01000211,50,63.64,50,36.36,18.18,20,17.65,21.74,18.52,20.83,15.79,21.05,"","","","","",""
http://statistics.gov.scot/id/statistical-geography/S01000212,S01000212,0,23.08,33.33,33.33,23.81,26.92,50,38.89,33.33,10.53,10.53,0,"","","","","",""
http://statistics.gov.scot/id/statistical-geography/S01000213,S01000213,20,23.08,42.86,36.84,35,16.67,0,0,0,7.69,10,9.09,"","","","","",""
http://statistics.gov.scot/id/statistical-geography/S01000214,S01000214,12.5,16.67,37.5,40,40,0,0,0,0,0,0,0,"","","","","",""
http://statistics.gov.scot/id/statistical-geography/S01000215,S01000215,0,0,0,0,0,0,4.35,5,5.88,0,0,0,"","","","","",""
http://statistics.gov.scot/id/statistical-geography/S01000216,S01000216,0,0,0,0,0,0,0,0,0,0,0,0,"","","","","",""
http://statistics.gov.scot/id/statistical-geography/S01000217,S01000217,58.82,52.94,55,55,55.56,47.06,34.78,26.47,21.62,23.53,26.92,33.33,"","","","","",""
http://statistics.gov.scot/id/statistical-geography/S01000218,S01000218,20,16.67,20,37.5,44.44,42.86,28.57,20,16.67,0,0,8.33,"","","","","",""
http://statistics.gov.scot/id/statistical-geography/S01000219,S01000219,64.29,64.29,66.67,41.18,42.11,31.58,24,9.68,12.12,16.67,25,9.09,"","","","","",""
http://statistics.gov.scot/id/statistical-geography/S01000220,S01000220,18.18,9.09,0,0,12.5,25,22.22,22.22,10,8.33,0,12.5,"","","","","",""
http://statistics.gov.scot/id/statistical-geography/S01000221,S01000221,25,21.43,33.33,20,20,5.56,4.55,7.69,13.79,16.67,11.76,0,"","","","","",""
http://statistics.gov.scot/id/statistical-geography/S01000222,S01000222,66.67,50,0,12.5,18.18,18.18,10,0,18.18,22.22,25,10,"","","","","",""
http://statistics.gov.scot/id/statistical-geography/S01000223,S01000223,0,0,11.11,16.67,16.67,0,0,0,0,5,10.53,7.69,"","","","","",""
http://statistics.gov.scot/id/statistical-geography/S01000224,S01000224,0,20,14.29,18.18,12.5,14.29,25,16.67,9.09,0,0,14.29,"","","","","",""
http://statistics.gov.scot/id/statistical-geography/S01000225,S01000225,18.18,20,0,0,0,0,0,0,0,0,0,0,"","","","","",""
http://statistics.gov.scot/id/statistical-geography/S01000226,S01000226,11.11,0,0,0,0,0,0,0,0,0,0,0,"","","","","",""
http://statistics.gov.scot/id/statistical-geography/S01000227,S01000227,0,0,0,0,0,0,0,0,0,0,4.76,4.55,"","","","","",""
http://statistics.gov.scot/id/statistical-geography/S01000228,S01000228,0,0,0,0,5.26,10.53,15.79,12.5,13.33,12.5,7.69,7.14,"","","","","",""
http://statistics.gov.scot/id/statistical-geography/S01000229,S01000229,18.18,27.27,11.11,33.33,35.71,31.58,26.67,21.43,25,12.5,0,0,"","","","","",""
http://statistics.gov.scot/id/statistical-geography/S01000230,S01000230,0,20,25,20,0,0,0,0,0,0,7.14,6.25,"","","","","",""
http://statistics.gov.scot/id/statistical-geography/S01000231,S01000231,0,0,0,0,0,0,0,0,0,12.5,10,15.38,"","","","","",""
http://statistics.gov.scot/id/statistical-geography/S01000232,S01000232,33.33,16.67,25,18.18,27.27,8.33,8.33,0,16.67,40,42.86,30,"","","","","",""
http://statistics.gov.scot/id/statistical-geography/S01000233,S01000233,33.33,25,16.67,16.67,25,0,0,0,0,14.29,14.29,14.29,"","","","","",""
http://statistics.gov.scot/id/statistical-geography/S01000234,S01000234,7.14,16.67,14.29,20,0,0,0,14.29,12.5,8.33,14.29,14.29,"","","","","",""
http://statistics.gov.scot/id/statistical-geography/S01000235,S01000235,0,0,0,0,0,0,0,0,0,0,0,20,"","","","","",""
http://statistics.gov.scot/id/statistical-geography/S01000236,S01000236,16.67,16.67,10,8.33,12.5,20,16.67,14.29,0,0,25,14.29,"","","","","",""
http://statistics.gov.scot/id/statistical-geography/S01000237,S01000237,0,0,25,16.67,14.29,10,8.33,6.25,0,8.33,12.5,16.67,"","","","","",""
http://statistics.gov.scot/id/statistical-geography/S01000238,S01000238,9.09,22.22,28.57,14.29,0,8.33,6.25,6.25,0,0,0,0,"","","","","",""
http://statistics.gov.scot/id/statistical-geography/S01000239,S01000239,0,0,0,0,9.09,9.09,12.5,0,0,0,0,0,"","","","","",""
http://statistics.gov.scot/id/statistical-geography/S01000240,S01000240,0,0,0,10,10,20,14.29,14.29,0,0,0,0,"","","","","",""
http://statistics.gov.scot/id/statistical-geography/S01000241,S01000241,16.67,0,0,0,0,0,0,0,0,0,0,0,"","","","","",""
http://statistics.gov.scot/id/statistical-geography/S01000242,S01000242,18.18,8.33,0,0,0,0,0,0,6.25,12.5,12.5,7.69,"","","","","",""
http://statistics.gov.scot/id/statistical-geography/S01000243,S01000243,33.33,33.33,14.29,0,0,0,0,0,0,0,0,10,"","","","","",""
http://statistics.gov.scot/id/statistical-geography/S01000244,S01000244,7.69,22.22,15.38,13.33,11.76,13.33,11.76,5.88,5.56,0,0,0,"","","","","",""
http://statistics.gov.scot/id/statistical-geography/S01000245,S01000245,0,10,8.33,9.09,0,0,6.25,16.67,12.5,7.14,0,0,"","","","","",""
http://statistics.gov.scot/id/statistical-geography/S01000246,S01000246,16.67,28.57,25,28.57,16.67,11.11,0,0,0,0,12.5,16.67,"","","","","",""
http://statistics.gov.scot/id/statistical-geography/S01000247,S01000247,0,11.11,10,14.29,0,0,0,0,0,0,10,11.11,"","","","","",""
http://statistics.gov.scot/id/statistical-geography/S01000248,S01000248,8.33,8.33,8.33,0,0,0,14.29,10,10,0,6.67,5.88,"","","","","",""
http://statistics.gov.scot/id/statistical-geography/S01000249,S01000249,10,10,11.11,0,0,0,0,0,0,0,0,0,"","","","","",""
http://statistics.gov.scot/id/statistical-geography/S01000250,S01000250,7.69,6.67,16.67,12.5,20,0,0,0,0,0,0,0,"","","","","",""
http://statistics.gov.scot/id/statistical-geography/S01000251,S01000251,25,16.67,20,0,0,0,0,0,0,0,11.11,22.22,"","","","","",""
http://statistics.gov.scot/id/statistical-geography/S01000252,S01000252,19.05,11.11,21.43,14.29,14.29,0,14.29,16,16,5.26,0,0,"","","","","",""
http://statistics.gov.scot/id/statistical-geography/S01000253,S01000253,27.27,10,8.33,0,0,0,0,0,0,0,0,0,"","","","","",""
http://statistics.gov.scot/id/statistical-geography/S01000254,S01000254,7.14,7.69,6.67,0,0,0,0,0,0,0,0,0,"","","","","",""
http://statistics.gov.scot/id/statistical-geography/S01000255,S01000255,6.67,7.69,15.38,9.09,10,0,0,0,9.09,7.14,14.29,7.14,"","","","","",""
http://statistics.gov.scot/id/statistical-geography/S01000256,S01000256,0,0,0,0,0,14.29,20,14.29,0,0,0,0,"","","","","",""
http://statistics.gov.scot/id/statistical-geography/S01000257,S01000257,0,0,0,11.11,16.67,14.29,0,0,0,0,0,0,"","","","","",""
http://statistics.gov.scot/id/statistical-geography/S01000258,S01000258,0,0,0,0,0,0,0,0,0,0,0,0,"","","","","",""
http://statistics.gov.scot/id/statistical-geography/S01000259,S01000259,0,0,0,0,0,0,0,0,0,0,0,0,"","","","","",""
http://statistics.gov.scot/id/statistical-geography/S01000260,S01000260,3.57,6.9,8.11,8.11,5.56,3.33,0,0,0,0,0,0,"","","","","",""
http://statistics.gov.scot/id/statistical-geography/S01000261,S01000261,9.09,9.09,12.5,0,0,0,0,0,8.33,7.14,11.11,0,"","","","","",""
http://statistics.gov.scot/id/statistical-geography/S01000262,S01000262,7.14,0,8.33,6.67,7.14,0,10,8.33,20,25,25,12.5,"","","","","",""
http://statistics.gov.scot/id/statistical-geography/S01000263,S01000263,2.94,3.23,0,3.33,3.57,4.35,0,0,6.67,5,4,0,"","","","","",""
http://statistics.gov.scot/id/statistical-geography/S01000264,S01000264,37.5,25,28.57,9.09,9.09,9.09,11.11,8.33,0,0,0,6.67,"","","","","",""
http://statistics.gov.scot/id/statistical-geography/S01000265,S01000265,0,0,28.57,28.57,25,0,20,25,30.77,22.22,10,0,"","","","","",""
http://statistics.gov.scot/id/statistical-geography/S01000266,S01000266,0,0,0,0,0,11.11,12.5,12.5,7.69,5.26,8.7,9.09,"","","","","",""
http://statistics.gov.scot/id/statistical-geography/S01000267,S01000267,40,18.18,16.67,16.67,28.57,25,0,0,0,10,20,25,"","","","","",""
http://statistics.gov.scot/id/statistical-geography/S01000268,S01000268,16.67,10,11.11,0,20,12.5,18.18,10,14.29,14.29,12.5,11.11,"","","","","",""
http://statistics.gov.scot/id/statistical-geography/S01000269,S01000269,0,0,20,14.29,14.29,0,0,0,0,0,0,0,"","","","","",""
http://statistics.gov.scot/id/statistical-geography/S01000270,S01000270,20,33.33,16.67,20,10,10,10,15.38,18.18,10,0,0,"","","","","",""
http://statistics.gov.scot/id/statistical-geography/S01000271,S01000271,6.67,0,0,0,0,11.11,30.77,41.67,28.57,11.11,12.5,12.5,"","","","","",""
http://statistics.gov.scot/id/statistical-geography/S01000272,S01000272,16.67,13.33,15.38,22.22,21.43,18.18,20,20,16.67,10,5.88,0,"","","","","",""
http://statistics.gov.scot/id/statistical-geography/S01000273,S01000273,25,40,28.57,20,0,0,0,0,0,0,0,0,"","","","","",""
http://statistics.gov.scot/id/statistical-geography/S01000274,S01000274,16.67,25,20,33.33,33.33,40,10,0,0,0,0,0,"","","","","",""
http://statistics.gov.scot/id/statistical-geography/S01000275,S01000275,0,0,0,11.11,10,11.11,0,0,0,0,5,4.35,"","","","","",""
http://statistics.gov.scot/id/statistical-geography/S01000276,S01000276,0,0,0,0,0,0,0,0,0,0,0,0,"","","","","",""
http://statistics.gov.scot/id/statistical-geography/S01000277,S01000277,8.33,0,0,0,0,0,7.69,9.09,8.33,0,0,0,"","","","","",""
http://statistics.gov.scot/id/statistical-geography/S01000278,S01000278,12.5,25,37.5,40,50,40,40,25,20,50,50,42.86,"","","","","",""
http://statistics.gov.scot/id/statistical-geography/S01000279,S01000279,0,0,0,0,0,4.35,8,9.52,13.33,9.09,18.75,12.5,"","","","","",""
http://statistics.gov.scot/id/statistical-geography/S01000280,S01000280,0,0,33.33,21.43,18.75,0,0,0,0,0,0,0,"","","","","",""
http://statistics.gov.scot/id/statistical-geography/S01000281,S01000281,20,20,8.33,7.69,0,0,0,0,0,0,7.14,6.67,"","","","","",""
http://statistics.gov.scot/id/statistical-geography/S01000282,S01000282,0,0,0,0,0,0,0,7.69,9.09,7.14,8.33,7.69,"","","","","",""
http://statistics.gov.scot/id/statistical-geography/S01000283,S01000283,20,25,14.29,0,0,0,0,9.09,9.09,6.67,0,0,"","","","","",""
http://statistics.gov.scot/id/statistical-geography/S01000284,S01000284,7.14,7.69,0,4.55,3.7,4.76,0,0,9.52,8.7,10.53,0,"","","","","",""
http://statistics.gov.scot/id/statistical-geography/S01000285,S01000285,11.11,7.14,0,8.33,12.5,11.11,9.09,9.09,20,14.29,25,11.11,"","","","","",""
http://statistics.gov.scot/id/statistical-geography/S01000286,S01000286,20,23.08,20,10,12.5,5.88,6.25,0,0,0,0,8.33,"","","","","",""
http://statistics.gov.scot/id/statistical-geography/S01000287,S01000287,0,16.67,16.67,12.5,14.29,14.29,20,0,0,0,0,0,"","","","","",""
http://statistics.gov.scot/id/statistical-geography/S01000288,S01000288,0,0,16.67,37.5,33.33,22.22,0,0,0,0,12.5,8.33,"","","","","",""
http://statistics.gov.scot/id/statistical-geography/S01000289,S01000289,0,0,0,0,0,0,0,0,0,0,0,0,"","","","","",""
http://statistics.gov.scot/id/statistical-geography/S01000290,S01000290,18.18,9.09,7.69,7.69,7.69,0,17.65,23.53,35.71,18.18,9.09,7.69,"","","","","",""
http://statistics.gov.scot/id/statistical-geography/S01000291,S01000291,0,14.29,10,11.11,0,0,0,25,20,12.5,0,16.67,"","","","","",""
http://statistics.gov.scot/id/statistical-geography/S01000292,S01000292,0,0,0,0,0,0,33.33,22.22,22.22,8.33,7.14,14.29,"","","","","",""
http://statistics.gov.scot/id/statistical-geography/S01000293,S01000293,0,18.18,12.5,14.29,0,0,0,0,0,0,0,0,"","","","","",""
http://statistics.gov.scot/id/statistical-geography/S01000294,S01000294,0,0,0,0,0,9.09,8.33,6.67,0,0,0,0,"","","","","",""
http://statistics.gov.scot/id/statistical-geography/S01000295,S01000295,0,0,0,0,0,0,0,0,0,0,"",0,"","","","","",""
http://statistics.gov.scot/id/statistical-geography/S01000296,S01000296,0,11.11,5.56,4.55,3.85,5.26,4.35,0,0,0,0,0,"","","","","",""
http://statistics.gov.scot/id/statistical-geography/S01000297,S01000297,28.57,12.5,0,12.5,11.11,10,12.5,16.67,28.57,14.29,20,0,"","","","","",""
http://statistics.gov.scot/id/statistical-geography/S01000298,S01000298,0,0,0,0,0,0,0,0,0,0,7.14,7.14,"","","","","",""
http://statistics.gov.scot/id/statistical-geography/S01000299,S01000299,0,0,0,0,0,0,0,0,0,0,0,0,"","","","","",""
http://statistics.gov.scot/id/statistical-geography/S01000300,S01000300,7.14,0,0,0,0,20,12.5,10,0,0,0,0,"","","","","",""
http://statistics.gov.scot/id/statistical-geography/S01000301,S01000301,0,0,0,12.5,10,11.11,0,0,0,0,0,0,"","","","","",""
http://statistics.gov.scot/id/statistical-geography/S01000302,S01000302,0,0,0,0,0,0,0,0,0,0,0,0,"","","","","",""
http://statistics.gov.scot/id/statistical-geography/S01000303,S01000303,20,0,0,0,0,0,16.67,16.67,25,14.29,16.67,12.5,"","","","","",""
http://statistics.gov.scot/id/statistical-geography/S01000304,S01000304,23.08,27.27,25,7.69,12.5,11.11,15.38,0,0,0,10,9.09,"","","","","",""
http://statistics.gov.scot/id/statistical-geography/S01000305,S01000305,9.09,7.14,0,0,0,0,0,0,0,0,0,0,"","","","","",""
http://statistics.gov.scot/id/statistical-geography/S01000306,S01000306,8.33,0,0,0,0,0,0,5.26,5.26,5.26,0,0,"","","","","",""
http://statistics.gov.scot/id/statistical-geography/S01000307,S01000307,7.14,8.33,5.88,5.56,5,0,0,0,0,0,0,0,"","","","","",""
http://statistics.gov.scot/id/statistical-geography/S01000308,S01000308,0,0,0,0,0,0,0,0,0,17.65,16.67,16.67,"","","","","",""
http://statistics.gov.scot/id/statistical-geography/S01000309,S01000309,7.14,9.09,0,0,0,0,0,11.11,20,10,0,0,"","","","","",""
http://statistics.gov.scot/id/statistical-geography/S01000310,S01000310,0,6.67,16.67,15.38,5.88,0,0,0,0,0,0,0,"","","","","",""
http://statistics.gov.scot/id/statistical-geography/S01000311,S01000311,0,0,0,0,0,0,0,0,0,0,0,0,"","","","","",""
http://statistics.gov.scot/id/statistical-geography/S01000312,S01000312,25,20,0,0,14.29,16.67,22.22,28.57,25,20,0,0,"","","","","",""
http://statistics.gov.scot/id/statistical-geography/S01000313,S01000313,11.11,16.67,16.67,0,0,0,0,0,0,0,0,0,"","","","","",""
http://statistics.gov.scot/id/statistical-geography/S01000314,S01000314,12.5,0,0,12.5,28.57,28.57,22.22,12.5,10,0,0,0,"","","","","",""
http://statistics.gov.scot/id/statistical-geography/S01000315,S01000315,0,0,0,0,0,0,0,0,0,0,0,0,"","","","","",""
http://statistics.gov.scot/id/statistical-geography/S01000316,S01000316,0,10,9.09,10,0,0,25,20,25,12.5,12.5,16.67,"","","","","",""
http://statistics.gov.scot/id/statistical-geography/S01000317,S01000317,30,28.57,20,0,0,0,0,0,12.5,11.11,16.67,0,"","","","","",""
http://statistics.gov.scot/id/statistical-geography/S01000318,S01000318,"","","","","",0,0,0,"",0,0,0,"","","","","",""
http://statistics.gov.scot/id/statistical-geography/S01000319,S01000319,25,9.09,7.69,0,0,6.25,5.56,5.56,0,0,0,0,"","","","","",""
http://statistics.gov.scot/id/statistical-geography/S01000320,S01000320,6.67,7.69,7.69,8.33,14.29,15.38,8.33,0,0,0,0,0,"","","","","",""
http://statistics.gov.scot/id/statistical-geography/S01000321,S01000321,9.09,9.09,11.11,25,28.57,18.18,8.33,8.33,0,0,0,0,"","","","","",""
http://statistics.gov.scot/id/statistical-geography/S01000322,S01000322,0,0,0,0,0,0,0,0,0,0,0,0,"","","","","",""
http://statistics.gov.scot/id/statistical-geography/S01000323,S01000323,7.14,6.67,0,16.67,16.67,15.38,0,0,0,0,7.69,11.11,"","","","","",""
http://statistics.gov.scot/id/statistical-geography/S01000324,S01000324,0,0,0,0,0,0,0,0,0,0,28.57,20,"","","","","",""
http://statistics.gov.scot/id/statistical-geography/S01000325,S01000325,0,0,0,0,0,7.69,4.17,3.23,0,0,0,11.11,"","","","","",""
http://statistics.gov.scot/id/statistical-geography/S01000326,S01000326,10,28.57,12.5,22.22,25,50,66.67,66.67,57.14,30,25,0,"","","","","",""
http://statistics.gov.scot/id/statistical-geography/S01000327,S01000327,11.11,12.5,18.18,22.22,20,25,12.5,14.29,16.67,12.5,10,0,"","","","","",""
http://statistics.gov.scot/id/statistical-geography/S01000328,S01000328,0,8.33,9.09,7.14,0,14.29,14.29,15.38,0,0,10,20,"","","","","",""
http://statistics.gov.scot/id/statistical-geography/S01000329,S01000329,16.67,28.57,16.67,33.33,28.57,30,20,14.29,12.5,5.88,10.53,5,"","","","","",""
http://statistics.gov.scot/id/statistical-geography/S01000330,S01000330,0,25,20,11.11,0,0,0,9.09,11.11,8.33,0,0,"","","","","",""
http://statistics.gov.scot/id/statistical-geography/S01000331,S01000331,0,33.33,50,33.33,0,0,0,14.29,16.67,20,0,0,"","","","","",""
http://statistics.gov.scot/id/statistical-geography/S01000332,S01000332,16.67,25,20,0,0,22.22,16.67,15.38,0,0,0,0,"","","","","",""
http://statistics.gov.scot/id/statistical-geography/S01000333,S01000333,6.67,0,10,14.29,20,0,0,0,0,0,0,0,"","","","","",""
http://statistics.gov.scot/id/statistical-geography/S01000334,S01000334,16.67,11.11,0,0,0,0,0,0,7.69,6.67,11.76,14.29,"","","","","",""
http://statistics.gov.scot/id/statistical-geography/S01000335,S01000335,0,0,7.14,6.67,9.09,0,0,0,20,14.29,20,11.11,"","","","","",""
http://statistics.gov.scot/id/statistical-geography/S01000336,S01000336,12.5,8.33,7.14,0,0,0,0,0,0,0,0,0,"","","","","",""
http://statistics.gov.scot/id/statistical-geography/S01000337,S01000337,0,0,14.29,10,6.25,0,0,0,0,0,0,0,"","","","","",""
http://statistics.gov.scot/id/statistical-geography/S01000338,S01000338,0,0,0,0,0,0,0,0,28.57,25,42.86,25,"","","","","",""
http://statistics.gov.scot/id/statistical-geography/S01000339,S01000339,0,0,0,5.26,10.53,16.67,12.5,8.33,9.09,14.29,14.29,0,"","","","","",""
http://statistics.gov.scot/id/statistical-geography/S01000340,S01000340,0,0,0,0,0,0,0,0,0,0,0,0,"","","","","",""
http://statistics.gov.scot/id/statistical-geography/S01000341,S01000341,0,0,0,0,0,0,0,0,0,0,0,0,"","","","","",""
http://statistics.gov.scot/id/statistical-geography/S01000342,S01000342,11.11,12.5,20,25,0,0,0,0,0,0,0,0,"","","","","",""
http://statistics.gov.scot/id/statistical-geography/S01000343,S01000343,0,0,0,0,0,0,0,0,0,0,0,0,"","","","","",""
http://statistics.gov.scot/id/statistical-geography/S01000344,S01000344,16.67,18.18,8.33,0,0,0,0,7.69,6.67,13.33,7.14,16.67,"","","","","",""
http://statistics.gov.scot/id/statistical-geography/S01000345,S01000345,22.22,20,12.5,11.11,16.67,25,12.5,12.5,0,0,0,22.22,"","","","","",""
http://statistics.gov.scot/id/statistical-geography/S01000346,S01000346,0,0,0,0,9.09,11.11,20,0,0,0,0,0,"","","","","",""
http://statistics.gov.scot/id/statistical-geography/S01000347,S01000347,0,0,0,0,3.57,3.7,2.7,0,0,0,0,4.17,"","","","","",""
http://statistics.gov.scot/id/statistical-geography/S01000348,S01000348,16.67,9.52,5.26,0,0,0,0,0,0,0,0,0,"","","","","",""
http://statistics.gov.scot/id/statistical-geography/S01000349,S01000349,0,0,0,0,0,0,0,12.5,11.11,11.11,0,0,"","","","","",""
http://statistics.gov.scot/id/statistical-geography/S01000350,S01000350,0,0,0,0,0,0,0,5.88,5,5,0,0,"","","","","",""
http://statistics.gov.scot/id/statistical-geography/S01000351,S01000351,0,8.33,10,10,0,0,8.33,9.09,8.33,8.33,8.33,7.14,"","","","","",""
http://statistics.gov.scot/id/statistical-geography/S01000352,S01000352,0,0,0,0,0,0,0,0,16.67,20,16.67,0,"","","","","",""
http://statistics.gov.scot/id/statistical-geography/S01000353,S01000353,0,0,0,0,0,0,12.5,14.29,16.67,0,0,0,"","","","","",""
http://statistics.gov.scot/id/statistical-geography/S01000354,S01000354,0,0,0,0,0,9.52,8.7,7.69,0,0,3.57,6.9,"","","","","",""
http://statistics.gov.scot/id/statistical-geography/S01000355,S01000355,0,0,0,0,0,0,0,0,0,0,0,0,"","","","","",""
http://statistics.gov.scot/id/statistical-geography/S01000356,S01000356,11.11,11.11,0,0,0,0,0,0,0,0,0,0,"","","","","",""
http://statistics.gov.scot/id/statistical-geography/S01000357,S01000357,0,0,0,0,0,0,0,0,0,0,0,0,"","","","","",""
http://statistics.gov.scot/id/statistical-geography/S01000358,S01000358,0,0,0,0,0,0,0,0,0,0,0,0,"","","","","",""
http://statistics.gov.scot/id/statistical-geography/S01000359,S01000359,0,0,0,0,0,0,0,0,0,0,0,0,"","","","","",""
http://statistics.gov.scot/id/statistical-geography/S01000360,S01000360,0,0,0,0,0,0,0,0,0,0,0,0,"","","","","",""
http://statistics.gov.scot/id/statistical-geography/S01000361,S01000361,0,0,0,0,0,0,0,0,0,0,0,0,"","","","","",""
http://statistics.gov.scot/id/statistical-geography/S01000362,S01000362,9.09,0,10,10,14.29,8.33,6.25,0,0,0,0,0,"","","","","",""
http://statistics.gov.scot/id/statistical-geography/S01000363,S01000363,0,0,0,0,0,0,0,0,0,0,0,0,"","","","","",""
http://statistics.gov.scot/id/statistical-geography/S01000364,S01000364,0,0,0,0,0,0,0,0,0,0,0,0,"","","","","",""
http://statistics.gov.scot/id/statistical-geography/S01000365,S01000365,0,0,4,3.85,3.03,0,0,0,0,0,1.25,1.43,"","","","","",""
http://statistics.gov.scot/id/statistical-geography/S01000366,S01000366,10,7.14,3.85,2.86,2.08,0,1.47,1.25,1.52,0,0,11.11,"","","","","",""
http://statistics.gov.scot/id/statistical-geography/S01000367,S01000367,12.5,11.11,12.5,20,20,16.67,0,0,0,0,0,0,"","","","","",""
http://statistics.gov.scot/id/statistical-geography/S01000368,S01000368,0,0,0,0,0,0,0,0,0,0,0,14.29,"","","","","",""
http://statistics.gov.scot/id/statistical-geography/S01000369,S01000369,0,0,7.69,7.14,5.88,0,0,0,0,0,0,0,"","","","","",""
http://statistics.gov.scot/id/statistical-geography/S01000370,S01000370,15.38,6.67,3.45,6.06,5.56,8.33,2.44,2,0,0,2.7,3.85,"","","","","",""
http://statistics.gov.scot/id/statistical-geography/S01000371,S01000371,0,0,11.11,16.67,10,0,0,0,14.29,16.67,33.33,12.5,"","","","","",""
http://statistics.gov.scot/id/statistical-geography/S01000372,S01000372,11.76,11.11,5,5,10.53,20,15.38,6.67,7.69,7.69,12.5,9.09,"","","","","",""
http://statistics.gov.scot/id/statistical-geography/S01000373,S01000373,0,0,0,8.33,9.09,10,0,0,0,16.67,28.57,20,"","","","","",""
http://statistics.gov.scot/id/statistical-geography/S01000374,S01000374,0,0,0,0,0,0,0,0,0,16.67,12.5,22.22,"","","","","",""
http://statistics.gov.scot/id/statistical-geography/S01000375,S01000375,16.67,15.38,16.67,20,22.22,14.29,0,0,11.11,12.5,9.09,0,"","","","","",""
http://statistics.gov.scot/id/statistical-geography/S01000376,S01000376,33.33,33.33,14.29,0,0,0,0,0,12.5,9.09,18.18,10,"","","","","",""
http://statistics.gov.scot/id/statistical-geography/S01000377,S01000377,0,0,12.5,7.69,9.09,9.09,11.11,15.38,14.29,14.29,7.14,0,"","","","","",""
http://statistics.gov.scot/id/statistical-geography/S01000378,S01000378,14.29,100,50,50,33.33,50,100,33.33,33.33,0,50,25,"","","","","",""
http://statistics.gov.scot/id/statistical-geography/S01000379,S01000379,0,0,0,0,0,0,0,0,0,0,0,0,"","","","","",""
http://statistics.gov.scot/id/statistical-geography/S01000380,S01000380,0,0,0,0,0,0,0,0,0,0,0,0,"","","","","",""
http://statistics.gov.scot/id/statistical-geography/S01000381,S01000381,0,9.09,7.14,5,0,0,0,0,0,0,0,0,"","","","","",""
http://statistics.gov.scot/id/statistical-geography/S01000382,S01000382,0,0,0,0,0,0,0,0,0,0,0,0,"","","","","",""
http://statistics.gov.scot/id/statistical-geography/S01000383,S01000383,11.11,12.5,12.5,11.11,25,16.67,27.27,12.5,9.68,2.94,5.26,3.57,"","","","","",""
http://statistics.gov.scot/id/statistical-geography/S01000384,S01000384,0,7.69,6.25,7.14,0,0,0,0,0,0,0,0,"","","","","",""
http://statistics.gov.scot/id/statistical-geography/S01000385,S01000385,10,15.38,6.25,5.26,0,0,0,0,0,0,0,0,"","","","","",""
http://statistics.gov.scot/id/statistical-geography/S01000386,S01000386,0,0,0,0,0,5.56,5.56,5.88,0,0,0,0,"","","","","",""
http://statistics.gov.scot/id/statistical-geography/S01000387,S01000387,0,10,9.09,9.09,7.69,13.33,23.08,20,10,10,7.69,7.14,"","","","","",""
http://statistics.gov.scot/id/statistical-geography/S01000388,S01000388,0,0,0,0,0,0,0,0,0,0,6.25,15.38,"","","","","",""
http://statistics.gov.scot/id/statistical-geography/S01000389,S01000389,0,0,0,0,0,5.26,5.56,4.76,0,0,0,0,"","","","","",""
http://statistics.gov.scot/id/statistical-geography/S01000390,S01000390,22.22,27.27,22.22,20,14.29,11.76,10,13.33,11.11,11.76,12.5,21.43,"","","","","",""
http://statistics.gov.scot/id/statistical-geography/S01000391,S01000391,7.69,0,21.43,30,40,33.33,16.67,25,20,28.57,16.67,12.5,"","","","","",""
http://statistics.gov.scot/id/statistical-geography/S01000392,S01000392,0,0,5.88,5.26,16.67,7.69,7.69,7.14,8.33,12.5,10,7.69,"","","","","",""
http://statistics.gov.scot/id/statistical-geography/S01000393,S01000393,0,0,0,0,0,0,0,0,0,0,0,28.57,"","","","","",""
http://statistics.gov.scot/id/statistical-geography/S01000394,S01000394,21.05,25,20,6.67,0,9.52,13.64,23.53,18.18,25,12.5,10,"","","","","",""
http://statistics.gov.scot/id/statistical-geography/S01000395,S01000395,9.09,0,0,0,0,0,0,0,6.67,5.88,12.5,11.11,"","","","","",""
http://statistics.gov.scot/id/statistical-geography/S01000396,S01000396,10,10,10,20,25,25,14.29,11.11,9.09,11.11,15.38,16.67,"","","","","",""
http://statistics.gov.scot/id/statistical-geography/S01000397,S01000397,0,0,0,0,0,14.29,12.5,16.67,0,0,0,0,"","","","","",""
http://statistics.gov.scot/id/statistical-geography/S01000398,S01000398,0,0,0,0,0,0,2.27,2.13,2,4.08,4.08,4.44,"","","","","",""
http://statistics.gov.scot/id/statistical-geography/S01000399,S01000399,0,0,0,0,0,0,0,0,11.11,22.22,13.33,8.33,"","","","","",""
http://statistics.gov.scot/id/statistical-geography/S01000400,S01000400,33.33,27.27,30,15.38,10,10,11.11,11.11,10,11.11,28.57,25,"","","","","",""
http://statistics.gov.scot/id/statistical-geography/S01000401,S01000401,20,0,0,0,0,0,0,8.33,10,12.5,0,0,"","","","","",""
http://statistics.gov.scot/id/statistical-geography/S01000402,S01000402,0,10,18.18,15.38,9.09,0,0,0,8.33,9.09,12.5,10,"","","","","",""
http://statistics.gov.scot/id/statistical-geography/S01000403,S01000403,9.09,10,20,16.67,27.27,40,50,25,14.29,22.22,28.57,14.29,"","","","","",""
http://statistics.gov.scot/id/statistical-geography/S01000404,S01000404,10,0,0,0,11.11,14.29,22.22,16.67,7.69,0,0,0,"","","","","",""
http://statistics.gov.scot/id/statistical-geography/S01000405,S01000405,16.67,0,0,0,0,0,0,0,8.33,11.11,14.29,0,"","","","","",""
http://statistics.gov.scot/id/statistical-geography/S01000406,S01000406,6.67,11.11,16.67,0,11.11,7.14,13.33,7.69,11.11,10,10,7.69,"","","","","",""
http://statistics.gov.scot/id/statistical-geography/S01000407,S01000407,18.18,20,16.67,50,44.44,33.33,33.33,0,0,16.67,20,10,"","","","","",""
http://statistics.gov.scot/id/statistical-geography/S01000408,S01000408,6.67,0,0,5.56,7.14,8.33,10,15.38,10.53,9.09,4.76,7.69,"","","","","",""
http://statistics.gov.scot/id/statistical-geography/S01000409,S01000409,0,0,0,10,13.33,11.11,6.25,0,0,0,0,8.33,"","","","","",""
http://statistics.gov.scot/id/statistical-geography/S01000410,S01000410,0,0,14.29,18.18,15.38,0,0,0,0,0,0,0,"","","","","",""
http://statistics.gov.scot/id/statistical-geography/S01000411,S01000411,15.38,0,0,0,0,6.67,7.14,6.25,0,0,0,0,"","","","","",""
http://statistics.gov.scot/id/statistical-geography/S01000412,S01000412,0,7.69,10,10,0,0,0,0,0,0,0,0,"","","","","",""
http://statistics.gov.scot/id/statistical-geography/S01000413,S01000413,0,0,0,0,0,0,0,0,0,14.29,14.29,20,"","","","","",""
http://statistics.gov.scot/id/statistical-geography/S01000414,S01000414,0,0,0,0,0,0,0,12.5,16.67,13.33,7.14,0,"","","","","",""
http://statistics.gov.scot/id/statistical-geography/S01000415,S01000415,0,0,0,0,0,20,8.33,7.14,0,0,5.26,5,"","","","","",""
http://statistics.gov.scot/id/statistical-geography/S01000416,S01000416,12.5,6.25,0,0,5,16.67,17.86,15.38,4.35,0,0,0,"","","","","",""
http://statistics.gov.scot/id/statistical-geography/S01000417,S01000417,18.18,7.14,9.09,6.25,8.33,14.29,9.09,14.29,9.09,14.29,0,0,"","","","","",""
http://statistics.gov.scot/id/statistical-geography/S01000418,S01000418,0,7.14,5.56,6.67,0,0,0,11.11,9.09,6.67,0,0,"","","","","",""
http://statistics.gov.scot/id/statistical-geography/S01000419,S01000419,0,0,0,6.25,9.09,7.14,0,0,0,0,0,0,"","","","","",""
http://statistics.gov.scot/id/statistical-geography/S01000420,S01000420,14.29,12.5,0,0,0,0,0,0,10,6.67,8.33,0,"","","","","",""
http://statistics.gov.scot/id/statistical-geography/S01000421,S01000421,11.11,0,0,0,0,0,0,0,0,0,0,15.38,"","","","","",""
http://statistics.gov.scot/id/statistical-geography/S01000422,S01000422,0,12.5,12.5,12.5,0,0,0,0,0,0,0,0,"","","","","",""
http://statistics.gov.scot/id/statistical-geography/S01000423,S01000423,0,7.69,6.25,5,5.26,7.14,7.69,6.67,6.25,10,0,0,"","","","","",""
http://statistics.gov.scot/id/statistical-geography/S01000424,S01000424,0,0,0,0,0,0,0,0,9.09,7.14,8.33,0,"","","","","",""
http://statistics.gov.scot/id/statistical-geography/S01000425,S01000425,0,0,0,0,0,0,0,0,0,14.29,44.44,30.77,"","","","","",""
http://statistics.gov.scot/id/statistical-geography/S01000426,S01000426,0,0,0,0,8.33,9.09,22.22,11.11,11.11,0,9.09,8.33,"","","","","",""
http://statistics.gov.scot/id/statistical-geography/S01000427,S01000427,0,6.67,7.14,10,0,0,9.09,7.14,23.53,18.75,16.67,6.25,"","","","","",""
http://statistics.gov.scot/id/statistical-geography/S01000428,S01000428,0,0,0,0,0,12.5,14.29,14.29,0,0,14.29,12.5,"","","","","",""
http://statistics.gov.scot/id/statistical-geography/S01000429,S01000429,25,50,0,0,0,0,10,14.29,14.29,0,0,0,"","","","","",""
http://statistics.gov.scot/id/statistical-geography/S01000430,S01000430,50,20,28.57,16.67,20,0,0,0,0,20,25,16.67,"","","","","",""
http://statistics.gov.scot/id/statistical-geography/S01000431,S01000431,16.67,25,25,0,0,0,0,0,0,0,0,0,"","","","","",""
http://statistics.gov.scot/id/statistical-geography/S01000432,S01000432,0,0,0,0,0,0,0,0,0,0,0,0,"","","","","",""
http://statistics.gov.scot/id/statistical-geography/S01000433,S01000433,0,0,0,0,"",0,0,33.33,25,20,0,16.67,"","","","","",""
http://statistics.gov.scot/id/statistical-geography/S01000434,S01000434,0,0,0,12.5,11.11,14.29,0,20,25,28.57,28.57,25,"","","","","",""
http://statistics.gov.scot/id/statistical-geography/S01000435,S01000435,0,0,0,0,0,0,0,0,11.11,12.5,12.5,12.5,"","","","","",""
http://statistics.gov.scot/id/statistical-geography/S01000436,S01000436,16.67,11.11,0,0,0,0,0,9.09,14.29,12.5,0,0,"","","","","",""
http://statistics.gov.scot/id/statistical-geography/S01000437,S01000437,9.09,9.09,10,0,0,0,0,7.69,12.5,10.53,5,0,"","","","","",""
http://statistics.gov.scot/id/statistical-geography/S01000438,S01000438,17.65,8.33,16.67,0,0,0,0,0,0,0,0,0,"","","","","",""
http://statistics.gov.scot/id/statistical-geography/S01000439,S01000439,6.25,0,20,13.33,15.38,0,0,0,0,0,0,0,"","","","","",""
http://statistics.gov.scot/id/statistical-geography/S01000440,S01000440,0,7.69,5.56,7.14,0,0,0,0,0,8.33,8.7,21.43,"","","","","",""
http://statistics.gov.scot/id/statistical-geography/S01000441,S01000441,7.14,12.5,12.5,9.09,0,0,0,0,7.14,8.33,7.14,0,"","","","","",""
http://statistics.gov.scot/id/statistical-geography/S01000442,S01000442,0,0,0,9.09,12.5,11.11,0,0,0,0,0,0,"","","","","",""
http://statistics.gov.scot/id/statistical-geography/S01000443,S01000443,0,0,0,0,0,0,14.29,14.29,12.5,0,0,0,"","","","","",""
http://statistics.gov.scot/id/statistical-geography/S01000444,S01000444,0,0,0,0,0,0,1.08,1,1.22,1.56,4.08,6.12,"","","","","",""
http://statistics.gov.scot/id/statistical-geography/S01000445,S01000445,5.26,14.29,7.69,7.14,0,0,0,0,0,8.7,15,18.18,"","","","","",""
http://statistics.gov.scot/id/statistical-geography/S01000446,S01000446,5.56,0,0,0,0,0,0,0,11.11,6.67,7.14,0,"","","","","",""
http://statistics.gov.scot/id/statistical-geography/S01000447,S01000447,0,0,0,"",0,14.29,22.22,28.57,14.29,0,0,10,"","","","","",""
http://statistics.gov.scot/id/statistical-geography/S01000448,S01000448,11.11,11.11,0,0,0,0,0,8.33,7.69,5.88,5.88,6.25,"","","","","",""
http://statistics.gov.scot/id/statistical-geography/S01000449,S01000449,20,22.22,0,0,10,23.08,16.67,17.65,5.88,10,0,16.67,"","","","","",""
http://statistics.gov.scot/id/statistical-geography/S01000450,S01000450,0,0,10,15.38,18.18,5.88,0,7.69,16.67,20,0,0,"","","","","",""
http://statistics.gov.scot/id/statistical-geography/S01000451,S01000451,0,0,0,11.11,14.29,20,8.33,5.56,0,0,0,0,"","","","","",""
http://statistics.gov.scot/id/statistical-geography/S01000452,S01000452,16.67,0,0,11.11,25,28.57,22.22,11.11,11.11,0,0,0,"","","","","",""
http://statistics.gov.scot/id/statistical-geography/S01000453,S01000453,0,0,0,0,0,0,0,0,0,0,0,0,"","","","","",""
http://statistics.gov.scot/id/statistical-geography/S01000454,S01000454,33.33,25,33.33,33.33,25,0,28.57,28.57,25,0,0,0,"","","","","",""
http://statistics.gov.scot/id/statistical-geography/S01000455,S01000455,15.38,13.33,15,25,30.77,27.27,9.09,10,8.33,0,0,0,"","","","","",""
http://statistics.gov.scot/id/statistical-geography/S01000456,S01000456,0,0,0,0,8.33,11.11,22.22,20,30,36.36,25,14.29,"","","","","",""
http://statistics.gov.scot/id/statistical-geography/S01000457,S01000457,0,0,0,0,0,0,0,0,0,0,0,0,"","","","","",""
http://statistics.gov.scot/id/statistical-geography/S01000458,S01000458,0,0,5.56,5.26,11.76,7.14,5.56,0,0,0,0,0,"","","","","",""
http://statistics.gov.scot/id/statistical-geography/S01000459,S01000459,21.43,25,20,7.14,6.67,7.14,15.38,18.18,18.18,16.67,18.75,14.29,"","","","","",""
http://statistics.gov.scot/id/statistical-geography/S01000460,S01000460,40,20,42.86,33.33,27.27,12.5,33.33,16.67,27.27,27.27,25,11.11,"","","","","",""
http://statistics.gov.scot/id/statistical-geography/S01000461,S01000461,0,7.14,8.33,13.33,30.77,26.67,20,0,12,12,12,0,"","","","","",""
http://statistics.gov.scot/id/statistical-geography/S01000462,S01000462,7.69,10,9.09,22.22,18.18,25,12.5,0,8.33,18.18,18.18,16.67,"","","","","",""
http://statistics.gov.scot/id/statistical-geography/S01000463,S01000463,9.52,5.88,18.75,20,23.08,15.38,13.33,19.05,13.64,14.29,10.53,10.53,"","","","","",""
http://statistics.gov.scot/id/statistical-geography/S01000464,S01000464,0,0,0,0,0,0,0,0,0,0,12.5,12.5,"","","","","",""
http://statistics.gov.scot/id/statistical-geography/S01000465,S01000465,0,0,14.29,22.22,33.33,27.27,25,14.29,0,0,0,0,"","","","","",""
http://statistics.gov.scot/id/statistical-geography/S01000466,S01000466,7.14,7.14,11.11,16.67,0,0,0,0,0,0,12.5,16.67,"","","","","",""
http://statistics.gov.scot/id/statistical-geography/S01000467,S01000467,28.57,22.22,25,0,0,0,0,0,0,0,0,16.67,"","","","","",""
http://statistics.gov.scot/id/statistical-geography/S01000468,S01000468,16.67,14.29,0,0,0,50,33.33,33.33,0,0,0,50,"","","","","",""
http://statistics.gov.scot/id/statistical-geography/S01000469,S01000469,5,11.76,12.5,12.5,0,0,16.67,20,33.33,16.67,12.5,0,"","","","","",""
http://statistics.gov.scot/id/statistical-geography/S01000470,S01000470,15.38,0,0,4.17,6.25,5.56,0,0,9.09,33.33,33.33,20,"","","","","",""
http://statistics.gov.scot/id/statistical-geography/S01000471,S01000471,0,0,0,11.11,15.38,20,11.76,6.67,8.33,14.29,16.67,0,"","","","","",""
http://statistics.gov.scot/id/statistical-geography/S01000472,S01000472,0,0,0,14.29,14.29,20,0,50,50,41.67,20,10.53,"","","","","",""
http://statistics.gov.scot/id/statistical-geography/S01000473,S01000473,21.43,16.67,8.33,18.18,23.08,41.67,45.45,50,30,12.5,25,27.27,"","","","","",""
http://statistics.gov.scot/id/statistical-geography/S01000474,S01000474,10,10,0,0,0,0,0,33.33,33.33,33.33,16.67,12.5,"","","","","",""
http://statistics.gov.scot/id/statistical-geography/S01000475,S01000475,13.33,12.5,18.18,37.5,12.5,33.33,33.33,45.45,40,20,20,8.33,"","","","","",""
http://statistics.gov.scot/id/statistical-geography/S01000476,S01000476,0,0,0,0,0,0,0,0,0,0,0,0,"","","","","",""
http://statistics.gov.scot/id/statistical-geography/S01000477,S01000477,0,0,0,9.09,8.33,14.29,0,0,11.11,18.18,20,14.29,"","","","","",""
http://statistics.gov.scot/id/statistical-geography/S01000478,S01000478,22.22,14.29,13.33,9.09,14.29,12.5,11.11,6.67,0,0,25,18.18,"","","","","",""
http://statistics.gov.scot/id/statistical-geography/S01000479,S01000479,22.22,20,18.75,7.14,0,8.33,13.33,27.27,23.08,14.29,5,10.53,"","","","","",""
http://statistics.gov.scot/id/statistical-geography/S01000480,S01000480,0,0,20,14.29,22.22,14.29,37.5,25,28.57,0,"",33.33,"","","","","",""
http://statistics.gov.scot/id/statistical-geography/S01000481,S01000481,10,7.14,5.26,8,6.25,3.13,0,3.13,5.88,6.25,5.71,5.13,"","","","","",""
http://statistics.gov.scot/id/statistical-geography/S01000482,S01000482,13.33,11.76,26.67,22.22,18.75,13.33,18.75,26.09,33.33,36.67,34.62,25,"","","","","",""
http://statistics.gov.scot/id/statistical-geography/S01000483,S01000483,0,0,0,12.5,14.29,8.33,14.29,13.33,18.18,9.09,13.33,19.05,"","","","","",""
http://statistics.gov.scot/id/statistical-geography/S01000484,S01000484,6.25,20,30.77,30.77,23.08,21.74,20,19.05,0,0,21.05,23.53,"","","","","",""
http://statistics.gov.scot/id/statistical-geography/S01000485,S01000485,0,16.67,8.33,8.33,0,0,0,0,0,11.11,16.67,14.29,"","","","","",""
http://statistics.gov.scot/id/statistical-geography/S01000486,S01000486,33.33,39.13,25,34.48,18.52,32,20,29.03,24.14,20.59,15.79,17.07,"","","","","",""
http://statistics.gov.scot/id/statistical-geography/S01000487,S01000487,28.57,0,0,10,14.29,14.29,0,0,0,8.33,16.67,18.18,"","","","","",""
http://statistics.gov.scot/id/statistical-geography/S01000488,S01000488,22.22,10,33.33,23.08,28.57,8.33,15.38,22.22,20,12.5,0,20,"","","","","",""
http://statistics.gov.scot/id/statistical-geography/S01000489,S01000489,29.41,25,26.67,27.27,33.33,13.33,13.04,13.79,17.24,14.29,19.05,20,"","","","","",""
http://statistics.gov.scot/id/statistical-geography/S01000490,S01000490,15.38,20,6.25,6.67,0,0,0,0,0,0,0,0,"","","","","",""
http://statistics.gov.scot/id/statistical-geography/S01000491,S01000491,20,18.18,10.53,13.33,18.18,30,38.46,46.15,38.46,30,25,28.57,"","","","","",""
http://statistics.gov.scot/id/statistical-geography/S01000492,S01000492,26.32,17.65,20,18.18,9.09,15.38,14.29,21.43,6.67,5.88,0,0,"","","","","",""
http://statistics.gov.scot/id/statistical-geography/S01000493,S01000493,33.33,25,0,0,0,0,0,0,0,0,14.29,12.5,"","","","","",""
http://statistics.gov.scot/id/statistical-geography/S01000494,S01000494,9.09,0,9.09,10,16.67,16.67,14.29,22.22,15.38,23.08,12.5,16.67,"","","","","",""
http://statistics.gov.scot/id/statistical-geography/S01000495,S01000495,0,40,33.33,33.33,27.27,23.08,15.38,15.38,15.38,16.67,0,0,"","","","","",""
http://statistics.gov.scot/id/statistical-geography/S01000496,S01000496,0,0,0,0,0,7.14,6.67,9.09,0,0,14.29,14.29,"","","","","",""
http://statistics.gov.scot/id/statistical-geography/S01000497,S01000497,0,0,0,0,0,0,0,12.5,16.67,14.29,8.33,0,"","","","","",""
http://statistics.gov.scot/id/statistical-geography/S01000498,S01000498,0,20,14.29,16.67,0,12.5,10,11.11,0,0,16.67,33.33,"","","","","",""
http://statistics.gov.scot/id/statistical-geography/S01000499,S01000499,0,11.11,6.25,6.25,0,0,0,0,0,0,0,0,"","","","","",""
http://statistics.gov.scot/id/statistical-geography/S01000500,S01000500,30.77,33.33,45.45,44.44,14.29,14.29,33.33,33.33,27.27,15.38,35.29,29.41,"","","","","",""
http://statistics.gov.scot/id/statistical-geography/S01000501,S01000501,20,33.33,25,42.86,37.5,30,12.5,0,0,0,12.5,25,"","","","","",""
http://statistics.gov.scot/id/statistical-geography/S01000502,S01000502,0,0,0,0,0,0,0,0,0,0,0,0,"","","","","",""
http://statistics.gov.scot/id/statistical-geography/S01000503,S01000503,12.5,0,0,0,20,28.57,33.33,12.5,37.5,37.5,60,0,"","","","","",""
http://statistics.gov.scot/id/statistical-geography/S01000504,S01000504,6.25,5.88,0,0,11.11,7.14,13.33,21.43,20,12.5,0,8.33,"","","","","",""
http://statistics.gov.scot/id/statistical-geography/S01000505,S01000505,0,0,0,0,0,0,0,0,8.33,10,16.67,0,"","","","","",""
http://statistics.gov.scot/id/statistical-geography/S01000506,S01000506,0,0,0,0,0,12.5,13.33,9.09,8.7,5.88,10,0,"","","","","",""
http://statistics.gov.scot/id/statistical-geography/S01000507,S01000507,11.11,14.29,0,0,0,11.11,10,16.67,9.09,16.67,10,10,"","","","","",""
http://statistics.gov.scot/id/statistical-geography/S01000508,S01000508,11.11,0,11.11,11.11,14.29,11.11,20,10,9.09,0,20,25,"","","","","",""
http://statistics.gov.scot/id/statistical-geography/S01000509,S01000509,0,10,16.67,20,0,0,0,0,0,6.67,12.5,17.65,"","","","","",""
http://statistics.gov.scot/id/statistical-geography/S01000510,S01000510,0,0,0,0,0,0,0,0,0,0,0,0,"","","","","",""
http://statistics.gov.scot/id/statistical-geography/S01000511,S01000511,0,0,0,14.29,10,10,0,16.67,25,22.22,25,14.29,"","","","","",""
http://statistics.gov.scot/id/statistical-geography/S01000512,S01000512,4.55,5,5,6.67,7.69,8.33,0,0,0,0,0,0,"","","","","",""
http://statistics.gov.scot/id/statistical-geography/S01000513,S01000513,0,20,16.67,25,25,33.33,42.86,37.5,30.77,15.38,8.33,0,"","","","","",""
http://statistics.gov.scot/id/statistical-geography/S01000514,S01000514,0,0,0,0,0,0,0,0,0,0,22.22,25,"","","","","",""
http://statistics.gov.scot/id/statistical-geography/S01000515,S01000515,22.22,0,0,0,0,20,33.33,25,11.11,0,0,0,"","","","","",""
http://statistics.gov.scot/id/statistical-geography/S01000516,S01000516,16.67,11.11,0,0,0,0,18.18,14.29,11.11,0,9.52,12.5,"","","","","",""
http://statistics.gov.scot/id/statistical-geography/S01000517,S01000517,25,20,25,20,0,0,0,10,8.33,14.29,8.33,11.11,"","","","","",""
http://statistics.gov.scot/id/statistical-geography/S01000518,S01000518,13.33,12.5,31.25,33.33,38.46,20,25,22.22,28.57,0,0,0,"","","","","",""
http://statistics.gov.scot/id/statistical-geography/S01000519,S01000519,0,0,0,0,0,0,0,0,0,0,0,0,"","","","","",""
http://statistics.gov.scot/id/statistical-geography/S01000520,S01000520,0,0,16.67,11.11,7.14,5.56,6.25,6.67,0,0,0,0,"","","","","",""
http://statistics.gov.scot/id/statistical-geography/S01000521,S01000521,33.33,0,10,16.67,36.36,30.77,37.5,25,26.32,11.11,7.69,12.5,"","","","","",""
http://statistics.gov.scot/id/statistical-geography/S01000522,S01000522,0,0,0,0,20,40,40,12.5,0,0,0,0,"","","","","",""
http://statistics.gov.scot/id/statistical-geography/S01000523,S01000523,8.33,16.67,21.05,25,18.18,0,0,7.69,7.69,7.14,0,5.88,"","","","","",""
http://statistics.gov.scot/id/statistical-geography/S01000524,S01000524,0,0,12.5,11.11,11.11,16.67,33.33,25,0,0,0,0,"","","","","",""
http://statistics.gov.scot/id/statistical-geography/S01000525,S01000525,0,0,0,0,0,0,0,0,6.67,15.38,20,25,"","","","","",""
http://statistics.gov.scot/id/statistical-geography/S01000526,S01000526,0,0,0,0,0,0,0,0,10,16.67,11.11,0,"","","","","",""
http://statistics.gov.scot/id/statistical-geography/S01000527,S01000527,0,0,0,0,0,0,0,10,11.11,14.29,0,0,"","","","","",""
http://statistics.gov.scot/id/statistical-geography/S01000528,S01000528,0,0,0,0,0,0,0,10,11.11,28.57,14.29,25,"","","","","",""
http://statistics.gov.scot/id/statistical-geography/S01000529,S01000529,25,16.67,0,9.09,8.33,7.14,11.11,11.11,12.5,0,0,0,"","","","","",""
http://statistics.gov.scot/id/statistical-geography/S01000530,S01000530,0,11.11,16.67,33.33,0,0,0,0,0,0,0,0,"","","","","",""
http://statistics.gov.scot/id/statistical-geography/S01000531,S01000531,40,33.33,0,0,0,0,0,0,0,11.11,11.11,16.67,"","","","","",""
http://statistics.gov.scot/id/statistical-geography/S01000532,S01000532,27.27,30.77,45.45,66.67,66.67,33.33,20,25,28.57,20,12.5,20,"","","","","",""
http://statistics.gov.scot/id/statistical-geography/S01000533,S01000533,44.44,41.67,44.44,25,0,12.5,12.5,20,12.5,22.22,8.33,8.33,"","","","","",""
http://statistics.gov.scot/id/statistical-geography/S01000534,S01000534,25,33.33,0,"","","",20,25,22.22,16.67,22.22,23.08,"","","","","",""
http://statistics.gov.scot/id/statistical-geography/S01000535,S01000535,11.76,5.26,0,0,0,8.33,11.11,10,9.09,16.67,15.38,6.25,"","","","","",""
http://statistics.gov.scot/id/statistical-geography/S01000536,S01000536,0,0,14.29,12.5,20,25,33.33,20,14.29,14.29,14.29,0,"","","","","",""
http://statistics.gov.scot/id/statistical-geography/S01000537,S01000537,0,0,0,11.11,12.5,11.11,0,0,0,0,15.38,12.5,"","","","","",""
http://statistics.gov.scot/id/statistical-geography/S01000538,S01000538,13.33,6.67,14.29,14.29,25,33.33,37.5,33.33,14.29,12.5,22.22,22.22,"","","","","",""
http://statistics.gov.scot/id/statistical-geography/S01000539,S01000539,7.14,0,0,6.25,7.69,6.25,0,0,0,0,0,5.88,"","","","","",""
http://statistics.gov.scot/id/statistical-geography/S01000540,S01000540,25,12.5,0,16.67,20,50,50,75,0,20,8.33,7.69,"","","","","",""
http://statistics.gov.scot/id/statistical-geography/S01000541,S01000541,22.22,25,14.29,10,0,0,33.33,18.18,27.78,16.67,20,11.11,"","","","","",""
http://statistics.gov.scot/id/statistical-geography/S01000542,S01000542,28.57,0,0,10,33.33,44.44,27.27,22.22,12.5,33.33,28.57,20,"","","","","",""
http://statistics.gov.scot/id/statistical-geography/S01000543,S01000543,0,0,0,0,0,0,8.33,7.69,10,0,0,0,"","","","","",""
http://statistics.gov.scot/id/statistical-geography/S01000544,S01000544,0,11.11,12.5,16.67,0,0,0,0,0,0,0,0,"","","","","",""
http://statistics.gov.scot/id/statistical-geography/S01000545,S01000545,8.33,15.38,15.38,26.67,33.33,42.86,33.33,23.53,10.53,5.56,14.29,18.18,"","","","","",""
http://statistics.gov.scot/id/statistical-geography/S01000546,S01000546,33.33,22.22,25,10,0,20,20,18.18,13.33,13.33,16.67,7.14,"","","","","",""
http://statistics.gov.scot/id/statistical-geography/S01000547,S01000547,0,7.69,7.69,7.14,9.09,11.11,40,20,50,25,30,16.67,"","","","","",""
http://statistics.gov.scot/id/statistical-geography/S01000548,S01000548,0,0,5.88,6.67,13.33,9.09,7.14,22.22,22.22,28.57,0,9.09,"","","","","",""
http://statistics.gov.scot/id/statistical-geography/S01000549,S01000549,0,0,0,0,0,0,0,0,5.88,11.76,11.76,7.69,"","","","","",""
http://statistics.gov.scot/id/statistical-geography/S01000550,S01000550,20,0,0,12.5,16.67,16.67,0,0,0,20,50,37.5,"","","","","",""
http://statistics.gov.scot/id/statistical-geography/S01000551,S01000551,11.11,10,20,25,12.5,10,9.09,8.33,0,0,0,0,"","","","","",""
http://statistics.gov.scot/id/statistical-geography/S01000552,S01000552,0,25,25,16.67,0,0,0,0,0,0,0,0,"","","","","",""
http://statistics.gov.scot/id/statistical-geography/S01000553,S01000553,8.33,7.14,5.56,0,0,5.88,5.56,12.5,7.14,12.5,0,0,"","","","","",""
http://statistics.gov.scot/id/statistical-geography/S01000554,S01000554,30,16.67,14.29,15.38,10,8.33,0,7.14,9.09,16.67,11.11,12.5,"","","","","",""
http://statistics.gov.scot/id/statistical-geography/S01000555,S01000555,0,0,28.57,37.5,33.33,22.22,14.29,20,11.11,15.38,10,7.69,"","","","","",""
http://statistics.gov.scot/id/statistical-geography/S01000556,S01000556,33.33,42.86,42.86,28.57,28.57,28.57,23.08,20,16.67,16.67,18.75,20,"","","","","",""
http://statistics.gov.scot/id/statistical-geography/S01000557,S01000557,30,28.57,26.67,18.18,7.14,22.22,18.18,20,5,5.26,0,0,"","","","","",""
http://statistics.gov.scot/id/statistical-geography/S01000558,S01000558,0,33.33,25,20,14.29,16.67,16.67,0,11.11,10,11.11,0,"","","","","",""
http://statistics.gov.scot/id/statistical-geography/S01000559,S01000559,10,0,0,0,0,0,0,14.29,22.22,20,25,20,"","","","","",""
http://statistics.gov.scot/id/statistical-geography/S01000560,S01000560,9.09,21.43,14.29,28.57,16.67,14.29,0,25,27.78,32.14,22.73,20,"","","","","",""
http://statistics.gov.scot/id/statistical-geography/S01000561,S01000561,0,8.33,14.29,23.08,25,28.57,33.33,25,20,8.33,6.67,0,"","","","","",""
http://statistics.gov.scot/id/statistical-geography/S01000562,S01000562,22.22,20,20,8.33,13.33,18.75,18.18,10,0,7.69,7.14,14.29,"","","","","",""
http://statistics.gov.scot/id/statistical-geography/S01000563,S01000563,12.5,0,11.11,12.5,16.67,5.88,13.04,9.52,11.76,0,4.17,3.45,"","","","","",""
http://statistics.gov.scot/id/statistical-geography/S01000564,S01000564,44.44,44,40,40,33.33,38.1,25,24.14,28,36.36,34.78,27.78,"","","","","",""
http://statistics.gov.scot/id/statistical-geography/S01000565,S01000565,21.43,12.5,18.18,12.5,15.79,21.43,30.77,27.27,15.38,11.11,11.11,7.69,"","","","","",""
http://statistics.gov.scot/id/statistical-geography/S01000566,S01000566,37.5,25,11.11,0,20,12.5,9.09,0,13.33,27.27,33.33,30.77,"","","","","",""
http://statistics.gov.scot/id/statistical-geography/S01000567,S01000567,33.33,33.33,18.18,21.05,21.74,31.58,28.57,27.27,30.77,40,50,42.86,"","","","","",""
http://statistics.gov.scot/id/statistical-geography/S01000568,S01000568,10,12.5,16.67,20,20,0,0,20,22.22,20,12.5,0,"","","","","",""
http://statistics.gov.scot/id/statistical-geography/S01000569,S01000569,0,0,0,0,0,0,0,0,0,0,0,0,"","","","","",""
http://statistics.gov.scot/id/statistical-geography/S01000570,S01000570,0,0,0,0,0,7.69,8.33,7.14,7.69,6.25,6.67,0,"","","","","",""
http://statistics.gov.scot/id/statistical-geography/S01000571,S01000571,16.67,8.33,0,0,0,0,0,0,0,0,0,0,"","","","","",""
http://statistics.gov.scot/id/statistical-geography/S01000572,S01000572,40,33.33,40,14.29,0,0,14.29,22.22,28.57,0,0,14.29,"","","","","",""
http://statistics.gov.scot/id/statistical-geography/S01000573,S01000573,0,0,25,16.67,12.5,0,0,0,0,0,0,0,"","","","","",""
http://statistics.gov.scot/id/statistical-geography/S01000574,S01000574,0,0,0,0,0,0,0,10,12.5,33.33,0,0,"","","","","",""
http://statistics.gov.scot/id/statistical-geography/S01000575,S01000575,9.09,0,0,0,8.33,7.69,9.09,0,0,14.29,14.29,11.11,"","","","","",""
http://statistics.gov.scot/id/statistical-geography/S01000576,S01000576,0,0,0,0,0,0,0,0,0,0,0,0,"","","","","",""
http://statistics.gov.scot/id/statistical-geography/S01000577,S01000577,12.5,25,25,0,0,0,0,0,0,0,0,0,"","","","","",""
http://statistics.gov.scot/id/statistical-geography/S01000578,S01000578,0,0,10,10,11.11,0,12.5,14.29,12.5,0,0,0,"","","","","",""
http://statistics.gov.scot/id/statistical-geography/S01000579,S01000579,0,0,9.09,7.69,14.29,8.33,10,0,0,0,16.67,10,"","","","","",""
http://statistics.gov.scot/id/statistical-geography/S01000580,S01000580,0,0,0,0,0,0,0,0,0,0,0,0,"","","","","",""
http://statistics.gov.scot/id/statistical-geography/S01000581,S01000581,20,33.33,0,0,0,0,0,0,0,0,0,0,"","","","","",""
http://statistics.gov.scot/id/statistical-geography/S01000582,S01000582,14.29,0,11.11,8.33,6.67,0,10.53,15,33.33,30.77,37.5,0,"","","","","",""
http://statistics.gov.scot/id/statistical-geography/S01000583,S01000583,14.29,20,15.38,13.33,0,3.57,3.45,3.45,0,4.35,5.26,6.67,"","","","","",""
http://statistics.gov.scot/id/statistical-geography/S01000584,S01000584,20,10,0,0,0,0,15.79,20,22.22,5.56,9.52,9.09,"","","","","",""
http://statistics.gov.scot/id/statistical-geography/S01000585,S01000585,9.09,0,8.33,16.67,15,11.11,0,11.76,10.53,15.79,4.76,9.52,"","","","","",""
http://statistics.gov.scot/id/statistical-geography/S01000586,S01000586,0,16.67,20,11.11,0,0,28.57,25,20,10,11.11,14.29,"","","","","",""
http://statistics.gov.scot/id/statistical-geography/S01000587,S01000587,28.57,16.67,0,0,7.69,14.29,16.67,25,23.08,25,21.43,23.08,"","","","","",""
http://statistics.gov.scot/id/statistical-geography/S01000588,S01000588,11.11,11.11,0,0,0,0,0,0,12.5,11.11,10,25,"","","","","",""
http://statistics.gov.scot/id/statistical-geography/S01000589,S01000589,0,0,0,0,0,0,0,0,0,0,0,0,"","","","","",""
http://statistics.gov.scot/id/statistical-geography/S01000590,S01000590,0,33.33,37.5,25,15.38,6.67,9.09,0,0,0,0,0,"","","","","",""
http://statistics.gov.scot/id/statistical-geography/S01000591,S01000591,0,0,0,0,0,0,0,0,0,0,0,0,"","","","","",""
http://statistics.gov.scot/id/statistical-geography/S01000592,S01000592,0,33.33,40,33.33,0,7.69,8.33,12.5,0,16.67,22.22,25,"","","","","",""
http://statistics.gov.scot/id/statistical-geography/S01000593,S01000593,0,0,0,0,0,5.88,14.29,12,7.69,4.35,5.56,9.52,"","","","","",""
http://statistics.gov.scot/id/statistical-geography/S01000594,S01000594,0,0,0,7.14,3.57,2.63,0,0,4.76,6.67,7.14,0,"","","","","",""
http://statistics.gov.scot/id/statistical-geography/S01000595,S01000595,0,0,0,8.33,7.14,7.69,20,25,42.86,16.67,11.11,0,"","","","","",""
http://statistics.gov.scot/id/statistical-geography/S01000596,S01000596,25,0,0,8.33,8.33,8.33,0,0,0,0,100,50,"","","","","",""
http://statistics.gov.scot/id/statistical-geography/S01000597,S01000597,25,0,0,0,0,0,0,0,8.33,6.67,9.09,0,"","","","","",""
http://statistics.gov.scot/id/statistical-geography/S01000598,S01000598,10,10,0,4.55,3.33,2.63,0,0,0,0,0,0,"","","","","",""
http://statistics.gov.scot/id/statistical-geography/S01000599,S01000599,17.65,11.76,6.25,0,0,0,5.88,12.5,10.53,5.56,5.88,13.33,"","","","","",""
http://statistics.gov.scot/id/statistical-geography/S01000600,S01000600,8.33,7.69,15.79,12.5,10.53,0,0,0,0,0,0,0,"","","","","",""
http://statistics.gov.scot/id/statistical-geography/S01000601,S01000601,7.14,0,0,9.09,5.26,4.55,3.85,9.09,11.76,7.69,0,0,"","","","","",""
http://statistics.gov.scot/id/statistical-geography/S01000602,S01000602,28.57,33.33,11.11,25,12.5,16.67,6.67,12.5,11.11,11.11,0,0,"","","","","",""
http://statistics.gov.scot/id/statistical-geography/S01000603,S01000603,0,0,0,0,0,0,0,0,0,12.5,10,8.33,"","","","","",""
http://statistics.gov.scot/id/statistical-geography/S01000604,S01000604,0,0,0,0,0,57.14,44.44,50,0,16.67,16.67,16.67,"","","","","",""
http://statistics.gov.scot/id/statistical-geography/S01000605,S01000605,25,18.18,15.38,0,0,0,0,0,11.11,12.5,12.5,0,"","","","","",""
http://statistics.gov.scot/id/statistical-geography/S01000606,S01000606,57.14,50,41.67,20,13.33,7.69,16.67,23.53,15.79,13.64,22.22,38.1,"","","","","",""
http://statistics.gov.scot/id/statistical-geography/S01000607,S01000607,0,0,0,0,0,33.33,25,12.5,9.09,10,12.5,0,"","","","","",""
http://statistics.gov.scot/id/statistical-geography/S01000608,S01000608,17.86,10.53,7.69,8.33,16.67,10,8,9.09,14.29,13.64,13.79,22.58,"","","","","",""
http://statistics.gov.scot/id/statistical-geography/S01000609,S01000609,36.36,33.33,38.89,25,30,18.52,22.22,11.76,14.29,23.53,31.82,37.04,"","","","","",""
http://statistics.gov.scot/id/statistical-geography/S01000610,S01000610,31.25,40,33.33,42.86,33.33,12.5,4.35,15.38,16.67,28.57,10,9.52,"","","","","",""
http://statistics.gov.scot/id/statistical-geography/S01000611,S01000611,9.09,14.29,20,22.22,26.67,21.43,30.77,18.18,30.77,20,38.46,33.33,"","","","","",""
http://statistics.gov.scot/id/statistical-geography/S01000612,S01000612,11.11,9.09,14.29,28.57,16.67,19.05,5.56,17.65,9.09,10.53,0,4.55,"","","","","",""
http://statistics.gov.scot/id/statistical-geography/S01000613,S01000613,25,27.27,12.5,0,0,0,18.75,27.27,33.33,0,22.22,15.38,"","","","","",""
http://statistics.gov.scot/id/statistical-geography/S01000614,S01000614,18.18,18.18,9.09,0,5.88,6.25,14.29,16.67,30.77,30,33.33,11.11,"","","","","",""
http://statistics.gov.scot/id/statistical-geography/S01000615,S01000615,14.29,0,14.29,16.67,16.67,23.08,29.41,30,18.75,7.69,7.69,23.08,"","","","","",""
http://statistics.gov.scot/id/statistical-geography/S01000616,S01000616,25,27.27,10,8.33,5.88,8,9.38,10,10.53,15.38,6.25,4.35,"","","","","",""
http://statistics.gov.scot/id/statistical-geography/S01000617,S01000617,12.5,12.5,0,0,12.5,7.69,7.69,0,0,0,0,0,"","","","","",""
http://statistics.gov.scot/id/statistical-geography/S01000618,S01000618,11.11,0,0,0,12.5,28.57,23.53,26.67,12.5,25,0,0,"","","","","",""
http://statistics.gov.scot/id/statistical-geography/S01000619,S01000619,20,23.08,18.18,0,0,0,0,0,0,0,0,0,"","","","","",""
http://statistics.gov.scot/id/statistical-geography/S01000620,S01000620,41.67,31.25,27.78,20,22.22,23.53,35.9,38.71,38.1,18.75,16.67,18.18,"","","","","",""
http://statistics.gov.scot/id/statistical-geography/S01000621,S01000621,12.5,15.38,0,9.09,7.14,5.88,10.53,16.67,20,14.29,10.53,9.09,"","","","","",""
http://statistics.gov.scot/id/statistical-geography/S01000622,S01000622,45.45,41.18,47.06,40,31.25,37.5,33.33,40,25,28.57,30,38.46,"","","","","",""
http://statistics.gov.scot/id/statistical-geography/S01000623,S01000623,40,25,50,33.33,30,30.77,23.53,23.53,20,23.08,10,0,"","","","","",""
http://statistics.gov.scot/id/statistical-geography/S01000624,S01000624,57.14,33.33,18.18,10,9.09,11.76,16.67,11.11,10,6.25,10,8.33,"","","","","",""
http://statistics.gov.scot/id/statistical-geography/S01000625,S01000625,54.55,45.45,25,27.27,25,40,20,12.5,9.09,16.67,27.27,33.33,"","","","","",""
http://statistics.gov.scot/id/statistical-geography/S01000626,S01000626,44.44,42.86,35.29,28.57,21.05,4.76,28.57,39.29,60,42.86,30,20,"","","","","",""
http://statistics.gov.scot/id/statistical-geography/S01000627,S01000627,26.32,22.73,18.18,16.67,7.69,0,0,0,0,16.67,12.5,9.52,"","","","","",""
http://statistics.gov.scot/id/statistical-geography/S01000628,S01000628,50,50,60,20,28.57,25,16.67,18.18,14.29,20,20,33.33,"","","","","",""
http://statistics.gov.scot/id/statistical-geography/S01000629,S01000629,5.88,6.67,16.67,18.18,7.14,0,0,6.25,18.75,30,30,14.29,"","","","","",""
http://statistics.gov.scot/id/statistical-geography/S01000630,S01000630,25,35.71,38.46,33.33,20,14.29,11.76,18.75,33.33,22.22,22.22,20,"","","","","",""
http://statistics.gov.scot/id/statistical-geography/S01000631,S01000631,18.18,25,25,10,15.38,9.09,27.27,25,36.36,33.33,33.33,35,"","","","","",""
http://statistics.gov.scot/id/statistical-geography/S01000632,S01000632,16.67,0,20,16.67,16.67,0,0,0,0,0,0,0,"","","","","",""
http://statistics.gov.scot/id/statistical-geography/S01000633,S01000633,22.22,28.57,0,0,0,11.11,11.11,14.29,0,16.67,25,25,"","","","","",""
http://statistics.gov.scot/id/statistical-geography/S01000634,S01000634,38.46,33.33,14.29,28.57,55.56,23.53,22.22,15.79,35.29,35.71,33.33,0,"","","","","",""
http://statistics.gov.scot/id/statistical-geography/S01000635,S01000635,20,22.22,28.57,25,16.67,15.38,7.69,7.14,0,0,20,25,"","","","","",""
http://statistics.gov.scot/id/statistical-geography/S01000636,S01000636,0,0,0,0,0,0,0,0,0,0,0,0,"","","","","",""
http://statistics.gov.scot/id/statistical-geography/S01000637,S01000637,50,0,50,50,20,0,6.67,7.14,8.33,0,0,0,"","","","","",""
http://statistics.gov.scot/id/statistical-geography/S01000638,S01000638,50,28.57,16.67,0,0,0,0,0,0,0,0,0,"","","","","",""
http://statistics.gov.scot/id/statistical-geography/S01000639,S01000639,0,11.11,12.5,14.29,0,0,14.29,25,20,0,0,0,"","","","","",""
http://statistics.gov.scot/id/statistical-geography/S01000640,S01000640,0,0,33.33,25,18.18,0,0,0,0,0,0,0,"","","","","",""
http://statistics.gov.scot/id/statistical-geography/S01000641,S01000641,0,0,0,0,0,0,0,0,0,0,0,8.33,"","","","","",""
http://statistics.gov.scot/id/statistical-geography/S01000642,S01000642,10,28.57,50,22.22,7.69,0,7.69,12.5,22.22,28.57,20,13.33,"","","","","",""
http://statistics.gov.scot/id/statistical-geography/S01000643,S01000643,33.33,25,20,33.33,0,0,0,7.69,11.11,16.67,0,0,"","","","","",""
http://statistics.gov.scot/id/statistical-geography/S01000644,S01000644,0,0,0,0,0,0,0,20,33.33,40,20,16.67,"","","","","",""
http://statistics.gov.scot/id/statistical-geography/S01000645,S01000645,28.57,10,28.57,14.29,9.09,0,0,0,20,22.22,16.67,23.08,"","","","","",""
http://statistics.gov.scot/id/statistical-geography/S01000646,S01000646,0,0,0,14.29,10,10,0,0,0,0,0,14.29,"","","","","",""
http://statistics.gov.scot/id/statistical-geography/S01000647,S01000647,36.36,58.33,80,33.33,9.09,0,9.09,10,11.11,0,14.29,14.29,"","","","","",""
http://statistics.gov.scot/id/statistical-geography/S01000648,S01000648,36.36,30.77,23.53,20,20,25.93,30.77,33.33,31.25,33.33,31.25,35.29,"","","","","",""
http://statistics.gov.scot/id/statistical-geography/S01000649,S01000649,0,0,0,0,0,0,0,0,0,0,0,0,"","","","","",""
http://statistics.gov.scot/id/statistical-geography/S01000650,S01000650,0,0,0,14.29,20,27.27,30.77,30,25,0,0,16.67,"","","","","",""
http://statistics.gov.scot/id/statistical-geography/S01000651,S01000651,10,12.5,9.09,18.18,12.5,15.79,9.52,13.64,16.67,33.33,27.27,18.18,"","","","","",""
http://statistics.gov.scot/id/statistical-geography/S01000652,S01000652,0,12.5,8.33,14.29,7.14,7.14,0,0,0,0,25,20,"","","","","",""
http://statistics.gov.scot/id/statistical-geography/S01000653,S01000653,0,0,8.33,7.69,6.25,8.33,6.67,10,4.55,10,6.25,22.22,"","","","","",""
http://statistics.gov.scot/id/statistical-geography/S01000654,S01000654,36.36,27.27,30,15.38,15.79,21.74,27.27,33.33,31.25,41.67,28.57,11.11,"","","","","",""
http://statistics.gov.scot/id/statistical-geography/S01000655,S01000655,47.83,42.11,22.22,56.25,47.83,36.67,14.29,9.09,50,60,47.06,35.29,"","","","","",""
http://statistics.gov.scot/id/statistical-geography/S01000656,S01000656,62.5,40,35.71,25,28.57,20,20,8.33,11.76,15,25,26.67,"","","","","",""
http://statistics.gov.scot/id/statistical-geography/S01000657,S01000657,25,22.22,22.22,37.5,37.5,44.44,30,30,36.36,30.77,25,10,"","","","","",""
http://statistics.gov.scot/id/statistical-geography/S01000658,S01000658,20,0,12.5,30.77,41.18,33.33,25,8.33,25,17.65,31.58,35.29,"","","","","",""
http://statistics.gov.scot/id/statistical-geography/S01000659,S01000659,0,0,0,0,4.35,5.88,6.67,0,5.56,6.67,5.26,7.69,"","","","","",""
http://statistics.gov.scot/id/statistical-geography/S01000660,S01000660,0,0,0,0,0,0,0,0,10,40,25,14.29,"","","","","",""
http://statistics.gov.scot/id/statistical-geography/S01000661,S01000661,0,0,0,0,6.67,6.67,6.25,0,18.18,15.38,18.75,13.33,"","","","","",""
http://statistics.gov.scot/id/statistical-geography/S01000662,S01000662,12.5,10,11.11,0,0,7.69,10,10,0,11.11,10,11.11,"","","","","",""
http://statistics.gov.scot/id/statistical-geography/S01000663,S01000663,0,0,0,10,9.09,9.09,0,14.29,20,33.33,16.67,8.33,"","","","","",""
http://statistics.gov.scot/id/statistical-geography/S01000664,S01000664,33.33,0,0,0,8.33,7.14,6.67,7.69,10,12.5,0,0,"","","","","",""
http://statistics.gov.scot/id/statistical-geography/S01000665,S01000665,11.11,11.11,0,0,0,0,9.09,10,8.33,7.14,7.69,10,"","","","","",""
http://statistics.gov.scot/id/statistical-geography/S01000666,S01000666,0,0,0,0,0,0,0,0,0,0,0,0,"","","","","",""
http://statistics.gov.scot/id/statistical-geography/S01000667,S01000667,10.53,5,0,0,15.38,20,21.43,7.69,17.65,16.67,21.43,12.5,"","","","","",""
http://statistics.gov.scot/id/statistical-geography/S01000668,S01000668,18.18,33.33,33.33,30.43,32,29.17,27.27,14.29,11.54,4.17,10.53,14.29,"","","","","",""
http://statistics.gov.scot/id/statistical-geography/S01000669,S01000669,25,23.53,27.27,0,0,0,22.22,16.67,16.67,11.11,11.11,14.29,"","","","","",""
http://statistics.gov.scot/id/statistical-geography/S01000670,S01000670,28.57,12.5,23.08,20,45.45,44.44,36.36,27.27,27.27,44.44,40,50,"","","","","",""
http://statistics.gov.scot/id/statistical-geography/S01000671,S01000671,25,22.22,22.22,20,0,0,0,0,0,0,0,20,"","","","","",""
http://statistics.gov.scot/id/statistical-geography/S01000672,S01000672,33.33,40,22.22,14.29,9.09,10,13.33,10,12.5,20,25,22.22,"","","","","",""
http://statistics.gov.scot/id/statistical-geography/S01000673,S01000673,20,0,16.67,12.5,12.5,0,0,0,33.33,33.33,100,0,"","","","","",""
http://statistics.gov.scot/id/statistical-geography/S01000674,S01000674,0,0,0,16.67,23.08,27.27,14.29,0,0,0,5.88,7.69,"","","","","",""
http://statistics.gov.scot/id/statistical-geography/S01000675,S01000675,0,0,0,0,0,0,7.69,11.11,14.29,0,0,0,"","","","","",""
http://statistics.gov.scot/id/statistical-geography/S01000676,S01000676,0,0,0,0,0,10,11.11,14.29,0,33.33,28.57,40,"","","","","",""
http://statistics.gov.scot/id/statistical-geography/S01000677,S01000677,25,18.18,11.11,30,53.85,35.29,35.71,16.67,40,33.33,38.46,37.5,"","","","","",""
http://statistics.gov.scot/id/statistical-geography/S01000678,S01000678,22.22,15.38,7.69,0,0,0,0,0,0,0,16.67,16.67,"","","","","",""
http://statistics.gov.scot/id/statistical-geography/S01000679,S01000679,42.86,54.55,46.67,41.18,27.78,18.75,8.33,16.67,30.77,20,14.29,0,"","","","","",""
http://statistics.gov.scot/id/statistical-geography/S01000680,S01000680,30,30,25,12.5,13.33,25,33.33,30.77,25,18.18,21.43,14.29,"","","","","",""
http://statistics.gov.scot/id/statistical-geography/S01000681,S01000681,0,5.56,5.26,20.69,31.03,39.29,36.84,15.79,5.88,0,0,4.35,"","","","","",""
http://statistics.gov.scot/id/statistical-geography/S01000682,S01000682,21.43,10,16.67,20,20,15.38,29.41,23.53,22.22,13.33,25,30,"","","","","",""
http://statistics.gov.scot/id/statistical-geography/S01000683,S01000683,20,27.27,25,16.67,0,25,25,14.29,0,0,0,0,"","","","","",""
http://statistics.gov.scot/id/statistical-geography/S01000684,S01000684,20,0,16.67,25,50,0,0,0,0,0,0,0,"","","","","",""
http://statistics.gov.scot/id/statistical-geography/S01000685,S01000685,0,0,0,0,0,0,0,0,0,0,7.14,10,"","","","","",""
http://statistics.gov.scot/id/statistical-geography/S01000686,S01000686,20,30,37.5,50,0,0,0,0,14.29,18.18,21.43,7.69,"","","","","",""
http://statistics.gov.scot/id/statistical-geography/S01000687,S01000687,0,0,25,22.22,18.18,0,18.18,27.27,36.36,22.22,16.67,9.09,"","","","","",""
http://statistics.gov.scot/id/statistical-geography/S01000688,S01000688,0,0,20,15.38,11.11,0,0,12.5,25,50,40,20,"","","","","",""
http://statistics.gov.scot/id/statistical-geography/S01000689,S01000689,12.5,28.57,28.57,14.29,0,0,0,0,0,0,0,0,"","","","","",""
http://statistics.gov.scot/id/statistical-geography/S01000690,S01000690,0,0,0,0,0,0,7.69,33.33,25,25,15.38,17.65,"","","","","",""
http://statistics.gov.scot/id/statistical-geography/S01000691,S01000691,25,0,0,15.38,15.38,23.08,12.5,20,22.22,20,20,11.11,"","","","","",""
http://statistics.gov.scot/id/statistical-geography/S01000692,S01000692,57.14,71.43,37.5,27.27,26.32,28.57,25,30.43,30,21.43,25,25,"","","","","",""
http://statistics.gov.scot/id/statistical-geography/S01000693,S01000693,25,30.77,41.18,35.71,26.67,15.38,21.05,16.67,23.08,25,36.36,33.33,"","","","","",""
http://statistics.gov.scot/id/statistical-geography/S01000694,S01000694,0,0,16.67,12.5,10,0,0,6.25,10,25,20,18.18,"","","","","",""
http://statistics.gov.scot/id/statistical-geography/S01000695,S01000695,0,0,0,0,0,9.09,16.67,37.5,22.22,18.18,15.38,15.38,"","","","","",""
http://statistics.gov.scot/id/statistical-geography/S01000696,S01000696,10,12.5,16.67,20,12.5,7.69,6.67,19.05,25,37.5,13.33,12.5,"","","","","",""
http://statistics.gov.scot/id/statistical-geography/S01000697,S01000697,33.33,0,50,50,28.57,0,0,0,0,0,0,0,"","","","","",""
http://statistics.gov.scot/id/statistical-geography/S01000698,S01000698,0,14.29,18.18,22.22,25,16.67,12.5,25,27.27,30,0,11.11,"","","","","",""
http://statistics.gov.scot/id/statistical-geography/S01000699,S01000699,0,0,25,25,25,10,27.27,25,50,0,0,0,"","","","","",""
http://statistics.gov.scot/id/statistical-geography/S01000700,S01000700,0,0,0,0,10,10,20,18.18,33.33,26.67,25,0,"","","","","",""
http://statistics.gov.scot/id/statistical-geography/S01000701,S01000701,33.33,20,10,10,11.11,0,33.33,25,22.22,0,0,14.29,"","","","","",""
http://statistics.gov.scot/id/statistical-geography/S01000702,S01000702,0,0,0,33.33,20,16.67,0,14.29,16.67,25,0,0,"","","","","",""
http://statistics.gov.scot/id/statistical-geography/S01000703,S01000703,0,20,20,10,0,0,0,0,12.5,20,33.33,40,"","","","","",""
http://statistics.gov.scot/id/statistical-geography/S01000704,S01000704,0,0,8.33,10,9.09,0,0,0,0,0,8.33,15.38,"","","","","",""
http://statistics.gov.scot/id/statistical-geography/S01000705,S01000705,12.5,10,11.11,6.67,12.5,13.33,7.69,0,0,5.88,7.14,6.25,"","","","","",""
http://statistics.gov.scot/id/statistical-geography/S01000706,S01000706,18.18,28.57,50,0,0,0,0,0,0,0,20,14.29,"","","","","",""
http://statistics.gov.scot/id/statistical-geography/S01000707,S01000707,16.67,16.67,0,0,14.29,14.29,12.5,0,0,0,0,0,"","","","","",""
http://statistics.gov.scot/id/statistical-geography/S01000708,S01000708,0,0,0,0,0,0,0,33.33,50,50,20,0,"","","","","",""
http://statistics.gov.scot/id/statistical-geography/S01000709,S01000709,10,12.5,16.67,0,0,0,0,0,0,0,0,25,"","","","","",""
http://statistics.gov.scot/id/statistical-geography/S01000710,S01000710,0,0,8.33,7.14,6.67,0,0,0,0,0,0,0,"","","","","",""
http://statistics.gov.scot/id/statistical-geography/S01000711,S01000711,14.29,16.67,0,0,0,25,50,50,0,0,40,40,"","","","","",""
http://statistics.gov.scot/id/statistical-geography/S01000712,S01000712,20,0,0,0,0,0,25,20,33.33,0,25,25,"","","","","",""
http://statistics.gov.scot/id/statistical-geography/S01000713,S01000713,25,33.33,25,0,0,0,0,0,16.67,20,20,10,"","","","","",""
http://statistics.gov.scot/id/statistical-geography/S01000714,S01000714,20,0,0,0,0,20,14.29,9.09,11.11,12.5,10,0,"","","","","",""
http://statistics.gov.scot/id/statistical-geography/S01000715,S01000715,20,0,14.29,28.57,40,11.11,0,0,0,0,0,0,"","","","","",""
http://statistics.gov.scot/id/statistical-geography/S01000716,S01000716,20,42.86,37.5,33.33,11.11,0,0,9.09,16.67,13.33,7.69,0,"","","","","",""
http://statistics.gov.scot/id/statistical-geography/S01000717,S01000717,28.57,7.69,0,21.43,25,36.36,16.67,23.08,18.75,25,21.43,19.05,"","","","","",""
http://statistics.gov.scot/id/statistical-geography/S01000718,S01000718,14.29,14.29,0,22.22,30,50,44.44,33.33,7.69,5,0,5.26,"","","","","",""
http://statistics.gov.scot/id/statistical-geography/S01000719,S01000719,0,0,20,20,28.57,12.5,11.11,16.67,16.67,12.5,0,0,"","","","","",""
http://statistics.gov.scot/id/statistical-geography/S01000720,S01000720,0,20,25,50,0,0,0,0,0,0,0,0,"","","","","",""
http://statistics.gov.scot/id/statistical-geography/S01000721,S01000721,0,0,0,0,0,0,0,50,20,20,0,16.67,"","","","","",""
http://statistics.gov.scot/id/statistical-geography/S01000722,S01000722,11.11,25,25,20,0,14.29,28.57,37.5,60,50,33.33,0,"","","","","",""
http://statistics.gov.scot/id/statistical-geography/S01000723,S01000723,0,0,0,0,0,0,0,0,33.33,25,25,0,"","","","","",""
http://statistics.gov.scot/id/statistical-geography/S01000724,S01000724,0,0,0,16.67,33.33,20,0,25,28.57,25,14.29,27.27,"","","","","",""
http://statistics.gov.scot/id/statistical-geography/S01000725,S01000725,25,11.11,11.11,0,0,0,16.67,20,16.67,0,0,0,"","","","","",""
http://statistics.gov.scot/id/statistical-geography/S01000726,S01000726,0,0,0,0,0,0,0,0,0,0,0,0,"","","","","",""
http://statistics.gov.scot/id/statistical-geography/S01000727,S01000727,0,0,25,50,75,75,60,50,50,14.29,0,0,"","","","","",""
http://statistics.gov.scot/id/statistical-geography/S01000728,S01000728,0,0,0,9.09,10,10,0,0,0,0,0,0,"","","","","",""
http://statistics.gov.scot/id/statistical-geography/S01000729,S01000729,0,40,66.67,66.67,0,0,0,25,33.33,33.33,33.33,16.67,"","","","","",""
http://statistics.gov.scot/id/statistical-geography/S01000730,S01000730,50,50,40,0,0,0,0,0,0,50,50,37.5,"","","","","",""
http://statistics.gov.scot/id/statistical-geography/S01000731,S01000731,40,25,25,20,14.29,37.5,33.33,42.86,20,37.5,42.86,37.5,"","","","","",""
http://statistics.gov.scot/id/statistical-geography/S01000732,S01000732,0,0,9.09,15.38,27.27,26.67,26.67,25,12.5,16.67,18.18,27.27,"","","","","",""
http://statistics.gov.scot/id/statistical-geography/S01000733,S01000733,0,0,18.18,20,25,40,28.57,16.67,6.67,8.33,20,25,"","","","","",""
http://statistics.gov.scot/id/statistical-geography/S01000734,S01000734,0,0,0,0,0,0,0,0,0,0,0,0,"","","","","",""
http://statistics.gov.scot/id/statistical-geography/S01000735,S01000735,0,20,25,25,0,0,0,20,25,25,0,0,"","","","","",""
http://statistics.gov.scot/id/statistical-geography/S01000736,S01000736,14.29,14.29,33.33,40,42.86,25,14.29,33.33,50,44.44,22.22,11.11,"","","","","",""
http://statistics.gov.scot/id/statistical-geography/S01000737,S01000737,28.57,33.33,33.33,50,25,20,40,40,66.67,0,0,14.29,"","","","","",""
http://statistics.gov.scot/id/statistical-geography/S01000738,S01000738,0,0,0,0,0,0,0,0,0,0,0,0,"","","","","",""
http://statistics.gov.scot/id/statistical-geography/S01000739,S01000739,14.29,0,12.5,14.29,25,11.11,11.11,12.5,30,27.27,20,8.33,"","","","","",""
http://statistics.gov.scot/id/statistical-geography/S01000740,S01000740,0,0,0,0,0,0,100,50,50,0,0,0,"","","","","",""
http://statistics.gov.scot/id/statistical-geography/S01000741,S01000741,11.11,0,0,0,0,0,0,0,0,0,0,10,"","","","","",""
http://statistics.gov.scot/id/statistical-geography/S01000742,S01000742,0,0,0,0,0,0,0,0,0,0,0,0,"","","","","",""
http://statistics.gov.scot/id/statistical-geography/S01000743,S01000743,0,0,0,0,0,16.67,12.5,11.11,12.5,10,12.5,0,"","","","","",""
http://statistics.gov.scot/id/statistical-geography/S01000744,S01000744,28.57,28.57,20,22.22,9.09,7.14,8.33,20,20,7.69,0,7.69,"","","","","",""
http://statistics.gov.scot/id/statistical-geography/S01000745,S01000745,27.27,20,20,0,0,0,0,0,0,10,14.29,16.67,"","","","","",""
http://statistics.gov.scot/id/statistical-geography/S01000746,S01000746,40,33.33,10,0,0,12.5,7.69,8.33,0,0,5.26,5.88,"","","","","",""
http://statistics.gov.scot/id/statistical-geography/S01000747,S01000747,33.33,16.67,16.67,16.67,20,0,0,11.11,18.18,16.67,10,0,"","","","","",""
http://statistics.gov.scot/id/statistical-geography/S01000748,S01000748,40,55.56,45.45,54.55,33.33,55.56,50,42.86,20,25,25,16.67,"","","","","",""
http://statistics.gov.scot/id/statistical-geography/S01000749,S01000749,50,62.5,75,66.67,75,71.43,41.67,38.46,27.27,55.56,42.86,50,"","","","","",""
http://statistics.gov.scot/id/statistical-geography/S01000750,S01000750,50,42.86,22.22,14.29,20,0,0,0,0,0,0,0,"","","","","",""
http://statistics.gov.scot/id/statistical-geography/S01000751,S01000751,0,0,0,0,0,0,0,0,0,0,0,0,"","","","","",""
http://statistics.gov.scot/id/statistical-geography/S01000752,S01000752,50,28.57,16.67,44.44,42.86,50,25,30,30.77,31.25,23.81,17.65,"","","","","",""
http://statistics.gov.scot/id/statistical-geography/S01000753,S01000753,0,16.67,11.11,8.33,0,0,0,0,0,0,0,0,"","","","","",""
http://statistics.gov.scot/id/statistical-geography/S01000754,S01000754,0,0,0,0,0,25,33.33,16.67,25,20,25,0,"","","","","",""
http://statistics.gov.scot/id/statistical-geography/S01000755,S01000755,12.5,33.33,27.27,18.18,11.11,0,0,0,0,0,0,0,"","","","","",""
http://statistics.gov.scot/id/statistical-geography/S01000756,S01000756,30,13.33,16.67,15.38,14.29,16.67,0,0,11.11,6.67,20,22.22,"","","","","",""
http://statistics.gov.scot/id/statistical-geography/S01000757,S01000757,0,0,20,33.33,33.33,0,0,75,57.14,40,16.67,8.33,"","","","","",""
http://statistics.gov.scot/id/statistical-geography/S01000758,S01000758,0,0,0,0,0,0,0,0,11.11,9.09,6.67,0,"","","","","",""
http://statistics.gov.scot/id/statistical-geography/S01000759,S01000759,0,11.11,14.29,28.57,20,50,44.44,46.15,41.67,44.44,44.44,20,"","","","","",""
http://statistics.gov.scot/id/statistical-geography/S01000760,S01000760,0,0,0,0,0,0,0,25,14.29,9.09,11.11,14.29,"","","","","",""
http://statistics.gov.scot/id/statistical-geography/S01000761,S01000761,20,0,0,0,0,0,0,20,16.67,12.5,12.5,28.57,"","","","","",""
http://statistics.gov.scot/id/statistical-geography/S01000762,S01000762,0,0,0,0,0,0,0,0,0,0,0,0,"","","","","",""
http://statistics.gov.scot/id/statistical-geography/S01000763,S01000763,0,0,0,0,0,0,9.09,11.11,20,0,0,0,"","","","","",""
http://statistics.gov.scot/id/statistical-geography/S01000764,S01000764,0,0,0,0,0,0,0,0,0,0,0,0,"","","","","",""
http://statistics.gov.scot/id/statistical-geography/S01000765,S01000765,0,0,0,0,0,0,0,0,0,0,7.14,8.33,"","","","","",""
http://statistics.gov.scot/id/statistical-geography/S01000766,S01000766,20,0,16.67,25,25,20,50,50,20,20,12.5,14.29,"","","","","",""
http://statistics.gov.scot/id/statistical-geography/S01000767,S01000767,41.67,45.45,45.45,60,55.56,71.43,75,55.56,50,38.46,41.67,50,"","","","","",""
http://statistics.gov.scot/id/statistical-geography/S01000768,S01000768,18.75,0,0,0,0,0,0,0,0,0,10,17.39,"","","","","",""
http://statistics.gov.scot/id/statistical-geography/S01000769,S01000769,4.17,0,7.69,14.29,19.05,16.67,17.39,13.33,8.33,0,0,0,"","","","","",""
http://statistics.gov.scot/id/statistical-geography/S01000770,S01000770,57.14,57.14,70,62.5,71.43,66.67,44.44,36.36,33.33,44.44,27.27,25,"","","","","",""
http://statistics.gov.scot/id/statistical-geography/S01000771,S01000771,0,0,0,0,12.5,10,20,9.09,9.09,0,10,12.5,"","","","","",""
http://statistics.gov.scot/id/statistical-geography/S01000772,S01000772,25,0,0,0,0,0,0,0,25,33.33,20,0,"","","","","",""
http://statistics.gov.scot/id/statistical-geography/S01000773,S01000773,12.5,0,0,20,25,22.22,14.29,11.11,25,25,40,11.11,"","","","","",""
http://statistics.gov.scot/id/statistical-geography/S01000774,S01000774,14.29,12.5,9.52,4.17,7.69,4.55,10,5.88,8.33,19.05,16,13.64,"","","","","",""
http://statistics.gov.scot/id/statistical-geography/S01000775,S01000775,0,0,"",100,100,20,0,0,0,0,0,0,"","","","","",""
http://statistics.gov.scot/id/statistical-geography/S01000776,S01000776,0,0,0,0,0,12.5,20,16.67,0,0,0,"","","","","","",""
http://statistics.gov.scot/id/statistical-geography/S01000777,S01000777,14.29,18.18,14.29,0,0,0,0,15.38,23.08,30.77,33.33,30.77,"","","","","",""
http://statistics.gov.scot/id/statistical-geography/S01000778,S01000778,0,12.5,12.5,10,0,0,25,25,25,0,0,0,"","","","","",""
http://statistics.gov.scot/id/statistical-geography/S01000779,S01000779,4.55,4.76,5.88,0,0,0,25,23.08,26.67,27.27,30.77,25,"","","","","",""
http://statistics.gov.scot/id/statistical-geography/S01000780,S01000780,11.11,20,14.29,25,11.11,11.11,0,25,30,29.41,25,22.22,"","","","","",""
http://statistics.gov.scot/id/statistical-geography/S01000781,S01000781,0,0,0,0,0,0,0,0,0,0,0,0,"","","","","",""
http://statistics.gov.scot/id/statistical-geography/S01000782,S01000782,0,0,0,0,0,0,0,0,0,0,9.09,16.67,"","","","","",""
http://statistics.gov.scot/id/statistical-geography/S01000783,S01000783,0,0,0,0,0,0,0,0,0,0,0,0,"","","","","",""
http://statistics.gov.scot/id/statistical-geography/S01000784,S01000784,0,0,0,0,0,0,0,0,0,0,0,0,"","","","","",""
http://statistics.gov.scot/id/statistical-geography/S01000785,S01000785,0,16.67,12.5,25,16.67,20,0,0,0,0,"","","","","","","",""
http://statistics.gov.scot/id/statistical-geography/S01000786,S01000786,0,0,0,0,0,0,0,0,33.33,25,20,0,"","","","","",""
http://statistics.gov.scot/id/statistical-geography/S01000787,S01000787,0,0,0,0,0,0,0,0,0,0,0,0,"","","","","",""
http://statistics.gov.scot/id/statistical-geography/S01000788,S01000788,0,0,0,0,0,0,0,0,0,0,0,0,"","","","","",""
http://statistics.gov.scot/id/statistical-geography/S01000789,S01000789,0,0,0,0,22.22,20,16.67,0,10,40,18.18,11.11,"","","","","",""
http://statistics.gov.scot/id/statistical-geography/S01000790,S01000790,0,0,0,0,0,0,25,40,40,50,0,0,"","","","","",""
http://statistics.gov.scot/id/statistical-geography/S01000791,S01000791,33.33,33.33,33.33,0,0,0,0,0,0,0,0,0,"","","","","",""
http://statistics.gov.scot/id/statistical-geography/S01000792,S01000792,25,40,50,16.67,0,0,0,0,0,0,0,0,"","","","","",""
http://statistics.gov.scot/id/statistical-geography/S01000793,S01000793,13.33,16.67,33.33,42.86,20,9.09,8.33,9.09,11.11,11.11,14.29,21.43,"","","","","",""
http://statistics.gov.scot/id/statistical-geography/S01000794,S01000794,18.18,12.5,0,0,0,0,0,12.5,10,22.22,15.38,21.43,"","","","","",""
http://statistics.gov.scot/id/statistical-geography/S01000795,S01000795,8.33,9.09,8.33,14.29,27.27,25,22.22,0,8.33,6.67,6.67,0,"","","","","",""
http://statistics.gov.scot/id/statistical-geography/S01000796,S01000796,0,16.67,20,33.33,16.67,25,20,10,0,8.33,9.09,9.09,"","","","","",""
http://statistics.gov.scot/id/statistical-geography/S01000797,S01000797,0,0,0,0,0,0,16.67,12.5,22.22,12.5,22.22,16.67,"","","","","",""
http://statistics.gov.scot/id/statistical-geography/S01000798,S01000798,42.86,33.33,40,20,33.33,33.33,28.57,10,0,0,0,0,"","","","","",""
http://statistics.gov.scot/id/statistical-geography/S01000799,S01000799,0,28.57,33.33,33.33,33.33,33.33,50,40,33.33,25,10,0,"","","","","",""
http://statistics.gov.scot/id/statistical-geography/S01000800,S01000800,0,0,0,0,0,0,0,0,0,11.11,20,12.5,"","","","","",""
http://statistics.gov.scot/id/statistical-geography/S01000801,S01000801,28.57,16.67,14.29,0,0,0,0,0,12.5,14.29,14.29,0,"","","","","",""
http://statistics.gov.scot/id/statistical-geography/S01000802,S01000802,0,0,0,0,0,16.67,25,50,28.57,16.67,16.67,25,"","","","","",""
http://statistics.gov.scot/id/statistical-geography/S01000803,S01000803,0,0,0,20,16.67,12.5,0,0,0,0,14.29,16.67,"","","","","",""
http://statistics.gov.scot/id/statistical-geography/S01000804,S01000804,9.09,7.69,0,0,0,0,0,0,7.14,10,16.67,0,"","","","","",""
http://statistics.gov.scot/id/statistical-geography/S01000805,S01000805,0,0,0,0,0,0,0,0,0,0,0,0,"","","","","",""
http://statistics.gov.scot/id/statistical-geography/S01000806,S01000806,20,16.67,28.57,50,50,66.67,100,50,0,0,0,0,"","","","","",""
http://statistics.gov.scot/id/statistical-geography/S01000807,S01000807,0,0,0,0,0,10,20,14.29,9.09,7.69,6.25,6.25,"","","","","",""
http://statistics.gov.scot/id/statistical-geography/S01000808,S01000808,33.33,20,20,0,0,0,0,0,0,0,0,0,"","","","","",""
http://statistics.gov.scot/id/statistical-geography/S01000809,S01000809,0,0,0,0,0,0,0,0,0,0,0,0,"","","","","",""
http://statistics.gov.scot/id/statistical-geography/S01000810,S01000810,16.67,14.29,33.33,0,0,0,0,0,0,0,0,10,"","","","","",""
http://statistics.gov.scot/id/statistical-geography/S01000811,S01000811,12.5,0,20,20,16.67,20,33.33,33.33,14.29,6.67,0,0,"","","","","",""
http://statistics.gov.scot/id/statistical-geography/S01000812,S01000812,14.29,0,20,25,30,11.11,11.11,7.14,5.88,0,0,0,"","","","","",""
http://statistics.gov.scot/id/statistical-geography/S01000813,S01000813,21.05,16.67,0,11.11,10,14.29,0,0,0,0,0,0,"","","","","",""
http://statistics.gov.scot/id/statistical-geography/S01000814,S01000814,25,55.56,50,40,11.11,12.5,18.75,23.53,36.36,30,16.67,0,"","","","","",""
http://statistics.gov.scot/id/statistical-geography/S01000815,S01000815,22.22,0,0,0,0,0,14.29,50,44.44,40,11.11,9.09,"","","","","",""
http://statistics.gov.scot/id/statistical-geography/S01000816,S01000816,23.53,23.53,21.43,9.09,10,16.67,27.27,30,21.43,14.29,5.56,7.14,"","","","","",""
http://statistics.gov.scot/id/statistical-geography/S01000817,S01000817,30,27.27,11.11,0,20,33.33,36.36,21.43,16.67,10,25,20,"","","","","",""
http://statistics.gov.scot/id/statistical-geography/S01000818,S01000818,11.76,8.33,11.11,20,20,13.33,9.52,11.11,5.88,19.05,13.04,13.04,"","","","","",""
http://statistics.gov.scot/id/statistical-geography/S01000819,S01000819,14.29,25,16.67,25,16.67,0,0,9.09,12.5,8.33,0,8.33,"","","","","",""
http://statistics.gov.scot/id/statistical-geography/S01000820,S01000820,16.67,14.29,25,0,0,0,0,0,0,0,0,0,"","","","","",""
http://statistics.gov.scot/id/statistical-geography/S01000821,S01000821,12.5,14.29,0,0,11.11,7.14,18.18,20,20,9.52,12,18.18,"","","","","",""
http://statistics.gov.scot/id/statistical-geography/S01000822,S01000822,0,0,0,11.11,10,22.22,16.67,16.67,0,0,0,0,"","","","","",""
http://statistics.gov.scot/id/statistical-geography/S01000823,S01000823,16.67,10,12.5,12.5,9.09,9.09,0,14.29,16.67,33.33,22.22,25,"","","","","",""
http://statistics.gov.scot/id/statistical-geography/S01000824,S01000824,14.29,33.33,40,40,33.33,0,0,0,0,0,0,0,"","","","","",""
http://statistics.gov.scot/id/statistical-geography/S01000825,S01000825,0,0,0,0,0,40,37.5,30,14.29,12.5,16.67,11.11,"","","","","",""
http://statistics.gov.scot/id/statistical-geography/S01000826,S01000826,28.57,11.11,11.11,0,16.67,16.67,16.67,12.5,15.38,16.67,10,20,"","","","","",""
http://statistics.gov.scot/id/statistical-geography/S01000827,S01000827,0,0,0,0,14.29,16.67,12.5,20,20,30,25,33.33,"","","","","",""
http://statistics.gov.scot/id/statistical-geography/S01000828,S01000828,12.5,0,0,0,0,12.5,10,12.5,0,0,0,0,"","","","","",""
http://statistics.gov.scot/id/statistical-geography/S01000829,S01000829,0,0,0,14.29,16.67,25,33.33,33.33,50,0,0,0,"","","","","",""
http://statistics.gov.scot/id/statistical-geography/S01000830,S01000830,0,0,0,0,33.33,16.67,14.29,0,0,0,0,20,"","","","","",""
http://statistics.gov.scot/id/statistical-geography/S01000831,S01000831,0,0,20,20,20,0,0,11.11,12.5,10,0,0,"","","","","",""
http://statistics.gov.scot/id/statistical-geography/S01000832,S01000832,9.09,0,0,0,0,0,8.33,20,37.5,16.67,7.69,0,"","","","","",""
http://statistics.gov.scot/id/statistical-geography/S01000833,S01000833,66.67,10,20,16.67,28.57,11.11,18.18,28.57,24,18.75,11.11,17.5,"","","","","",""
http://statistics.gov.scot/id/statistical-geography/S01000834,S01000834,33.33,30,25,33.33,66.67,71.43,60,23.53,18.18,13.04,9.09,18.18,"","","","","",""
http://statistics.gov.scot/id/statistical-geography/S01000835,S01000835,42.86,12.5,12.5,16.67,0,11.11,30,30.77,21.43,22.73,31.03,45.83,"","","","","",""
http://statistics.gov.scot/id/statistical-geography/S01000836,S01000836,23.33,30,27.27,28.57,12.5,0,19.05,29.17,34.78,27.27,17.39,15.79,"","","","","",""
http://statistics.gov.scot/id/statistical-geography/S01000837,S01000837,31.82,45.83,37.5,33.33,19.05,15.79,18.52,20.83,25,17.24,7.69,8.33,"","","","","",""
http://statistics.gov.scot/id/statistical-geography/S01000838,S01000838,25,22.22,22.22,10,11.11,11.11,12.5,20,25,21.43,18.18,15.38,"","","","","",""
http://statistics.gov.scot/id/statistical-geography/S01000839,S01000839,6.67,7.69,0,13.33,26.67,17.39,6.06,15,15.38,20.51,8.33,10.81,"","","","","",""
http://statistics.gov.scot/id/statistical-geography/S01000840,S01000840,47.06,47.06,56.25,50,44.44,12.5,33.33,35.71,57.14,58.33,45.45,27.27,"","","","","",""
http://statistics.gov.scot/id/statistical-geography/S01000841,S01000841,16.67,35.29,50,50,47.37,37.5,45.45,50,66.67,62.5,41.67,33.33,"","","","","",""
http://statistics.gov.scot/id/statistical-geography/S01000842,S01000842,14.29,20,11.11,11.11,0,12.5,14.29,20,0,0,0,0,"","","","","",""
http://statistics.gov.scot/id/statistical-geography/S01000843,S01000843,0,0,0,0,0,0,0,8.33,10,7.69,0,9.09,"","","","","",""
http://statistics.gov.scot/id/statistical-geography/S01000844,S01000844,18.75,8.33,0,0,0,0,0,21.43,41.67,38.46,15,4.76,"","","","","",""
http://statistics.gov.scot/id/statistical-geography/S01000845,S01000845,0,0,0,0,0,0,0,11.11,12.5,11.11,0,0,"","","","","",""
http://statistics.gov.scot/id/statistical-geography/S01000846,S01000846,0,14.29,40,23.53,23.81,20.83,38.1,36.84,33.33,18.75,20,19.05,"","","","","",""
http://statistics.gov.scot/id/statistical-geography/S01000847,S01000847,9.09,16.67,22.22,20,23.53,14.29,16.67,6.45,4.35,0,5.26,4.17,"","","","","",""
http://statistics.gov.scot/id/statistical-geography/S01000848,S01000848,14.29,12.5,22.22,14.29,22.22,25,33.33,50,50,60,25,12.5,"","","","","",""
http://statistics.gov.scot/id/statistical-geography/S01000849,S01000849,0,0,0,0,0,20,50,33.33,28.57,20,30,30,"","","","","",""
http://statistics.gov.scot/id/statistical-geography/S01000850,S01000850,22.22,22.22,28.57,22.22,27.27,9.09,33.33,33.33,42.86,40,30.77,28.57,"","","","","",""
http://statistics.gov.scot/id/statistical-geography/S01000851,S01000851,0,0,6.67,7.14,16.67,13.33,10.53,6.25,0,0,0,0,"","","","","",""
http://statistics.gov.scot/id/statistical-geography/S01000852,S01000852,0,0,0,0,20,14.29,18.75,16.67,22.22,14.29,15.38,7.69,"","","","","",""
http://statistics.gov.scot/id/statistical-geography/S01000853,S01000853,37.5,33.33,30,33.33,33.33,0,0,0,0,10,8.33,12.5,"","","","","",""
http://statistics.gov.scot/id/statistical-geography/S01000854,S01000854,45.45,42.86,33.33,20,20,12.5,13.33,18.75,23.53,23.53,20,6.25,"","","","","",""
http://statistics.gov.scot/id/statistical-geography/S01000855,S01000855,16.67,7.69,9.09,0,0,0,0,12.5,18.18,25,18.75,20,"","","","","",""
http://statistics.gov.scot/id/statistical-geography/S01000856,S01000856,20,25,25,28.57,25,16.67,16.67,33.33,33.33,20,28.57,27.27,"","","","","",""
http://statistics.gov.scot/id/statistical-geography/S01000857,S01000857,37.5,11.11,0,0,14.29,14.29,12.5,12.5,27.27,28.57,21.43,10,"","","","","",""
http://statistics.gov.scot/id/statistical-geography/S01000858,S01000858,7.69,15.38,7.69,14.29,5.88,5.88,5.88,16.67,14.29,13.33,6.67,6.67,"","","","","",""
http://statistics.gov.scot/id/statistical-geography/S01000859,S01000859,0,0,0,0,0,0,0,0,15.38,13.33,11.11,0,"","","","","",""
http://statistics.gov.scot/id/statistical-geography/S01000860,S01000860,25,33.33,37.5,29.41,35,35.29,44.44,28.57,17.39,9.52,10.34,9.38,"","","","","",""
http://statistics.gov.scot/id/statistical-geography/S01000861,S01000861,11.11,11.11,16.67,33.33,50,33.33,20,10,9.09,0,0,0,"","","","","",""
http://statistics.gov.scot/id/statistical-geography/S01000862,S01000862,27.27,25,25,0,0,0,25,25,40,20,14.29,0,"","","","","",""
http://statistics.gov.scot/id/statistical-geography/S01000863,S01000863,10,9.09,0,0,0,0,0,0,11.11,20,20,16.67,"","","","","",""
http://statistics.gov.scot/id/statistical-geography/S01000864,S01000864,12.5,14.29,15.38,25,23.08,24,10,5.56,0,0,0,7.69,"","","","","",""
http://statistics.gov.scot/id/statistical-geography/S01000865,S01000865,15.38,23.08,36.36,33.33,15.38,14.29,14.29,22.73,25,31.58,22.22,16.67,"","","","","",""
http://statistics.gov.scot/id/statistical-geography/S01000866,S01000866,46.67,46.15,27.27,20,21.43,35.71,40,42.86,40,16.67,0,0,"","","","","",""
http://statistics.gov.scot/id/statistical-geography/S01000867,S01000867,21.43,26.32,27.27,36.84,35.29,33.33,20,14.29,11.11,6.67,17.39,15,"","","","","",""
http://statistics.gov.scot/id/statistical-geography/S01000868,S01000868,50,55.56,50,30,9.09,12.5,7.69,25,37.5,50,30,33.33,"","","","","",""
http://statistics.gov.scot/id/statistical-geography/S01000869,S01000869,50,42.86,56.25,42.86,50,36.36,45.45,27.27,30,16.67,20,27.78,"","","","","",""
http://statistics.gov.scot/id/statistical-geography/S01000870,S01000870,27.27,33.33,20,40,33.33,27.27,23.08,21.43,33.33,31.58,35,31.82,"","","","","",""
http://statistics.gov.scot/id/statistical-geography/S01000871,S01000871,0,0,14.29,25,27.27,23.08,23.08,25,9.09,0,0,0,"","","","","",""
http://statistics.gov.scot/id/statistical-geography/S01000872,S01000872,15.38,6.25,10,0,25,22.22,37.5,16.67,20,14.29,14.29,0,"","","","","",""
http://statistics.gov.scot/id/statistical-geography/S01000873,S01000873,21.43,11.11,15,8,7.69,8.11,11.63,12,8.16,12.5,13.04,20.45,"","","","","",""
http://statistics.gov.scot/id/statistical-geography/S01000874,S01000874,31.25,31.25,21.43,27.27,33.33,33.33,60,42.86,40,33.33,50,42.86,"","","","","",""
http://statistics.gov.scot/id/statistical-geography/S01000875,S01000875,20,40,35.29,31.25,11.11,8,3.45,0,0,2.22,5.56,5.26,"","","","","",""
http://statistics.gov.scot/id/statistical-geography/S01000876,S01000876,0,28.57,40,41.67,37.5,40,50,16.67,14.29,23.08,30,20,"","","","","",""
http://statistics.gov.scot/id/statistical-geography/S01000877,S01000877,16.67,11.11,12.5,16.67,27.27,20,20,50,66.67,50,37.5,14.29,"","","","","",""
http://statistics.gov.scot/id/statistical-geography/S01000878,S01000878,16.67,20,0,0,0,0,0,0,0,0,0,0,"","","","","",""
http://statistics.gov.scot/id/statistical-geography/S01000879,S01000879,0,16.67,12.5,25,12.5,14.29,0,0,0,0,0,0,"","","","","",""
http://statistics.gov.scot/id/statistical-geography/S01000880,S01000880,25,33.33,0,0,0,0,0,0,0,0,10,16.67,"","","","","",""
http://statistics.gov.scot/id/statistical-geography/S01000881,S01000881,46.67,36.36,14.29,10,16.67,28.57,20,16.67,25,42.86,54.55,50,"","","","","",""
http://statistics.gov.scot/id/statistical-geography/S01000882,S01000882,0,0,0,0,9.09,7.69,6.67,23.53,31.25,35.71,16.67,12.5,"","","","","",""
http://statistics.gov.scot/id/statistical-geography/S01000883,S01000883,12.5,12.5,0,9.09,15.38,21.43,13.33,9.09,9.09,20,33.33,44.44,"","","","","",""
http://statistics.gov.scot/id/statistical-geography/S01000884,S01000884,0,0,0,0,0,0,0,0,0,0,0,0,"","","","","",""
http://statistics.gov.scot/id/statistical-geography/S01000885,S01000885,0,0,0,0,0,0,0,0,0,0,0,0,"","","","","",""
http://statistics.gov.scot/id/statistical-geography/S01000886,S01000886,45.45,37.5,33.33,25,25,0,33.33,50,100,60,50,0,"","","","","",""
http://statistics.gov.scot/id/statistical-geography/S01000887,S01000887,13.33,18.18,25,28.57,20,20,25,25,20,11.11,22.22,25,"","","","","",""
http://statistics.gov.scot/id/statistical-geography/S01000888,S01000888,27.27,22.22,15.38,8.33,7.69,22.22,33.33,41.67,21.43,20,14.29,33.33,"","","","","",""
http://statistics.gov.scot/id/statistical-geography/S01000889,S01000889,12.5,9.09,11.11,11.11,0,8.33,7.14,20,10,25,11.11,18.18,"","","","","",""
http://statistics.gov.scot/id/statistical-geography/S01000890,S01000890,20,8.33,9.09,9.09,20,13.33,7.14,7.69,27.27,37.5,20,0,"","","","","",""
http://statistics.gov.scot/id/statistical-geography/S01000891,S01000891,0,0,0,0,0,0,0,0,16.67,16.67,11.11,0,"","","","","",""
http://statistics.gov.scot/id/statistical-geography/S01000892,S01000892,10,10,11.11,0,0,0,33.33,25,20,0,0,20,"","","","","",""
http://statistics.gov.scot/id/statistical-geography/S01000893,S01000893,0,0,0,0,0,12.5,20,25,0,0,0,0,"","","","","",""
http://statistics.gov.scot/id/statistical-geography/S01000894,S01000894,33.33,60,50,25,16.67,20,14.29,0,0,0,11.11,20,"","","","","",""
http://statistics.gov.scot/id/statistical-geography/S01000895,S01000895,0,0,0,12.5,8.33,13.33,12.5,15.38,27.27,15.38,16.67,0,"","","","","",""
http://statistics.gov.scot/id/statistical-geography/S01000896,S01000896,0,0,0,0,0,0,0,0,0,0,0,0,"","","","","",""
http://statistics.gov.scot/id/statistical-geography/S01000897,S01000897,25,40,50,33.33,33.33,16.67,20,20,20,25,0,0,"","","","","",""
http://statistics.gov.scot/id/statistical-geography/S01000898,S01000898,0,0,40,40,40,20,20,14.29,0,0,0,28.57,"","","","","",""
http://statistics.gov.scot/id/statistical-geography/S01000899,S01000899,45,52.94,54.55,55.56,44.44,20,37.5,50,50,60,42.86,33.33,"","","","","",""
http://statistics.gov.scot/id/statistical-geography/S01000900,S01000900,0,20,20,14.29,20,12.5,16.67,0,0,0,25,33.33,"","","","","",""
http://statistics.gov.scot/id/statistical-geography/S01000901,S01000901,0,0,0,0,0,33.33,42.86,60,0,50,40,50,"","","","","",""
http://statistics.gov.scot/id/statistical-geography/S01000902,S01000902,42.86,16.67,9.09,9.09,14.29,0,0,11.11,14.29,10,0,0,"","","","","",""
http://statistics.gov.scot/id/statistical-geography/S01000903,S01000903,0,16.67,30,36.36,35.71,36.36,30,14.29,0,11.11,14.29,33.33,"","","","","",""
http://statistics.gov.scot/id/statistical-geography/S01000904,S01000904,18.18,20,12.5,0,0,0,0,0,16.67,50,28.57,25,"","","","","",""
http://statistics.gov.scot/id/statistical-geography/S01000905,S01000905,28.57,25,20,12.5,11.11,16.67,28.57,50,28.57,20,0,0,"","","","","",""
http://statistics.gov.scot/id/statistical-geography/S01000906,S01000906,33.33,25,28.57,33.33,42.86,50,66.67,0,0,0,0,0,"","","","","",""
http://statistics.gov.scot/id/statistical-geography/S01000907,S01000907,26.67,36.36,40,25,0,60,66.67,83.33,50,33.33,0,0,"","","","","",""
http://statistics.gov.scot/id/statistical-geography/S01000908,S01000908,20,13.33,18.75,15.38,30,36.36,37.5,25,27.27,36.36,33.33,10,"","","","","",""
http://statistics.gov.scot/id/statistical-geography/S01000909,S01000909,25,25,16.67,0,12.5,12.5,28.57,40,60,16.67,10,0,"","","","","",""
http://statistics.gov.scot/id/statistical-geography/S01000910,S01000910,0,18.18,40,38.46,36.36,28.57,26.67,20,9.09,0,22.22,36.36,"","","","","",""
http://statistics.gov.scot/id/statistical-geography/S01000911,S01000911,20,14.29,25,11.11,12.5,0,0,0,0,0,10,25,"","","","","",""
http://statistics.gov.scot/id/statistical-geography/S01000912,S01000912,16.67,12.5,28.57,33.33,50,25,11.11,8.33,0,0,0,11.11,"","","","","",""
http://statistics.gov.scot/id/statistical-geography/S01000913,S01000913,20,16.67,0,25,20,33.33,0,0,0,0,0,0,"","","","","",""
http://statistics.gov.scot/id/statistical-geography/S01000914,S01000914,0,0,0,0,0,0,0,0,0,0,0,0,"","","","","",""
http://statistics.gov.scot/id/statistical-geography/S01000915,S01000915,33.33,33.33,0,0,8.33,27.27,36.36,40,20,16.67,0,0,"","","","","",""
http://statistics.gov.scot/id/statistical-geography/S01000916,S01000916,46.67,40,22.22,28.57,22.22,16.67,0,13.33,30,44.44,37.5,20,"","","","","",""
http://statistics.gov.scot/id/statistical-geography/S01000917,S01000917,0,0,0,0,28.57,25,33.33,20,50,33.33,20,20,"","","","","",""
http://statistics.gov.scot/id/statistical-geography/S01000918,S01000918,66.67,50,0,0,0,0,0,0,0,50,50,33.33,"","","","","",""
http://statistics.gov.scot/id/statistical-geography/S01000919,S01000919,40,37.5,30,20,16.67,16.67,33.33,40,14.29,0,12.5,20,"","","","","",""
http://statistics.gov.scot/id/statistical-geography/S01000920,S01000920,33.33,0,0,0,0,0,0,0,0,0,0,0,"","","","","",""
http://statistics.gov.scot/id/statistical-geography/S01000921,S01000921,14.29,0,0,25,16.67,20,0,20,16.67,20,0,0,"","","","","",""
http://statistics.gov.scot/id/statistical-geography/S01000922,S01000922,60,42.86,25,10,22.22,9.09,9.09,13.33,15.38,15.38,0,0,"","","","","",""
http://statistics.gov.scot/id/statistical-geography/S01000923,S01000923,18.18,8.33,10,10,20,22.22,15.38,21.43,20,17.65,5.56,10,"","","","","",""
http://statistics.gov.scot/id/statistical-geography/S01000924,S01000924,41.18,57.14,61.54,36.36,33.33,25,20,0,6.67,13.33,15.38,30,"","","","","",""
http://statistics.gov.scot/id/statistical-geography/S01000925,S01000925,28.57,11.11,16.67,12.5,10,8.33,7.69,9.09,15.38,23.08,20,15.38,"","","","","",""
http://statistics.gov.scot/id/statistical-geography/S01000926,S01000926,55.56,44.44,40,16.67,16.67,11.76,13.33,6.25,11.11,13.64,15.79,14.29,"","","","","",""
http://statistics.gov.scot/id/statistical-geography/S01000927,S01000927,23.08,15.38,15.38,20,37.5,36.36,37.04,36.36,40,36.36,40,30.77,"","","","","",""
http://statistics.gov.scot/id/statistical-geography/S01000928,S01000928,0,12.5,10,11.11,7.69,16.67,13.33,27.27,23.08,30.77,16.67,30,"","","","","",""
http://statistics.gov.scot/id/statistical-geography/S01000929,S01000929,25,0,14.29,25,25,30,16.67,25,15.38,26.67,20,23.53,"","","","","",""
http://statistics.gov.scot/id/statistical-geography/S01000930,S01000930,55,50,50,36.84,41.18,50,52.63,60,41.67,20,0,15.38,"","","","","",""
http://statistics.gov.scot/id/statistical-geography/S01000931,S01000931,40,33.33,38.46,41.18,50,61.54,50,35.71,33.33,27.27,22.22,0,"","","","","",""
http://statistics.gov.scot/id/statistical-geography/S01000932,S01000932,20,18.18,14.29,16.67,25,33.33,25,16.67,26.67,25,25,16.67,"","","","","",""
http://statistics.gov.scot/id/statistical-geography/S01000933,S01000933,0,10,10,18.18,20,23.08,30.77,20,13.33,11.11,11.76,17.65,"","","","","",""
http://statistics.gov.scot/id/statistical-geography/S01000934,S01000934,32,34.48,36.84,42.11,47.06,40.91,42.86,35.71,30.3,27.27,22.58,24,"","","","","",""
http://statistics.gov.scot/id/statistical-geography/S01000935,S01000935,31.25,23.53,8.33,9.09,26.67,28.57,23.53,9.09,8.33,0,0,0,"","","","","",""
http://statistics.gov.scot/id/statistical-geography/S01000936,S01000936,30,16.67,10,18.18,22.22,14.29,0,12.5,12.5,22.22,16.67,20,"","","","","",""
http://statistics.gov.scot/id/statistical-geography/S01000937,S01000937,35.71,20,33.33,25,45.45,55.56,62.5,42.86,41.67,38.46,46.15,50,"","","","","",""
http://statistics.gov.scot/id/statistical-geography/S01000938,S01000938,36.36,30,33.33,36.36,30,33.33,20,25,20,14.29,9.09,7.14,"","","","","",""
http://statistics.gov.scot/id/statistical-geography/S01000939,S01000939,0,9.09,7.69,14.29,15.38,36.36,37.5,33.33,20,22.22,30,22.22,"","","","","",""
http://statistics.gov.scot/id/statistical-geography/S01000940,S01000940,20,25,16.67,10,0,0,0,0,0,0,0,0,"","","","","",""
http://statistics.gov.scot/id/statistical-geography/S01000941,S01000941,33.33,50,0,0,0,25,20,16.67,0,20,20,14.29,"","","","","",""
http://statistics.gov.scot/id/statistical-geography/S01000942,S01000942,16.67,12.5,11.11,10,9.09,0,0,7.14,10,22.22,12.5,20,"","","","","",""
http://statistics.gov.scot/id/statistical-geography/S01000943,S01000943,0,0,0,0,33.33,16.67,25,12.5,25,0,0,12.5,"","","","","",""
http://statistics.gov.scot/id/statistical-geography/S01000944,S01000944,22.22,16.67,12.5,0,22.22,20,18.18,18.18,25,33.33,14.29,13.33,"","","","","",""
http://statistics.gov.scot/id/statistical-geography/S01000945,S01000945,0,0,16.67,25,33.33,18.18,26.67,25,18.18,0,6.67,7.69,"","","","","",""
http://statistics.gov.scot/id/statistical-geography/S01000946,S01000946,45.45,18.18,12.5,0,25,16.67,25,22.22,25,28.57,16.67,16.67,"","","","","",""
http://statistics.gov.scot/id/statistical-geography/S01000947,S01000947,23.08,18.18,22.22,11.11,10,9.09,10,9.09,22.22,16.67,40,14.29,"","","","","",""
http://statistics.gov.scot/id/statistical-geography/S01000948,S01000948,0,0,16.67,28.57,22.22,12.5,0,0,9.09,8.33,11.11,0,"","","","","",""
http://statistics.gov.scot/id/statistical-geography/S01000949,S01000949,20,0,25,25,25,0,0,0,0,0,0,0,"","","","","",""
http://statistics.gov.scot/id/statistical-geography/S01000950,S01000950,66.67,0,0,0,0,0,0,16.67,16.67,16.67,0,0,"","","","","",""
http://statistics.gov.scot/id/statistical-geography/S01000951,S01000951,16.67,23.08,30.77,27.27,18.18,10,0,8.33,22.22,25,16.67,10,"","","","","",""
http://statistics.gov.scot/id/statistical-geography/S01000952,S01000952,12.5,25,28.57,40,50,20,14.29,0,0,0,0,0,"","","","","",""
http://statistics.gov.scot/id/statistical-geography/S01000953,S01000953,0,0,0,9.09,10,12.5,0,0,0,0,0,12.5,"","","","","",""
http://statistics.gov.scot/id/statistical-geography/S01000954,S01000954,33.33,33.33,20,7.69,9.09,7.69,7.69,0,8.33,6.67,15.79,21.05,"","","","","",""
http://statistics.gov.scot/id/statistical-geography/S01000955,S01000955,14.29,20,22.22,22.22,14.29,0,0,0,20,33.33,50,0,"","","","","",""
http://statistics.gov.scot/id/statistical-geography/S01000956,S01000956,46.67,46.15,46.15,33.33,22.22,11.76,4.76,8,14.81,18.18,11.11,4.76,"","","","","",""
http://statistics.gov.scot/id/statistical-geography/S01000957,S01000957,0,0,0,"",0,0,0,0,0,0,0,0,"","","","","",""
http://statistics.gov.scot/id/statistical-geography/S01000958,S01000958,25,15.38,15.38,7.14,10,0,25,14.29,25,26.67,46.15,50,"","","","","",""
http://statistics.gov.scot/id/statistical-geography/S01000959,S01000959,10,0,14.29,11.11,14.29,11.11,12.5,12.5,0,0,0,10,"","","","","",""
http://statistics.gov.scot/id/statistical-geography/S01000960,S01000960,33.33,25,0,0,0,0,0,0,0,0,0,0,"","","","","",""
http://statistics.gov.scot/id/statistical-geography/S01000961,S01000961,10,0,0,0,0,20,11.11,18.18,18.75,20,20,11.11,"","","","","",""
http://statistics.gov.scot/id/statistical-geography/S01000962,S01000962,0,25,28.57,25,20,25,25,22.22,15.38,15.38,7.14,14.29,"","","","","",""
http://statistics.gov.scot/id/statistical-geography/S01000963,S01000963,23.08,18.18,20,16.67,20,14.29,33.33,33.33,42.86,44.44,50,40,"","","","","",""
http://statistics.gov.scot/id/statistical-geography/S01000964,S01000964,0,0,10,20,14.29,0,0,0,0,6.67,7.14,9.09,"","","","","",""
http://statistics.gov.scot/id/statistical-geography/S01000965,S01000965,60,53.33,40,50,40,42.86,40,66.67,61.54,55.56,33.33,20,"","","","","",""
http://statistics.gov.scot/id/statistical-geography/S01000966,S01000966,12.5,9.09,14.29,20,35.71,26.09,28.57,18.52,22.73,17.39,16.67,9.52,"","","","","",""
http://statistics.gov.scot/id/statistical-geography/S01000967,S01000967,0,0,25,20,33.33,30,33.33,28.57,17.65,27.78,27.27,30,"","","","","",""
http://statistics.gov.scot/id/statistical-geography/S01000968,S01000968,0,0,0,0,0,0,0,0,0,0,0,0,"","","","","",""
http://statistics.gov.scot/id/statistical-geography/S01000969,S01000969,13.33,8.33,0,0,10,9.09,7.69,6.67,23.08,35.71,28.57,17.65,"","","","","",""
http://statistics.gov.scot/id/statistical-geography/S01000970,S01000970,33.33,50,20,16.67,20,50,33.33,33.33,20,20,0,20,"","","","","",""
http://statistics.gov.scot/id/statistical-geography/S01000971,S01000971,40,33.33,33.33,25,20,35.71,35.29,29.41,16.67,0,11.11,33.33,"","","","","",""
http://statistics.gov.scot/id/statistical-geography/S01000972,S01000972,0,0,11.76,12.5,18.18,0,0,0,0,0,0,0,"","","","","",""
http://statistics.gov.scot/id/statistical-geography/S01000973,S01000973,50,20,50,42.86,44.44,8.33,5.88,0,6.25,18.18,40,33.33,"","","","","",""
http://statistics.gov.scot/id/statistical-geography/S01000974,S01000974,0,20,16.67,10,0,7.14,8.33,16.67,10,9.09,9.09,8.33,"","","","","",""
http://statistics.gov.scot/id/statistical-geography/S01000975,S01000975,0,0,0,0,0,0,0,0,0,0,0,0,"","","","","",""
http://statistics.gov.scot/id/statistical-geography/S01000976,S01000976,20,14.29,0,0,0,0,0,"","",0,11.11,11.11,"","","","","",""
http://statistics.gov.scot/id/statistical-geography/S01000977,S01000977,16.67,20,14.29,0,14.29,28.57,22.22,14.29,0,0,0,0,"","","","","",""
http://statistics.gov.scot/id/statistical-geography/S01000978,S01000978,16.67,0,0,12.5,10,9.09,0,0,11.11,14.29,25,25,"","","","","",""
http://statistics.gov.scot/id/statistical-geography/S01000979,S01000979,0,9.09,11.11,36.36,50,33.33,14.29,22.22,28.57,16.67,0,25,"","","","","",""
http://statistics.gov.scot/id/statistical-geography/S01000980,S01000980,22.22,27.27,23.08,41.67,44.44,37.5,20,0,0,0,0,0,"","","","","",""
http://statistics.gov.scot/id/statistical-geography/S01000981,S01000981,0,0,0,0,11.11,25,33.33,25,0,0,0,40,"","","","","",""
http://statistics.gov.scot/id/statistical-geography/S01000982,S01000982,0,0,0,0,0,0,0,0,0,8.33,7.14,12.5,"","","","","",""
http://statistics.gov.scot/id/statistical-geography/S01000983,S01000983,28.57,25,20,16.67,16.67,0,0,0,0,0,0,11.11,"","","","","",""
http://statistics.gov.scot/id/statistical-geography/S01000984,S01000984,0,0,0,16.67,28.57,40,25,0,0,0,0,0,"","","","","",""
http://statistics.gov.scot/id/statistical-geography/S01000985,S01000985,33.33,33.33,44.44,44.44,44.44,33.33,40,50,36.36,26.67,25,38.89,"","","","","",""
http://statistics.gov.scot/id/statistical-geography/S01000986,S01000986,33.33,28.57,14.29,12.5,20,16.67,11.11,14.29,18.18,33.33,50,66.67,"","","","","",""
http://statistics.gov.scot/id/statistical-geography/S01000987,S01000987,0,25,20,50,0,0,0,14.29,22.22,22.22,14.29,20,"","","","","",""
http://statistics.gov.scot/id/statistical-geography/S01000988,S01000988,14.29,16.67,16.67,0,0,0,0,0,0,0,0,0,"","","","","",""
http://statistics.gov.scot/id/statistical-geography/S01000989,S01000989,0,0,8.33,9.09,11.11,0,0,0,0,0,11.11,11.11,"","","","","",""
http://statistics.gov.scot/id/statistical-geography/S01000990,S01000990,25,30.77,16.67,0,11.11,10,16.67,9.09,7.14,0,0,0,"","","","","",""
http://statistics.gov.scot/id/statistical-geography/S01000991,S01000991,50,25,33.33,28.57,25,16.67,0,0,0,0,0,0,"","","","","",""
http://statistics.gov.scot/id/statistical-geography/S01000992,S01000992,25,28.57,20,14.29,8.33,0,7.14,9.09,9.09,7.69,7.14,7.14,"","","","","",""
http://statistics.gov.scot/id/statistical-geography/S01000993,S01000993,27.27,20,10,0,0,0,0,0,0,0,0,0,"","","","","",""
http://statistics.gov.scot/id/statistical-geography/S01000994,S01000994,30,30,21.43,23.08,8.33,20,25,54.55,46.67,35.71,15.38,14.29,"","","","","",""
http://statistics.gov.scot/id/statistical-geography/S01000995,S01000995,14.29,16.67,14.29,7.14,0,0,0,0,0,0,0,0,"","","","","",""
http://statistics.gov.scot/id/statistical-geography/S01000996,S01000996,0,0,0,0,12.5,27.27,26.67,23.08,8.33,8.33,8.33,20,"","","","","",""
http://statistics.gov.scot/id/statistical-geography/S01000997,S01000997,0,0,0,0,0,0,0,9.09,20,25,25,0,"","","","","",""
http://statistics.gov.scot/id/statistical-geography/S01000998,S01000998,0,0,0,0,9.09,6.67,15.38,15.38,27.27,25,21.43,18.75,"","","","","",""
http://statistics.gov.scot/id/statistical-geography/S01000999,S01000999,25,11.11,0,0,12.5,12.5,10,0,0,0,0,14.29,"","","","","",""
http://statistics.gov.scot/id/statistical-geography/S01001000,S01001000,0,0,0,0,0,6.67,16.67,16.67,22.22,20,25,9.09,"","","","","",""
http://statistics.gov.scot/id/statistical-geography/S01001001,S01001001,14.29,11.11,10,0,0,0,20,11.11,11.11,18.18,28.57,28.57,"","","","","",""
http://statistics.gov.scot/id/statistical-geography/S01001002,S01001002,9.09,22.22,21.43,23.08,16.67,13.33,13.33,8.33,0,7.69,6.67,15.38,"","","","","",""
http://statistics.gov.scot/id/statistical-geography/S01001003,S01001003,0,6.25,6.67,9.09,0,0,0,0,0,16.67,15.38,14.29,"","","","","",""
http://statistics.gov.scot/id/statistical-geography/S01001004,S01001004,0,0,0,16.67,14.29,14.29,0,20,16.67,16.67,0,0,"","","","","",""
http://statistics.gov.scot/id/statistical-geography/S01001005,S01001005,0,0,0,0,0,0,12.5,22.22,33.33,33.33,33.33,33.33,"","","","","",""
http://statistics.gov.scot/id/statistical-geography/S01001006,S01001006,10,14.29,12.5,8.33,9.09,0,0,9.09,10,14.29,0,0,"","","","","",""
http://statistics.gov.scot/id/statistical-geography/S01001007,S01001007,45.45,37.5,43.75,26.67,21.43,13.33,15,21.05,17.39,15.79,4.55,5.88,"","","","","",""
http://statistics.gov.scot/id/statistical-geography/S01001008,S01001008,18.18,10,9.09,0,11.11,25,20,15.79,9.09,22.22,16.67,25,"","","","","",""
http://statistics.gov.scot/id/statistical-geography/S01001009,S01001009,14.29,0,0,10,7.14,9.09,0,0,0,0,0,0,"","","","","",""
http://statistics.gov.scot/id/statistical-geography/S01001010,S01001010,0,0,0,11.11,22.22,18.18,14.29,7.69,15.38,15.79,15,17.65,"","","","","",""
http://statistics.gov.scot/id/statistical-geography/S01001011,S01001011,0,0,0,0,0,0,0,20,16.67,14.29,0,0,"","","","","",""
http://statistics.gov.scot/id/statistical-geography/S01001012,S01001012,14.29,0,8.33,7.69,7.69,14.29,50,40,40,11.11,12.5,0,"","","","","",""
http://statistics.gov.scot/id/statistical-geography/S01001013,S01001013,0,8.33,17.65,15,14.29,8.33,30.77,45.45,50,50,14.29,0,"","","","","",""
http://statistics.gov.scot/id/statistical-geography/S01001014,S01001014,30,33.33,25,0,27.78,40,36,39.29,50,58.33,53.85,18.18,"","","","","",""
http://statistics.gov.scot/id/statistical-geography/S01001015,S01001015,0,0,0,0,6.25,14.29,14.29,20,11.11,12.5,0,0,"","","","","",""
http://statistics.gov.scot/id/statistical-geography/S01001016,S01001016,25,28.57,22.22,18.18,10,14.29,0,0,7.14,7.69,14.29,12.5,"","","","","",""
http://statistics.gov.scot/id/statistical-geography/S01001017,S01001017,26.67,30.77,27.27,25,27.27,40,33.33,28.57,6.25,10,9.09,5.56,"","","","","",""
http://statistics.gov.scot/id/statistical-geography/S01001018,S01001018,4.76,5.88,7.14,11.11,6.25,0,5.56,14.29,21.43,14.29,15.38,9.09,"","","","","",""
http://statistics.gov.scot/id/statistical-geography/S01001019,S01001019,13.33,26.32,26.09,28.57,29.03,32.14,37.5,35,29.17,25,29.63,25,"","","","","",""
http://statistics.gov.scot/id/statistical-geography/S01001020,S01001020,40,33.33,44.44,16.67,25,20,16.67,37.5,33.33,37.5,16.67,20,"","","","","",""
http://statistics.gov.scot/id/statistical-geography/S01001021,S01001021,14.29,11.11,16.67,22.22,21.74,31.58,26.67,21.43,6.25,0,0,0,"","","","","",""
http://statistics.gov.scot/id/statistical-geography/S01001022,S01001022,28.57,25,7.14,11.76,6.67,33.33,23.53,20,0,0,0,0,"","","","","",""
http://statistics.gov.scot/id/statistical-geography/S01001023,S01001023,18.18,30,28.57,25,0,0,7.69,14.29,11.11,0,0,0,"","","","","",""
http://statistics.gov.scot/id/statistical-geography/S01001024,S01001024,36.36,36.36,18.18,0,0,2.7,3.23,2.86,0,2.78,2.7,3.03,"","","","","",""
http://statistics.gov.scot/id/statistical-geography/S01001025,S01001025,16.67,11.11,12.5,6.25,18.18,14.29,41.67,41.67,54.55,25,5.88,0,"","","","","",""
http://statistics.gov.scot/id/statistical-geography/S01001026,S01001026,11.11,11.11,0,14.29,28.57,20,11.11,0,0,0,0,0,"","","","","",""
http://statistics.gov.scot/id/statistical-geography/S01001027,S01001027,28.57,37.5,50,42.86,12.5,9.09,25,30,22.22,8.33,21.43,21.43,"","","","","",""
http://statistics.gov.scot/id/statistical-geography/S01001028,S01001028,50,36.36,22.22,25,30,36.36,26.67,14.29,6.25,8.33,7.14,7.14,"","","","","",""
http://statistics.gov.scot/id/statistical-geography/S01001029,S01001029,45.45,35.71,42.11,34.78,28.57,31.58,35.71,35.29,18.75,14.29,20,21.43,"","","","","",""
http://statistics.gov.scot/id/statistical-geography/S01001030,S01001030,0,12.5,10,8.33,0,0,50,16.67,11.11,0,0,0,"","","","","",""
http://statistics.gov.scot/id/statistical-geography/S01001031,S01001031,25,12.5,9.09,15.38,23.08,25,16.67,27.27,33.33,26.67,18.75,14.29,"","","","","",""
http://statistics.gov.scot/id/statistical-geography/S01001032,S01001032,43.75,43.75,41.18,50,47.62,35,33.33,27.27,30.77,21.43,21.43,30.77,"","","","","",""
http://statistics.gov.scot/id/statistical-geography/S01001033,S01001033,33.33,50,42.86,44.44,40,44.44,27.27,25,43.75,58.33,66.67,20,"","","","","",""
http://statistics.gov.scot/id/statistical-geography/S01001034,S01001034,50,42.86,35.71,26.67,31.58,33.33,33.33,32,27.78,38.89,41.18,33.33,"","","","","",""
http://statistics.gov.scot/id/statistical-geography/S01001035,S01001035,20,0,0,33.33,50,28.57,42.86,33.33,42.86,16.67,12.5,20,"","","","","",""
http://statistics.gov.scot/id/statistical-geography/S01001036,S01001036,7.69,0,14.29,10,7.69,7.69,20,40,44.44,45.45,33.33,27.27,"","","","","",""
http://statistics.gov.scot/id/statistical-geography/S01001037,S01001037,45,64.71,52.63,41.18,42.11,40,38.89,25,16.67,13.04,20.83,33.33,"","","","","",""
http://statistics.gov.scot/id/statistical-geography/S01001038,S01001038,6.25,5,0,0,4.76,15.79,18.18,17.65,5.56,0,0,5.88,"","","","","",""
http://statistics.gov.scot/id/statistical-geography/S01001039,S01001039,0,0,0,0,12.5,12.5,14.29,0,0,0,0,0,"","","","","",""
http://statistics.gov.scot/id/statistical-geography/S01001040,S01001040,16.67,14.29,22.22,20,20,0,0,11.11,9.09,18.18,14.29,20,"","","","","",""
http://statistics.gov.scot/id/statistical-geography/S01001041,S01001041,0,0,14.29,12.5,22.22,11.11,16.67,25,20,20,0,12.5,"","","","","",""
http://statistics.gov.scot/id/statistical-geography/S01001042,S01001042,5,8.7,5.26,5,0,0,0,0,0,0,0,0,"","","","","",""
http://statistics.gov.scot/id/statistical-geography/S01001043,S01001043,0,0,0,7.69,5.26,8.33,6.25,15.38,14.29,10,0,0,"","","","","",""
http://statistics.gov.scot/id/statistical-geography/S01001044,S01001044,0,0,0,0,0,22.22,25,28.57,0,0,0,0,"","","","","",""
http://statistics.gov.scot/id/statistical-geography/S01001045,S01001045,16.67,25,25,22.22,14.29,30,22.22,18.18,0,0,0,0,"","","","","",""
http://statistics.gov.scot/id/statistical-geography/S01001046,S01001046,33.33,14.29,0,11.11,14.29,13.33,8.33,16.67,20,18.18,0,0,"","","","","",""
http://statistics.gov.scot/id/statistical-geography/S01001047,S01001047,0,0,0,0,0,0,18.18,20,36.36,33.33,22.22,0,"","","","","",""
http://statistics.gov.scot/id/statistical-geography/S01001048,S01001048,22.22,16.67,0,0,0,0,0,0,0,0,0,10,"","","","","",""
http://statistics.gov.scot/id/statistical-geography/S01001049,S01001049,12.5,16.67,16.67,37.5,40,25,18.18,14.29,20,25,40,75,"","","","","",""
http://statistics.gov.scot/id/statistical-geography/S01001050,S01001050,0,0,0,0,11.11,12.5,33.33,33.33,25,16.67,0,0,"","","","","",""
http://statistics.gov.scot/id/statistical-geography/S01001051,S01001051,50,25,20,11.11,11.11,0,0,0,25,33.33,28.57,0,"","","","","",""
http://statistics.gov.scot/id/statistical-geography/S01001052,S01001052,22.22,37.5,14.29,16.67,0,0,14.29,33.33,42.86,42.86,27.27,22.22,"","","","","",""
http://statistics.gov.scot/id/statistical-geography/S01001053,S01001053,10,7.69,12.5,11.11,7.69,0,0,0,0,0,0,0,"","","","","",""
http://statistics.gov.scot/id/statistical-geography/S01001054,S01001054,20,14.29,0,8.33,21.43,28.57,33.33,18.18,18.18,8.33,25,12.5,"","","","","",""
http://statistics.gov.scot/id/statistical-geography/S01001055,S01001055,11.11,11.11,20,33.33,30,33.33,28.57,50,33.33,25,20,20,"","","","","",""
http://statistics.gov.scot/id/statistical-geography/S01001056,S01001056,42.86,50,16.67,0,7.69,16.67,18.18,16.67,7.14,7.69,0,0,"","","","","",""
http://statistics.gov.scot/id/statistical-geography/S01001057,S01001057,12.5,0,9.09,20,21.43,16.67,15.38,9.09,11.11,0,25,33.33,"","","","","",""
http://statistics.gov.scot/id/statistical-geography/S01001058,S01001058,28.57,20,16.67,12.5,20,16.67,17.65,18.75,30.77,27.27,9.09,11.11,"","","","","",""
http://statistics.gov.scot/id/statistical-geography/S01001059,S01001059,40,45.45,33.33,30,16.67,10,0,10,12.5,20,20,28.57,"","","","","",""
http://statistics.gov.scot/id/statistical-geography/S01001060,S01001060,14.29,0,20,12.5,14.29,22.22,40,33.33,33.33,20,18.18,0,"","","","","",""
http://statistics.gov.scot/id/statistical-geography/S01001061,S01001061,22.22,33.33,50,25,16.67,14.29,0,0,22.22,25,22.22,14.29,"","","","","",""
http://statistics.gov.scot/id/statistical-geography/S01001062,S01001062,12.5,14.29,16.67,0,0,0,0,0,11.11,12.5,10,0,"","","","","",""
http://statistics.gov.scot/id/statistical-geography/S01001063,S01001063,0,0,0,0,0,0,0,0,0,0,0,12.5,"","","","","",""
http://statistics.gov.scot/id/statistical-geography/S01001064,S01001064,0,20,14.29,16.67,9.09,10,0,0,0,0,0,0,"","","","","",""
http://statistics.gov.scot/id/statistical-geography/S01001065,S01001065,0,0,0,0,0,0,0,0,0,0,0,0,"","","","","",""
http://statistics.gov.scot/id/statistical-geography/S01001066,S01001066,25,25,33.33,33.33,0,0,20,14.29,12.5,0,0,0,"","","","","",""
http://statistics.gov.scot/id/statistical-geography/S01001067,S01001067,0,0,0,0,0,0,0,0,9.09,10,10,0,"","","","","",""
http://statistics.gov.scot/id/statistical-geography/S01001068,S01001068,11.11,25,16.67,18.18,11.11,14.29,0,0,0,0,0,0,"","","","","",""
http://statistics.gov.scot/id/statistical-geography/S01001069,S01001069,11.11,9.09,0,0,7.14,7.69,11.11,22.22,16.67,15.38,0,8.33,"","","","","",""
http://statistics.gov.scot/id/statistical-geography/S01001070,S01001070,0,0,25,33.33,50,33.33,16.67,0,0,18.18,20,22.22,"","","","","",""
http://statistics.gov.scot/id/statistical-geography/S01001071,S01001071,28.57,22.22,0,0,0,0,0,0,0,25,25,12.5,"","","","","",""
http://statistics.gov.scot/id/statistical-geography/S01001072,S01001072,12.5,10,0,0,0,14.29,9.09,7.14,0,0,0,0,"","","","","",""
http://statistics.gov.scot/id/statistical-geography/S01001073,S01001073,11.11,16.67,7.14,8.33,0,9.09,9.09,8.33,14.29,14.29,12.5,0,"","","","","",""
http://statistics.gov.scot/id/statistical-geography/S01001074,S01001074,16.67,20,0,0,0,0,0,0,0,0,0,0,"","","","","",""
http://statistics.gov.scot/id/statistical-geography/S01001075,S01001075,33.33,16.67,15.38,7.69,0,16.67,25,36.36,30.77,25,9.09,0,"","","","","",""
http://statistics.gov.scot/id/statistical-geography/S01001076,S01001076,8.33,11.11,9.09,0,0,0,0,0,0,11.11,7.69,14.29,"","","","","",""
http://statistics.gov.scot/id/statistical-geography/S01001077,S01001077,10,14.29,0,14.29,11.11,18.18,22.22,28.57,16.67,25,33.33,50,"","","","","",""
http://statistics.gov.scot/id/statistical-geography/S01001078,S01001078,9.09,25,25,33.33,23.08,18.18,8.33,0,16.67,25,25,15.38,"","","","","",""
http://statistics.gov.scot/id/statistical-geography/S01001079,S01001079,0,0,0,0,0,0,0,0,0,0,0,0,"","","","","",""
http://statistics.gov.scot/id/statistical-geography/S01001080,S01001080,50,0,20,22.22,25,14.29,0,0,0,0,0,0,"","","","","",""
http://statistics.gov.scot/id/statistical-geography/S01001081,S01001081,20,20,50,33.33,33.33,16.67,0,0,0,0,0,0,"","","","","",""
http://statistics.gov.scot/id/statistical-geography/S01001082,S01001082,7.69,14.29,11.11,8.33,0,5.88,12.5,15.38,20,14.29,28.57,10,"","","","","",""
http://statistics.gov.scot/id/statistical-geography/S01001083,S01001083,27.27,33.33,25,18.18,8.33,16.67,20,33.33,20,14.29,0,33.33,"","","","","",""
http://statistics.gov.scot/id/statistical-geography/S01001084,S01001084,0,0,0,0,0,0,0,0,0,0,0,14.29,"","","","","",""
http://statistics.gov.scot/id/statistical-geography/S01001085,S01001085,30.77,15.38,14.29,11.11,40,40,33.33,15.38,13.33,11.11,28.57,28.57,"","","","","",""
http://statistics.gov.scot/id/statistical-geography/S01001086,S01001086,25,25,22.22,27.27,14.29,15.38,12.5,15.38,9.09,9.09,9.09,18.18,"","","","","",""
http://statistics.gov.scot/id/statistical-geography/S01001087,S01001087,33.33,0,0,0,0,0,0,0,33.33,57.14,57.14,33.33,"","","","","",""
http://statistics.gov.scot/id/statistical-geography/S01001088,S01001088,43.75,35.71,25,17.65,26.32,31.58,31.25,50,40,50,23.08,18.75,"","","","","",""
http://statistics.gov.scot/id/statistical-geography/S01001089,S01001089,13.33,14.29,22.22,50,33.33,18.18,15.38,18.18,14.29,16.67,28.57,37.5,"","","","","",""
http://statistics.gov.scot/id/statistical-geography/S01001090,S01001090,15.38,9.09,0,0,0,0,0,0,0,0,0,0,"","","","","",""
http://statistics.gov.scot/id/statistical-geography/S01001091,S01001091,25,0,0,0,0,0,0,0,0,0,0,0,"","","","","",""
http://statistics.gov.scot/id/statistical-geography/S01001092,S01001092,12.5,16.67,5.56,0,0,9.09,10,14.29,10.53,9.52,4.55,0,"","","","","",""
http://statistics.gov.scot/id/statistical-geography/S01001093,S01001093,11.11,0,0,0,10,9.09,9.09,0,0,0,0,0,"","","","","",""
http://statistics.gov.scot/id/statistical-geography/S01001094,S01001094,0,0,0,0,0,0,0,0,0,0,0,0,"","","","","",""
http://statistics.gov.scot/id/statistical-geography/S01001095,S01001095,0,0,16.67,20,14.29,0,0,0,0,0,0,14.29,"","","","","",""
http://statistics.gov.scot/id/statistical-geography/S01001096,S01001096,0,0,10,14.29,20,9.09,5.56,0,0,10,12.5,9.09,"","","","","",""
http://statistics.gov.scot/id/statistical-geography/S01001097,S01001097,0,0,0,0,0,0,0,0,0,0,0,0,"","","","","",""
http://statistics.gov.scot/id/statistical-geography/S01001098,S01001098,0,14.29,14.29,25,0,0,0,0,0,0,0,0,"","","","","",""
http://statistics.gov.scot/id/statistical-geography/S01001099,S01001099,37.5,35.71,43.75,44.44,31.25,27.27,19.23,17.86,11.11,7.14,9.09,5.26,"","","","","",""
http://statistics.gov.scot/id/statistical-geography/S01001100,S01001100,0,0,0,0,0,10,11.11,12.5,0,0,0,0,"","","","","",""
http://statistics.gov.scot/id/statistical-geography/S01001101,S01001101,20,40,22.22,20,10.53,10.53,10,15,19.05,18.18,10,10.53,"","","","","",""
http://statistics.gov.scot/id/statistical-geography/S01001102,S01001102,0,0,0,6.67,5,5,0,0,0,0,0,0,"","","","","",""
http://statistics.gov.scot/id/statistical-geography/S01001103,S01001103,0,0,0,0,0,8.33,8.33,8.33,7.14,8.33,7.14,0,"","","","","",""
http://statistics.gov.scot/id/statistical-geography/S01001104,S01001104,52.94,53.85,42.86,20,14.29,10,0,12.5,11.76,16.67,0,0,"","","","","",""
http://statistics.gov.scot/id/statistical-geography/S01001105,S01001105,33.33,0,0,0,0,0,0,12.5,14.29,16.67,0,0,"","","","","",""
http://statistics.gov.scot/id/statistical-geography/S01001106,S01001106,0,0,4.55,3.57,2.5,0,0,0,0,0,0,5.56,"","","","","",""
http://statistics.gov.scot/id/statistical-geography/S01001107,S01001107,4.55,15.79,18.18,25,0,0,0,8.33,8.33,12.5,5.26,4.55,"","","","","",""
http://statistics.gov.scot/id/statistical-geography/S01001108,S01001108,23.08,25,25,9.09,0,0,0,3.45,7.89,9.76,9.76,7.5,"","","","","",""
http://statistics.gov.scot/id/statistical-geography/S01001109,S01001109,10,10,15.38,6.25,7.69,8.33,16,16.67,10,7.41,8.7,16.67,"","","","","",""
http://statistics.gov.scot/id/statistical-geography/S01001110,S01001110,27.27,22.22,0,9.09,23.53,17.39,10.71,0,0,8.33,6.67,11.11,"","","","","",""
http://statistics.gov.scot/id/statistical-geography/S01001111,S01001111,22.22,23.08,30.77,25,25,12.5,15.63,14.29,18.52,13.04,13.33,16,"","","","","",""
http://statistics.gov.scot/id/statistical-geography/S01001112,S01001112,11.11,12.5,16.67,16.67,28.57,13.33,10.53,9.52,13.33,12.5,0,0,"","","","","",""
http://statistics.gov.scot/id/statistical-geography/S01001113,S01001113,21.43,20,18.18,44.44,28.57,33.33,17.65,22.22,19.05,18.75,15.38,18.18,"","","","","",""
http://statistics.gov.scot/id/statistical-geography/S01001114,S01001114,27.78,41.18,43.75,30,23.33,29.73,29.73,29.17,19.05,18.75,37.5,30,"","","","","",""
http://statistics.gov.scot/id/statistical-geography/S01001115,S01001115,28.57,16.67,15.38,14.29,20,10,0,5,8.7,10,7.69,5.56,"","","","","",""
http://statistics.gov.scot/id/statistical-geography/S01001116,S01001116,66.67,62.5,50,20,20,20,0,0,0,0,0,0,"","","","","",""
http://statistics.gov.scot/id/statistical-geography/S01001117,S01001117,0,0,0,50,25,16.67,0,0,0,0,0,0,"","","","","",""
http://statistics.gov.scot/id/statistical-geography/S01001118,S01001118,27.27,0,0,0,0,0,0,11.11,14.29,16.67,0,0,"","","","","",""
http://statistics.gov.scot/id/statistical-geography/S01001119,S01001119,8.33,0,10,8.33,5.56,8.7,11.54,19.05,9.52,12.5,5.88,15.38,"","","","","",""
http://statistics.gov.scot/id/statistical-geography/S01001120,S01001120,25,"",0,0,0,10,14.29,15.38,7.69,0,0,0,"","","","","",""
http://statistics.gov.scot/id/statistical-geography/S01001121,S01001121,21.05,28.57,55.56,40,30,15.38,7.69,10,5.56,5,0,0,"","","","","",""
http://statistics.gov.scot/id/statistical-geography/S01001122,S01001122,20,27.27,25,0,0,20,15.38,23.08,9.09,20,20,28.57,"","","","","",""
http://statistics.gov.scot/id/statistical-geography/S01001123,S01001123,0,0,6.25,5,10,4.55,4.76,4,5.56,6.67,0,0,"","","","","",""
http://statistics.gov.scot/id/statistical-geography/S01001124,S01001124,11.11,28.57,40,16.67,0,0,7.14,12.5,27.27,16.67,12.5,0,"","","","","",""
http://statistics.gov.scot/id/statistical-geography/S01001125,S01001125,41.67,22.22,33.33,44.44,33.33,26.67,21.43,20,10,0,0,0,"","","","","",""
http://statistics.gov.scot/id/statistical-geography/S01001126,S01001126,0,0,0,0,16.67,20,16.67,0,0,0,0,0,"","","","","",""
http://statistics.gov.scot/id/statistical-geography/S01001127,S01001127,7.69,7.69,6.67,0,0,11.76,23.53,33.33,23.53,16.67,11.76,12.5,"","","","","",""
http://statistics.gov.scot/id/statistical-geography/S01001128,S01001128,12.5,33.33,0,12.5,5.88,5.26,0,0,0,16.67,20,25,"","","","","",""
http://statistics.gov.scot/id/statistical-geography/S01001129,S01001129,18.75,20,28.57,25,15.79,22.73,19.23,21.74,19.23,25,21.05,15,"","","","","",""
http://statistics.gov.scot/id/statistical-geography/S01001130,S01001130,33.33,45.45,28.57,7.14,5.88,9.52,16.67,16.67,8.33,5.88,12.5,18.75,"","","","","",""
http://statistics.gov.scot/id/statistical-geography/S01001131,S01001131,31.25,18.75,28.57,33.33,33.33,20,15.79,0,0,0,0,6.67,"","","","","",""
http://statistics.gov.scot/id/statistical-geography/S01001132,S01001132,10,11.11,12.5,15.38,8.33,11.76,8.33,15.38,9.09,7.14,0,0,"","","","","",""
http://statistics.gov.scot/id/statistical-geography/S01001133,S01001133,0,8.33,12.5,15.38,17.65,15,14.81,8.7,5.56,0,0,4.35,"","","","","",""
http://statistics.gov.scot/id/statistical-geography/S01001134,S01001134,0,0,0,0,0,0,0,0,0,0,0,0,"","","","","",""
http://statistics.gov.scot/id/statistical-geography/S01001135,S01001135,25,25,11.11,13.33,12.5,24,26.32,33.33,12.5,25,33.33,33.33,"","","","","",""
http://statistics.gov.scot/id/statistical-geography/S01001136,S01001136,28,28,38.1,15,15,13.33,24.14,20,25,25,20.69,25,"","","","","",""
http://statistics.gov.scot/id/statistical-geography/S01001137,S01001137,36.36,55.56,46.15,53.33,36,31.82,24,35,25,20,11.11,9.68,"","","","","",""
http://statistics.gov.scot/id/statistical-geography/S01001138,S01001138,17.39,26.32,33.33,26.32,18.18,13.51,13.16,11.11,4.76,6.25,14.29,10.42,"","","","","",""
http://statistics.gov.scot/id/statistical-geography/S01001139,S01001139,20,11.11,12.5,16.67,8.33,22.22,17.65,30,0,16.67,10,10,"","","","","",""
http://statistics.gov.scot/id/statistical-geography/S01001140,S01001140,25,31.25,14.29,8.33,0,5.88,9.52,19.05,14.29,11.76,0,6.67,"","","","","",""
http://statistics.gov.scot/id/statistical-geography/S01001141,S01001141,27.27,30.77,41.67,38.46,40,28.57,18.75,14.29,23.53,31.25,25,18.18,"","","","","",""
http://statistics.gov.scot/id/statistical-geography/S01001142,S01001142,0,0,0,0,0,0,0,0,0,0,0,0,"","","","","",""
http://statistics.gov.scot/id/statistical-geography/S01001143,S01001143,0,0,0,0,0,0,0,0,0,33.33,18.18,20,"","","","","",""
http://statistics.gov.scot/id/statistical-geography/S01001144,S01001144,30.77,25,20,23.08,17.65,20,13.64,20,11.11,25,16.67,18.75,"","","","","",""
http://statistics.gov.scot/id/statistical-geography/S01001145,S01001145,0,0,50,25,14.29,0,0,0,12.5,12.5,12.5,0,"","","","","",""
http://statistics.gov.scot/id/statistical-geography/S01001146,S01001146,20,42.86,28.57,25,0,14.29,14.29,20,0,0,0,0,"","","","","",""
http://statistics.gov.scot/id/statistical-geography/S01001147,S01001147,33.33,25,33.33,20,7.14,0,5.88,4.76,14.81,16,26.92,18.18,"","","","","",""
http://statistics.gov.scot/id/statistical-geography/S01001148,S01001148,30,0,0,0,0,10,10,12.5,16.67,14.29,33.33,14.29,"","","","","",""
http://statistics.gov.scot/id/statistical-geography/S01001149,S01001149,32,31.82,28.57,23.53,15,10.53,12.5,30.77,15.38,23.08,5.56,5.56,"","","","","",""
http://statistics.gov.scot/id/statistical-geography/S01001150,S01001150,61.11,50,50,30,21.43,21.21,20,29.17,22.22,28.57,18.75,17.65,"","","","","",""
http://statistics.gov.scot/id/statistical-geography/S01001151,S01001151,12.5,20,20,25,12.5,18.18,18.18,23.08,16.67,16.67,25,41.67,"","","","","",""
http://statistics.gov.scot/id/statistical-geography/S01001152,S01001152,23.08,25,26.67,28.57,21.43,15.38,16.67,21.43,17.65,10,5.56,22.22,"","","","","",""
http://statistics.gov.scot/id/statistical-geography/S01001153,S01001153,0,0,0,0,9.09,13.33,14.29,6.67,0,0,0,0,"","","","","",""
http://statistics.gov.scot/id/statistical-geography/S01001154,S01001154,0,0,0,0,0,0,0,0,10,16.67,16.67,0,"","","","","",""
http://statistics.gov.scot/id/statistical-geography/S01001155,S01001155,0,0,0,0,0,0,0,10,11.11,16.67,0,0,"","","","","",""
http://statistics.gov.scot/id/statistical-geography/S01001156,S01001156,11.11,28.57,46.67,55.56,38.89,30,20,26.92,17.39,30,33.33,33.33,"","","","","",""
http://statistics.gov.scot/id/statistical-geography/S01001157,S01001157,25,28.57,16.67,14.29,0,0,0,0,0,0,0,0,"","","","","",""
http://statistics.gov.scot/id/statistical-geography/S01001158,S01001158,0,0,0,0,0,0,0,0,0,0,0,0,"","","","","",""
http://statistics.gov.scot/id/statistical-geography/S01001159,S01001159,0,0,0,0,0,0,0,0,0,0,0,20,"","","","","",""
http://statistics.gov.scot/id/statistical-geography/S01001160,S01001160,50,37.5,42.86,20,0,0,0,0,0,20,16.67,16.67,"","","","","",""
http://statistics.gov.scot/id/statistical-geography/S01001161,S01001161,20,0,0,11.11,16.67,12.5,0,0,12.5,16.67,16.67,0,"","","","","",""
http://statistics.gov.scot/id/statistical-geography/S01001162,S01001162,0,10,12.5,9.09,12.5,15.38,14.29,7.14,0,0,0,0,"","","","","",""
http://statistics.gov.scot/id/statistical-geography/S01001163,S01001163,35.71,45.45,42.86,36.36,39.13,37.93,45.83,57.14,40,18.75,10.53,16.67,"","","","","",""
http://statistics.gov.scot/id/statistical-geography/S01001164,S01001164,25,33.33,0,0,8.33,18.18,25,23.08,11.76,7.14,0,0,"","","","","",""
http://statistics.gov.scot/id/statistical-geography/S01001165,S01001165,40,41.67,31.25,21.05,18.18,12.5,11.54,14.81,18.52,16.67,16.67,15,"","","","","",""
http://statistics.gov.scot/id/statistical-geography/S01001166,S01001166,36.36,50,40,33.33,25,16.67,0,0,0,33.33,25,40,"","","","","",""
http://statistics.gov.scot/id/statistical-geography/S01001167,S01001167,16.67,12.5,20,9.09,9.09,0,0,0,0,20,25,33.33,"","","","","",""
http://statistics.gov.scot/id/statistical-geography/S01001168,S01001168,13.04,20,26.67,26.67,14.29,6.25,9.52,7.41,6.9,10.34,8.82,6.45,"","","","","",""
http://statistics.gov.scot/id/statistical-geography/S01001169,S01001169,42.86,42.86,10,16.67,17.24,25,30.56,40,35.48,36.36,21.74,28,"","","","","",""
http://statistics.gov.scot/id/statistical-geography/S01001170,S01001170,38.46,40,33.33,29.17,23.08,12.5,12.9,19.35,28,22.73,21.05,17.65,"","","","","",""
http://statistics.gov.scot/id/statistical-geography/S01001171,S01001171,0,0,11.11,18.18,22.22,11.11,0,8.33,13.33,14.29,17.65,12.5,"","","","","",""
http://statistics.gov.scot/id/statistical-geography/S01001172,S01001172,33.33,16.67,22.22,14.29,33.33,23.81,25,20.83,22.22,31.58,30.77,30.77,"","","","","",""
http://statistics.gov.scot/id/statistical-geography/S01001173,S01001173,36.84,21.43,41.67,42.11,30.77,25.81,18.75,21.74,22.22,13.33,25,33.33,"","","","","",""
http://statistics.gov.scot/id/statistical-geography/S01001174,S01001174,25,33.33,37.5,46.15,31.58,22.22,11.11,20,25,26.32,10,4.76,"","","","","",""
http://statistics.gov.scot/id/statistical-geography/S01001175,S01001175,26.67,21.43,15,29.63,28.95,29.41,22.22,23.08,22.22,33.33,23.53,35.71,"","","","","",""
http://statistics.gov.scot/id/statistical-geography/S01001176,S01001176,45.45,50,62.5,25,16.67,22.22,9.09,16.67,14.29,21.43,25,25,"","","","","",""
http://statistics.gov.scot/id/statistical-geography/S01001177,S01001177,15.38,15.38,30,23.53,18.18,7.69,5.56,15,19.05,15,6.25,0,"","","","","",""
http://statistics.gov.scot/id/statistical-geography/S01001178,S01001178,28.57,20,25,14.29,12.5,18.18,12.5,9.09,0,0,14.29,14.29,"","","","","",""
http://statistics.gov.scot/id/statistical-geography/S01001179,S01001179,0,0,0,0,0,0,0,0,0,12.5,16.67,20,"","","","","",""
http://statistics.gov.scot/id/statistical-geography/S01001180,S01001180,33.33,33.33,23.08,9.09,0,11.11,27.27,27.78,40,33.33,30,16.67,"","","","","",""
http://statistics.gov.scot/id/statistical-geography/S01001181,S01001181,0,0,0,0,0,0,0,0,0,20,11.11,7.69,"","","","","",""
http://statistics.gov.scot/id/statistical-geography/S01001182,S01001182,31.58,35.71,38.46,41.18,26.92,27.27,9.52,5.26,15.38,22.22,26.92,30.77,"","","","","",""
http://statistics.gov.scot/id/statistical-geography/S01001183,S01001183,33.33,38.46,21.43,26.32,13.64,13.04,0,0,12.5,25,33.33,42.86,"","","","","",""
http://statistics.gov.scot/id/statistical-geography/S01001184,S01001184,17.65,9.09,8.33,9.09,0,0,0,0,0,0,0,0,"","","","","",""
http://statistics.gov.scot/id/statistical-geography/S01001185,S01001185,0,0,0,0,7.14,6.67,7.69,0,0,0,0,0,"","","","","",""
http://statistics.gov.scot/id/statistical-geography/S01001186,S01001186,0,0,0,0,0,0,0,0,0,0,0,0,"","","","","",""
http://statistics.gov.scot/id/statistical-geography/S01001187,S01001187,53.85,57.14,50,38.89,27.27,29.17,19.23,28,27.27,29.41,11.76,0,"","","","","",""
http://statistics.gov.scot/id/statistical-geography/S01001188,S01001188,0,7.14,30,33.33,22.22,10.53,8.33,11.76,16.67,21.43,22.22,25,"","","","","",""
http://statistics.gov.scot/id/statistical-geography/S01001189,S01001189,0,0,0,0,0,0,0,0,0,12.5,14.29,11.76,"","","","","",""
http://statistics.gov.scot/id/statistical-geography/S01001190,S01001190,16.67,25,0,0,0,0,0,0,0,0,0,0,"","","","","",""
http://statistics.gov.scot/id/statistical-geography/S01001191,S01001191,14.29,13.33,12.5,7.69,7.14,7.69,20,26.67,27.78,33.33,20,23.08,"","","","","",""
http://statistics.gov.scot/id/statistical-geography/S01001192,S01001192,41.67,23.53,6.67,0,23.08,23.08,33.33,22.22,23.81,14.29,15.79,18.75,"","","","","",""
http://statistics.gov.scot/id/statistical-geography/S01001193,S01001193,0,0,0,0,0,0,0,0,0,0,0,0,"","","","","",""
http://statistics.gov.scot/id/statistical-geography/S01001194,S01001194,11.11,0,9.09,10,11.11,0,0,0,0,0,0,0,"","","","","",""
http://statistics.gov.scot/id/statistical-geography/S01001195,S01001195,33.33,33.33,20,12.5,16.67,40,20,22.22,25,40,33.33,8.33,"","","","","",""
http://statistics.gov.scot/id/statistical-geography/S01001196,S01001196,7.14,16.67,29.41,40,26.92,19.23,9.52,10.53,9.52,13.79,13.79,13.04,"","","","","",""
http://statistics.gov.scot/id/statistical-geography/S01001197,S01001197,66.67,33.33,37.5,15.38,12.5,0,0,0,11.11,25,22.22,16.67,"","","","","",""
http://statistics.gov.scot/id/statistical-geography/S01001198,S01001198,16.67,16.67,14.29,15.38,18.75,28,29.17,27.78,30,37.5,25,8.33,"","","","","",""
http://statistics.gov.scot/id/statistical-geography/S01001199,S01001199,16.67,18.18,8.33,30.77,20,37.04,37.04,61.11,46.15,40,18.75,23.53,"","","","","",""
http://statistics.gov.scot/id/statistical-geography/S01001200,S01001200,52.63,57.14,40,33.33,18.18,30,31.43,38.71,40,44.83,37.04,29.63,"","","","","",""
http://statistics.gov.scot/id/statistical-geography/S01001201,S01001201,9.09,25,43.75,38.89,31.58,17.39,11.11,15.38,21.74,35.29,28.57,15.38,"","","","","",""
http://statistics.gov.scot/id/statistical-geography/S01001202,S01001202,60,50,33.33,18.18,20,10,16.67,13.33,14.29,0,0,16.67,"","","","","",""
http://statistics.gov.scot/id/statistical-geography/S01001203,S01001203,30.77,43.75,33.33,53.85,35.71,37.5,18.75,31.25,28.57,28.57,23.08,30.77,"","","","","",""
http://statistics.gov.scot/id/statistical-geography/S01001204,S01001204,33.33,20,33.33,0,0,0,0,0,0,0,0,0,"","","","","",""
http://statistics.gov.scot/id/statistical-geography/S01001205,S01001205,0,0,0,5.26,8.7,8.33,6.67,0,5,4.55,6.67,0,"","","","","",""
http://statistics.gov.scot/id/statistical-geography/S01001206,S01001206,20,33.33,25,20,9.09,23.53,23.53,26.32,20,11.76,19.05,14.29,"","","","","",""
http://statistics.gov.scot/id/statistical-geography/S01001207,S01001207,50,62.5,50,22.22,33.33,25,25,0,37.5,33.33,40,37.5,"","","","","",""
http://statistics.gov.scot/id/statistical-geography/S01001208,S01001208,55.56,33.33,40,35,42.86,41.18,33.33,44.44,33.33,33.33,27.27,25,"","","","","",""
http://statistics.gov.scot/id/statistical-geography/S01001209,S01001209,21.43,12.5,12.5,0,0,9.09,15.79,20,23.08,16.67,15.38,6.67,"","","","","",""
http://statistics.gov.scot/id/statistical-geography/S01001210,S01001210,25,40,58.33,63.16,47.62,37.5,20.83,25,20,31.58,26.67,42.86,"","","","","",""
http://statistics.gov.scot/id/statistical-geography/S01001211,S01001211,22.22,30,15.38,9.09,12.5,13.33,13.33,0,12.5,14.29,16.67,15.38,"","","","","",""
http://statistics.gov.scot/id/statistical-geography/S01001212,S01001212,60,42.86,68.75,56.52,42.86,32.14,32,46.67,42.86,31.25,36.84,43.75,"","","","","",""
http://statistics.gov.scot/id/statistical-geography/S01001213,S01001213,60,73.33,73.33,73.33,63.16,50,43.75,35.71,38.89,31.25,20,12.5,"","","","","",""
http://statistics.gov.scot/id/statistical-geography/S01001214,S01001214,66.67,40,33.33,14.29,14.29,0,16.67,16.67,16.67,9.09,14.29,11.11,"","","","","",""
http://statistics.gov.scot/id/statistical-geography/S01001215,S01001215,0,0,0,0,6.67,16.67,13.04,10.53,0,0,0,0,"","","","","",""
http://statistics.gov.scot/id/statistical-geography/S01001216,S01001216,38.89,44.44,42.11,35,26.09,37.5,40.74,39.29,32.14,30.43,36.84,26.67,"","","","","",""
http://statistics.gov.scot/id/statistical-geography/S01001217,S01001217,42.86,33.33,13.33,8,11.76,13.89,25,33.33,44.83,34.62,27.27,16.67,"","","","","",""
http://statistics.gov.scot/id/statistical-geography/S01001218,S01001218,5.26,6.25,5,0,5.56,9.09,8.7,9.09,12.5,13.33,7.69,0,"","","","","",""
http://statistics.gov.scot/id/statistical-geography/S01001219,S01001219,12.5,9.09,7.14,0,4.17,4,6.9,5,11.11,16.67,15.38,7.14,"","","","","",""
http://statistics.gov.scot/id/statistical-geography/S01001220,S01001220,75,40,33.33,27.27,36.36,33.33,33.33,38.46,38.46,44.44,16.67,14.29,"","","","","",""
http://statistics.gov.scot/id/statistical-geography/S01001221,S01001221,0,0,0,7.14,4.17,8.33,9.09,9.52,3.33,2.56,2.44,5.56,"","","","","",""
http://statistics.gov.scot/id/statistical-geography/S01001222,S01001222,30,0,0,0,18.75,20,21.05,22.22,23.08,27.27,0,0,"","","","","",""
http://statistics.gov.scot/id/statistical-geography/S01001223,S01001223,11.11,22.22,14.29,9.09,0,12.5,21.43,21.43,20,28.57,29.41,30,"","","","","",""
http://statistics.gov.scot/id/statistical-geography/S01001224,S01001224,75,63.64,58.33,66.67,57.14,33.33,22.73,24,34.78,33.33,33.33,26.92,"","","","","",""
http://statistics.gov.scot/id/statistical-geography/S01001225,S01001225,0,0,0,0,0,11.11,22.22,25,14.29,10,18.18,21.43,"","","","","",""
http://statistics.gov.scot/id/statistical-geography/S01001226,S01001226,30,29.41,44.44,42.11,46.15,34.38,33.33,21.74,25,15.38,12.5,0,"","","","","",""
http://statistics.gov.scot/id/statistical-geography/S01001227,S01001227,6.67,6.67,12.5,9.09,13.33,15,14.29,10.53,5,0,0,0,"","","","","",""
http://statistics.gov.scot/id/statistical-geography/S01001228,S01001228,0,0,0,0,8.33,7.14,10,0,0,40,50,28.57,"","","","","",""
http://statistics.gov.scot/id/statistical-geography/S01001229,S01001229,16.67,7.69,0,0,0,11.11,11.11,10,0,0,0,0,"","","","","",""
http://statistics.gov.scot/id/statistical-geography/S01001230,S01001230,16.67,20,23.08,46.67,53.33,55,50,52.17,50,38.46,25,22.22,"","","","","",""
http://statistics.gov.scot/id/statistical-geography/S01001231,S01001231,30,27.27,12.5,14.29,21.43,11.76,10,5.88,12.5,16.67,21.05,15,"","","","","",""
http://statistics.gov.scot/id/statistical-geography/S01001232,S01001232,6.25,3.7,0,2.7,2.94,2.27,0,0,1.82,1.96,2,0,"","","","","",""
http://statistics.gov.scot/id/statistical-geography/S01001233,S01001233,47.06,61.11,55.56,38.46,27.03,22.5,26.32,27.59,28.57,30.43,27.27,23.53,"","","","","",""
http://statistics.gov.scot/id/statistical-geography/S01001234,S01001234,36.36,22.22,28.57,33.33,25,13.33,6.67,7.69,0,0,20,14.29,"","","","","",""
http://statistics.gov.scot/id/statistical-geography/S01001235,S01001235,50,55.56,35.71,21.05,24,21.43,21.21,15.15,16.67,16.67,15.38,7.14,"","","","","",""
http://statistics.gov.scot/id/statistical-geography/S01001236,S01001236,57.14,54.55,53.85,50,35.29,33.33,31.82,37.04,36,47.83,46.67,33.33,"","","","","",""
http://statistics.gov.scot/id/statistical-geography/S01001237,S01001237,33.33,27.27,16.67,10,15.38,16.67,23.08,16.67,22.22,12.5,10,0,"","","","","",""
http://statistics.gov.scot/id/statistical-geography/S01001238,S01001238,43.75,38.46,50,44.44,39.13,45,47.37,56.25,38.46,33.33,33.33,28.57,"","","","","",""
http://statistics.gov.scot/id/statistical-geography/S01001239,S01001239,59.26,42.11,31.25,12.5,20,13.04,30,38.46,41.67,30,10,14.29,"","","","","",""
http://statistics.gov.scot/id/statistical-geography/S01001240,S01001240,25,30.77,30.77,41.67,25,25,35.71,33.33,40,33.33,40,27.27,"","","","","",""
http://statistics.gov.scot/id/statistical-geography/S01001241,S01001241,46.67,46.15,41.67,50,44.44,30,23.08,28.57,40,54.55,50,37.5,"","","","","",""
http://statistics.gov.scot/id/statistical-geography/S01001242,S01001242,0,0,7.14,6.67,3.7,6.9,8.57,16,7.14,8.33,4,6.25,"","","","","",""
http://statistics.gov.scot/id/statistical-geography/S01001243,S01001243,14.29,14.29,11.11,12.5,7.41,11.76,13.89,21.88,26.09,31.58,37.5,25,"","","","","",""
http://statistics.gov.scot/id/statistical-geography/S01001244,S01001244,0,0,8.33,20,17.39,12,8.7,18.18,21.74,22.22,24,29.17,"","","","","",""
http://statistics.gov.scot/id/statistical-geography/S01001245,S01001245,42.86,50,54.55,43.75,27.27,21.21,18.18,20.69,29.41,50,50,28.57,"","","","","",""
http://statistics.gov.scot/id/statistical-geography/S01001246,S01001246,28.57,40,14.29,16.67,21.05,27.78,28.57,30,33.33,18.18,10,18.18,"","","","","",""
http://statistics.gov.scot/id/statistical-geography/S01001247,S01001247,75,66.67,54.55,41.67,28.57,7.14,15.38,40,50,50,0,0,"","","","","",""
http://statistics.gov.scot/id/statistical-geography/S01001248,S01001248,0,0,9.09,12.5,11.11,5.56,0,0,8.33,20,27.78,30,"","","","","",""
http://statistics.gov.scot/id/statistical-geography/S01001249,S01001249,75,66.67,50,18.18,15.79,17.39,20,25,14.29,7.14,16.67,22.22,"","","","","",""
http://statistics.gov.scot/id/statistical-geography/S01001250,S01001250,30.77,40,40,7.14,10.53,15,26.67,22.22,16.67,12.5,11.11,16.67,"","","","","",""
http://statistics.gov.scot/id/statistical-geography/S01001251,S01001251,23.08,37.5,57.14,44.44,30,22.22,14.29,20,30.77,41.67,36.36,16.67,"","","","","",""
http://statistics.gov.scot/id/statistical-geography/S01001252,S01001252,20,16.67,12.5,10,9.09,8.33,8.33,9.09,25,30,45.45,46.15,"","","","","",""
http://statistics.gov.scot/id/statistical-geography/S01001253,S01001253,63.64,75,50,31.03,17.24,13.79,10.53,16.67,27.27,33.33,28.57,40,"","","","","",""
http://statistics.gov.scot/id/statistical-geography/S01001254,S01001254,55.56,71.43,62.5,33.33,16.67,25,40,50,41.67,25,23.08,25,"","","","","",""
http://statistics.gov.scot/id/statistical-geography/S01001255,S01001255,43.75,41.18,36.84,20,25.71,24.32,30.56,27.59,33.33,40,47.06,43.75,"","","","","",""
http://statistics.gov.scot/id/statistical-geography/S01001256,S01001256,16.67,27.27,30,20,8.33,14.29,21.05,28.57,38.46,30,25,10,"","","","","",""
http://statistics.gov.scot/id/statistical-geography/S01001257,S01001257,50,25,14.29,20,18.75,15.79,16.67,36,44.44,58.82,61.54,42.86,"","","","","",""
http://statistics.gov.scot/id/statistical-geography/S01001258,S01001258,25,20,33.33,42.86,40,42.86,50,61.54,60,40,20,12.5,"","","","","",""
http://statistics.gov.scot/id/statistical-geography/S01001259,S01001259,22.22,10,25,16.67,25,16.67,27.27,33.33,22.22,12.5,0,0,"","","","","",""
http://statistics.gov.scot/id/statistical-geography/S01001260,S01001260,50,45.45,38.89,25,25,19.51,28.57,45.45,70.59,62.5,41.18,41.67,"","","","","",""
http://statistics.gov.scot/id/statistical-geography/S01001261,S01001261,41.67,41.18,42.11,46.88,30.77,30.95,22.22,29.63,22.73,23.53,26.32,38.1,"","","","","",""
http://statistics.gov.scot/id/statistical-geography/S01001262,S01001262,0,0,0,0,0,0,0,0,14.29,20,10,0,"","","","","",""
http://statistics.gov.scot/id/statistical-geography/S01001263,S01001263,18.18,28.57,40,0,0,0,0,33.33,25,33.33,20,33.33,"","","","","",""
http://statistics.gov.scot/id/statistical-geography/S01001264,S01001264,6.67,5.56,0,0,2.63,7.14,7.84,10.42,7.55,10.87,6.98,5.71,"","","","","",""
http://statistics.gov.scot/id/statistical-geography/S01001265,S01001265,0,0,5,9.09,11.76,5.56,0,4.76,5.26,6.67,0,0,"","","","","",""
http://statistics.gov.scot/id/statistical-geography/S01001266,S01001266,9.09,0,0,8.33,5.88,8.7,13.64,16.67,17.65,12.5,10.53,5.56,"","","","","",""
http://statistics.gov.scot/id/statistical-geography/S01001267,S01001267,31.82,40,37.5,34.78,19.05,13.33,7.14,8.33,11.76,7.69,11.76,10,"","","","","",""
http://statistics.gov.scot/id/statistical-geography/S01001268,S01001268,0,0,9.09,15.38,16.67,16.67,23.08,25,8.33,0,0,0,"","","","","",""
http://statistics.gov.scot/id/statistical-geography/S01001269,S01001269,28.57,33.33,25,0,0,16.67,20,16.67,14.29,12.5,11.11,0,"","","","","",""
http://statistics.gov.scot/id/statistical-geography/S01001270,S01001270,90,85.71,63.64,55.56,38.46,30,22.22,40,40,40,33.33,33.33,"","","","","",""
http://statistics.gov.scot/id/statistical-geography/S01001271,S01001271,66.67,54.55,18.18,26.32,35,52.17,66.67,50,37.5,30,40,30,"","","","","",""
http://statistics.gov.scot/id/statistical-geography/S01001272,S01001272,28.57,30,22.22,22.22,0,0,12.5,16.67,50,25,28.57,20,"","","","","",""
http://statistics.gov.scot/id/statistical-geography/S01001273,S01001273,50,"",0,0,12.5,16.67,16.67,0,0,0,0,8.33,"","","","","",""
http://statistics.gov.scot/id/statistical-geography/S01001274,S01001274,30,40,16.67,18.18,16.67,25,44.44,30.77,25,14.29,21.43,13.33,"","","","","",""
http://statistics.gov.scot/id/statistical-geography/S01001275,S01001275,11.11,16.67,33.33,66.67,57.14,50,40,44.44,33.33,22.22,11.11,0,"","","","","",""
http://statistics.gov.scot/id/statistical-geography/S01001276,S01001276,0,0,25,20,40,16.67,16.67,0,0,0,0,0,"","","","","",""
http://statistics.gov.scot/id/statistical-geography/S01001277,S01001277,28.57,16.67,10,0,0,33.33,33.33,44.44,37.5,40,25,14.29,"","","","","",""
http://statistics.gov.scot/id/statistical-geography/S01001278,S01001278,55.56,66.67,100,0,0,0,0,0,25,25,20,0,"","","","","",""
http://statistics.gov.scot/id/statistical-geography/S01001279,S01001279,37.5,36.84,42.11,43.75,29.41,8.33,21.43,25,23.08,18.18,22.22,25,"","","","","",""
http://statistics.gov.scot/id/statistical-geography/S01001280,S01001280,40,37.5,20,14.29,0,0,0,0,0,33.33,42.86,71.43,"","","","","",""
http://statistics.gov.scot/id/statistical-geography/S01001281,S01001281,0,50,62.5,75,57.14,60,42.86,30,27.27,23.08,20,21.43,"","","","","",""
http://statistics.gov.scot/id/statistical-geography/S01001282,S01001282,16.67,20,0,0,0,0,0,0,10,20,37.5,33.33,"","","","","",""
http://statistics.gov.scot/id/statistical-geography/S01001283,S01001283,0,66.67,57.14,66.67,0,0,20,11.11,11.11,0,16.67,20,"","","","","",""
http://statistics.gov.scot/id/statistical-geography/S01001284,S01001284,30.77,26.67,16.67,10.53,11.11,9.09,12.5,5.26,4.35,4.35,5.56,21.43,"","","","","",""
http://statistics.gov.scot/id/statistical-geography/S01001285,S01001285,9.09,15.38,7.69,11.11,0,0,9.09,10,7.14,10,20,27.27,"","","","","",""
http://statistics.gov.scot/id/statistical-geography/S01001286,S01001286,8.33,10,11.11,30.77,38.46,50,25,15.38,15.38,16.67,15.38,0,"","","","","",""
http://statistics.gov.scot/id/statistical-geography/S01001287,S01001287,27.78,19.05,28.57,33.33,54.55,56.25,50,44.44,30.77,25,26.67,33.33,"","","","","",""
http://statistics.gov.scot/id/statistical-geography/S01001288,S01001288,42.86,12.5,26.67,20,15.79,0,10.53,20,27.27,22.22,20,21.43,"","","","","",""
http://statistics.gov.scot/id/statistical-geography/S01001289,S01001289,16.67,26.67,33.33,30,28.57,22.22,25,23.08,28.57,33.33,18.18,0,"","","","","",""
http://statistics.gov.scot/id/statistical-geography/S01001290,S01001290,57.14,66.67,40,28.57,0,14.29,12.5,10,0,20,25,27.27,"","","","","",""
http://statistics.gov.scot/id/statistical-geography/S01001291,S01001291,33.33,33.33,20,0,12.5,12.5,10,8.33,21.43,30,28.57,0,"","","","","",""
http://statistics.gov.scot/id/statistical-geography/S01001292,S01001292,25,30,41.67,33.33,25,20,27.27,27.27,28.57,23.53,20,17.39,"","","","","",""
http://statistics.gov.scot/id/statistical-geography/S01001293,S01001293,0,8.33,15.38,18.18,10,30.77,35.71,40,35.71,26.32,31.25,23.53,"","","","","",""
http://statistics.gov.scot/id/statistical-geography/S01001294,S01001294,61.54,41.67,33.33,41.18,56.25,60,30,11.11,25,36.36,53.85,60,"","","","","",""
http://statistics.gov.scot/id/statistical-geography/S01001295,S01001295,16.67,14.29,20,0,0,0,0,0,0,16.67,40,57.14,"","","","","",""
http://statistics.gov.scot/id/statistical-geography/S01001296,S01001296,0,11.11,12.5,37.5,28.57,33.33,33.33,45.45,33.33,30.77,10,11.11,"","","","","",""
http://statistics.gov.scot/id/statistical-geography/S01001297,S01001297,52.38,41.67,50,50,33.33,27.27,25,13.33,11.76,15.79,20,33.33,"","","","","",""
http://statistics.gov.scot/id/statistical-geography/S01001298,S01001298,23.53,18.75,14.29,28.57,36.36,44.44,27.27,23.53,25,27.27,28.57,30,"","","","","",""
http://statistics.gov.scot/id/statistical-geography/S01001299,S01001299,41.67,25,25,22.22,25,25,23.08,18.18,16.67,11.11,30,38.89,"","","","","",""
http://statistics.gov.scot/id/statistical-geography/S01001300,S01001300,25,12.5,9.09,0,0,11.11,20,22.22,25,20.83,16.67,7.69,"","","","","",""
http://statistics.gov.scot/id/statistical-geography/S01001301,S01001301,25,25,20,25,25,37.5,50,60,40,50,16.67,14.29,"","","","","",""
http://statistics.gov.scot/id/statistical-geography/S01001302,S01001302,0,0,0,0,0,14.29,25,16.67,0,0,0,0,"","","","","",""
http://statistics.gov.scot/id/statistical-geography/S01001303,S01001303,0,0,0,0,0,0,8.33,7.69,7.14,0,5.26,5.88,"","","","","",""
http://statistics.gov.scot/id/statistical-geography/S01001304,S01001304,0,0,9.09,10,7.14,0,0,5.26,5.56,5,0,13.33,"","","","","",""
http://statistics.gov.scot/id/statistical-geography/S01001305,S01001305,12.5,0,7.14,7.14,18.18,12.5,22.22,18.18,28.57,22.22,11.11,6.67,"","","","","",""
http://statistics.gov.scot/id/statistical-geography/S01001306,S01001306,0,50,60,37.5,30,10,20,9.09,20,16.67,27.78,21.43,"","","","","",""
http://statistics.gov.scot/id/statistical-geography/S01001307,S01001307,28.57,25,14.29,10.53,4.55,0,14.29,10.53,16.67,12,20,16.67,"","","","","",""
http://statistics.gov.scot/id/statistical-geography/S01001308,S01001308,36.84,33.33,37.5,36.36,25,18.18,20,21.43,23.08,17.65,11.11,11.76,"","","","","",""
http://statistics.gov.scot/id/statistical-geography/S01001309,S01001309,40,16.67,27.27,29.41,36.84,36.84,30.77,20,21.43,26.67,36.36,30.77,"","","","","",""
http://statistics.gov.scot/id/statistical-geography/S01001310,S01001310,29.41,33.33,30,36.36,33.33,33.33,33.33,33.33,10,12.5,12.5,11.11,"","","","","",""
http://statistics.gov.scot/id/statistical-geography/S01001311,S01001311,40,33.33,33.33,40,66.67,50,50,25,14.29,10,10,11.11,"","","","","",""
http://statistics.gov.scot/id/statistical-geography/S01001312,S01001312,64.29,57.14,22.22,41.67,41.67,37.5,20,12.5,17.65,28.57,35.71,50,"","","","","",""
http://statistics.gov.scot/id/statistical-geography/S01001313,S01001313,14.29,0,0,0,0,0,12.5,7.69,11.76,14.29,20,28.57,"","","","","",""
http://statistics.gov.scot/id/statistical-geography/S01001314,S01001314,0,0,0,0,0,10,8.33,8.33,23.08,27.27,25,0,"","","","","",""
http://statistics.gov.scot/id/statistical-geography/S01001315,S01001315,12.5,11.11,20,21.43,23.08,20,15.38,23.08,20,18.18,0,0,"","","","","",""
http://statistics.gov.scot/id/statistical-geography/S01001316,S01001316,30.77,33.33,46.67,35.71,33.33,37.5,50,47.06,43.75,29.41,18.75,11.11,"","","","","",""
http://statistics.gov.scot/id/statistical-geography/S01001317,S01001317,11.11,12.5,11.11,10,9.09,22.22,11.11,16.67,16.67,18.75,18.18,16.67,"","","","","",""
http://statistics.gov.scot/id/statistical-geography/S01001318,S01001318,12.5,16.67,20,0,12.5,11.11,20,0,0,0,0,0,"","","","","",""
http://statistics.gov.scot/id/statistical-geography/S01001319,S01001319,12.5,20,14.29,33.33,12.5,12.5,25,25,30,14.29,16.67,20,"","","","","",""
http://statistics.gov.scot/id/statistical-geography/S01001320,S01001320,28.57,33.33,31.25,30.77,20,0,0,6.67,30,50,41.67,36.36,"","","","","",""
http://statistics.gov.scot/id/statistical-geography/S01001321,S01001321,0,0,0,0,9.09,10,7.69,0,0,0,0,10,"","","","","",""
http://statistics.gov.scot/id/statistical-geography/S01001322,S01001322,0,0,0,0,0,0,12.5,14.29,20,20,16.67,0,"","","","","",""
http://statistics.gov.scot/id/statistical-geography/S01001323,S01001323,20,25,21.43,18.75,12.5,17.65,14.29,28.57,25,18.18,33.33,36.36,"","","","","",""
http://statistics.gov.scot/id/statistical-geography/S01001324,S01001324,35,41.67,57.89,54.55,59.26,50,56.52,50,43.48,39.13,36,40.91,"","","","","",""
http://statistics.gov.scot/id/statistical-geography/S01001325,S01001325,41.67,33.33,36.84,33.33,34.78,29.41,28.57,18.18,38.89,45,50,41.67,"","","","","",""
http://statistics.gov.scot/id/statistical-geography/S01001326,S01001326,10,9.09,14.29,18.75,14.29,22.22,12.5,27.27,23.53,21.05,17.65,8.33,"","","","","",""
http://statistics.gov.scot/id/statistical-geography/S01001327,S01001327,35.71,38.46,50,36.36,30.77,18.75,26.67,27.27,41.67,33.33,18.18,9.09,"","","","","",""
http://statistics.gov.scot/id/statistical-geography/S01001328,S01001328,23.08,18.18,15.38,11.11,18.18,20,14.29,7.69,7.69,0,8.33,28.57,"","","","","",""
http://statistics.gov.scot/id/statistical-geography/S01001329,S01001329,75,40,20,12.5,16.67,25,20,16.67,16.67,33.33,25,33.33,"","","","","",""
http://statistics.gov.scot/id/statistical-geography/S01001330,S01001330,0,9.09,11.11,10,0,0,14.29,30,23.08,14.29,0,0,"","","","","",""
http://statistics.gov.scot/id/statistical-geography/S01001331,S01001331,0,0,0,27.27,17.65,23.53,19.05,19.05,12.5,0,6.25,13.33,"","","","","",""
http://statistics.gov.scot/id/statistical-geography/S01001332,S01001332,11.11,5.26,16.67,22.22,20,11.11,7.69,23.08,29.41,26.67,20,11.76,"","","","","",""
http://statistics.gov.scot/id/statistical-geography/S01001333,S01001333,23.53,30,30.77,42.86,30,28.57,23.08,30.77,28.57,30,16.67,11.11,"","","","","",""
http://statistics.gov.scot/id/statistical-geography/S01001334,S01001334,25,27.78,31.58,29.41,23.53,14.29,13.33,11.76,20,21.43,20,18.18,"","","","","",""
http://statistics.gov.scot/id/statistical-geography/S01001335,S01001335,27.27,30,20,13.33,23.53,33.33,38.46,22.22,11.11,13.64,7.14,17.65,"","","","","",""
http://statistics.gov.scot/id/statistical-geography/S01001336,S01001336,55.56,41.67,25,25,25,40,20,25,15.38,9.09,7.69,7.14,"","","","","",""
http://statistics.gov.scot/id/statistical-geography/S01001337,S01001337,22.22,11.11,0,0,11.11,12.5,14.29,0,0,0,0,0,"","","","","",""
http://statistics.gov.scot/id/statistical-geography/S01001338,S01001338,66.67,70,77.78,66.67,42.86,33.33,33.33,40,66.67,50,33.33,11.11,"","","","","",""
http://statistics.gov.scot/id/statistical-geography/S01001339,S01001339,30.77,36.36,25,0,0,0,15.38,25,37.5,14.29,0,0,"","","","","",""
http://statistics.gov.scot/id/statistical-geography/S01001340,S01001340,18.75,8.33,12.5,14.29,14.29,0,14.29,7.69,13.33,16.67,28.57,30,"","","","","",""
http://statistics.gov.scot/id/statistical-geography/S01001341,S01001341,26.67,33.33,30.77,42.86,50,42.86,13.33,0,0,6.67,5.88,5.56,"","","","","",""
http://statistics.gov.scot/id/statistical-geography/S01001342,S01001342,36.36,45.45,45.45,30.77,16.67,9.09,0,0,0,14.29,12.5,30,"","","","","",""
http://statistics.gov.scot/id/statistical-geography/S01001343,S01001343,28.57,11.11,0,0,10,20,20,12.5,13.33,17.65,15.79,18.18,"","","","","",""
http://statistics.gov.scot/id/statistical-geography/S01001344,S01001344,14.29,16.67,16.67,0,0,0,12.5,9.09,10,0,0,0,"","","","","",""
http://statistics.gov.scot/id/statistical-geography/S01001345,S01001345,42.86,14.29,0,33.33,42.86,50,20,16.67,0,0,22.22,40,"","","","","",""
http://statistics.gov.scot/id/statistical-geography/S01001346,S01001346,0,0,11.11,7.14,5.26,0,0,0,11.11,8.33,6.67,0,"","","","","",""
http://statistics.gov.scot/id/statistical-geography/S01001347,S01001347,20,16.67,11.11,0,0,0,10,12.5,27.27,16.67,15.38,0,"","","","","",""
http://statistics.gov.scot/id/statistical-geography/S01001348,S01001348,36.36,38.46,41.67,36.36,28.57,14.29,0,0,11.11,7.69,16.67,11.11,"","","","","",""
http://statistics.gov.scot/id/statistical-geography/S01001349,S01001349,0,0,10,14.29,12.5,0,0,0,0,0,0,9.09,"","","","","",""
http://statistics.gov.scot/id/statistical-geography/S01001350,S01001350,14.29,0,20,33.33,33.33,33.33,33.33,44.44,60,50,25,25,"","","","","",""
http://statistics.gov.scot/id/statistical-geography/S01001351,S01001351,0,0,0,0,6.67,8.33,11.11,0,0,0,0,0,"","","","","",""
http://statistics.gov.scot/id/statistical-geography/S01001352,S01001352,6.67,0,10,12.5,20,0,0,0,0,12.5,14.29,12.5,"","","","","",""
http://statistics.gov.scot/id/statistical-geography/S01001353,S01001353,0,0,0,0,0,0,0,0,0,0,0,2.38,"","","","","",""
http://statistics.gov.scot/id/statistical-geography/S01001354,S01001354,23.08,0,0,18.18,15.38,20,0,0,8.33,20,26.67,26.67,"","","","","",""
http://statistics.gov.scot/id/statistical-geography/S01001355,S01001355,0,0,0,27.27,40,35.29,20,0,0,11.11,20,22.22,"","","","","",""
http://statistics.gov.scot/id/statistical-geography/S01001356,S01001356,0,0,0,0,0,0,0,0,0,0,0,0,"","","","","",""
http://statistics.gov.scot/id/statistical-geography/S01001357,S01001357,13.33,13.33,14.29,0,25,25,21.43,7.14,0,7.69,15.38,16.67,"","","","","",""
http://statistics.gov.scot/id/statistical-geography/S01001358,S01001358,0,9.09,20,25,28.57,16.67,11.11,10,11.11,10,0,0,"","","","","",""
http://statistics.gov.scot/id/statistical-geography/S01001359,S01001359,0,0,16.67,33.33,28.57,42.86,22.22,28.57,0,0,0,0,"","","","","",""
http://statistics.gov.scot/id/statistical-geography/S01001360,S01001360,20,18.18,11.11,9.09,7.69,7.69,7.14,21.74,26.09,26.32,7.69,6.67,"","","","","",""
http://statistics.gov.scot/id/statistical-geography/S01001361,S01001361,18.18,18.18,15.38,14.29,13.33,7.14,7.69,0,0,0,0,0,"","","","","",""
http://statistics.gov.scot/id/statistical-geography/S01001362,S01001362,20,20,20,20,0,0,50,33.33,25,0,0,0,"","","","","",""
http://statistics.gov.scot/id/statistical-geography/S01001363,S01001363,18.18,28.57,28.57,20,0,10,10,11.11,0,0,0,0,"","","","","",""
http://statistics.gov.scot/id/statistical-geography/S01001364,S01001364,21.43,10,14.29,15.38,11.11,15.79,21.05,28.57,33.33,18.18,17.65,7.69,"","","","","",""
http://statistics.gov.scot/id/statistical-geography/S01001365,S01001365,20,25,16.67,18.18,12.5,14.29,10,10,12.5,0,0,0,"","","","","",""
http://statistics.gov.scot/id/statistical-geography/S01001366,S01001366,0,0,0,0,0,0,0,0,14.29,16.67,14.29,0,"","","","","",""
http://statistics.gov.scot/id/statistical-geography/S01001367,S01001367,33.33,25,0,0,0,0,11.11,14.29,20,11.11,16.67,10,"","","","","",""
http://statistics.gov.scot/id/statistical-geography/S01001368,S01001368,15.38,7.69,0,0,0,6.67,6.25,7.14,0,0,0,0,"","","","","",""
http://statistics.gov.scot/id/statistical-geography/S01001369,S01001369,20,10,9.09,8.33,21.43,33.33,35.71,21.43,12.5,11.76,16.67,13.33,"","","","","",""
http://statistics.gov.scot/id/statistical-geography/S01001370,S01001370,16.67,8.33,0,14.29,10,8.33,0,0,0,0,0,0,"","","","","",""
http://statistics.gov.scot/id/statistical-geography/S01001371,S01001371,0,0,0,0,0,0,0,0,0,0,0,0,"","","","","",""
http://statistics.gov.scot/id/statistical-geography/S01001372,S01001372,0,12.5,12.5,11.11,0,12.5,20,12.5,0,0,0,0,"","","","","",""
http://statistics.gov.scot/id/statistical-geography/S01001373,S01001373,33.33,50,0,0,0,0,0,0,0,0,0,0,"","","","","",""
http://statistics.gov.scot/id/statistical-geography/S01001374,S01001374,20,0,0,0,0,0,0,0,0,0,0,0,"","","","","",""
http://statistics.gov.scot/id/statistical-geography/S01001375,S01001375,0,14.29,20,20,16.67,0,0,25,25,40,0,0,"","","","","",""
http://statistics.gov.scot/id/statistical-geography/S01001376,S01001376,16.67,17.65,5.88,5.56,0,0,9.09,25,27.78,20,10,5,"","","","","",""
http://statistics.gov.scot/id/statistical-geography/S01001377,S01001377,30,14.29,14.29,9.09,22.22,20,33.33,44.44,45.45,50,33.33,28.57,"","","","","",""
http://statistics.gov.scot/id/statistical-geography/S01001378,S01001378,0,0,0,0,0,0,0,0,14.29,16.67,20,0,"","","","","",""
http://statistics.gov.scot/id/statistical-geography/S01001379,S01001379,13.33,14.29,14.29,11.11,11.11,8.33,16.67,7.69,25,18.18,27.27,11.11,"","","","","",""
http://statistics.gov.scot/id/statistical-geography/S01001380,S01001380,0,0,0,6.67,20,20,10,8.33,7.69,15.38,8.33,17.65,"","","","","",""
http://statistics.gov.scot/id/statistical-geography/S01001381,S01001381,11.11,16.67,10,7.14,14.29,7.69,9.09,7.69,9.09,9.09,0,7.14,"","","","","",""
http://statistics.gov.scot/id/statistical-geography/S01001382,S01001382,50,33.33,25,18.18,33.33,37.5,40,27.27,15.38,17.65,26.67,22.22,"","","","","",""
http://statistics.gov.scot/id/statistical-geography/S01001383,S01001383,50,40,50,16.67,0,0,14.29,15.38,13.33,0,0,0,"","","","","",""
http://statistics.gov.scot/id/statistical-geography/S01001384,S01001384,10,20,38.46,31.58,35,26.67,50,40,33.33,28.57,35.29,27.78,"","","","","",""
http://statistics.gov.scot/id/statistical-geography/S01001385,S01001385,0,0,0,0,20,25,42.86,18.18,30,12.5,13.33,8,"","","","","",""
http://statistics.gov.scot/id/statistical-geography/S01001386,S01001386,33.33,38.89,40,26.92,30.77,25.93,33.33,24,30,36,40.74,37.04,"","","","","",""
http://statistics.gov.scot/id/statistical-geography/S01001387,S01001387,25,42.86,33.33,33.33,12.5,30,37.5,33.33,22.22,16.67,18.18,12.5,"","","","","",""
http://statistics.gov.scot/id/statistical-geography/S01001388,S01001388,33.33,28.57,23.53,26.67,34.62,41.18,40.91,28.57,29.03,22.58,30.3,21.05,"","","","","",""
http://statistics.gov.scot/id/statistical-geography/S01001389,S01001389,0,0,0,0,0,14.29,16.67,33.33,0,0,10,12.5,"","","","","",""
http://statistics.gov.scot/id/statistical-geography/S01001390,S01001390,0,20,25,27.27,16.67,21.43,21.43,20,14.29,0,0,0,"","","","","",""
http://statistics.gov.scot/id/statistical-geography/S01001391,S01001391,30,11.11,8.33,9.09,23.08,23.08,27.27,18.18,25,7.69,9.09,22.22,"","","","","",""
http://statistics.gov.scot/id/statistical-geography/S01001392,S01001392,50,58.33,60,71.43,42.86,25,10,18.18,25,33.33,40,36.36,"","","","","",""
http://statistics.gov.scot/id/statistical-geography/S01001393,S01001393,0,0,0,0,0,0,0,0,0,0,0,0,"","","","","",""
http://statistics.gov.scot/id/statistical-geography/S01001394,S01001394,18.18,28.57,26.67,36.36,18.18,33.33,38.46,35.71,30.77,18.75,21.43,9.09,"","","","","",""
http://statistics.gov.scot/id/statistical-geography/S01001395,S01001395,17.65,23.53,25,22.22,22.22,17.65,18.75,23.08,30.77,37.5,30,20,"","","","","",""
http://statistics.gov.scot/id/statistical-geography/S01001396,S01001396,30.77,21.05,5.88,11.76,20,30,33.33,41.67,35.71,21.43,7.69,8.33,"","","","","",""
http://statistics.gov.scot/id/statistical-geography/S01001397,S01001397,53.33,50,42.86,47.37,40,41.67,47.37,53.85,72.22,57.89,50,31.58,"","","","","",""
http://statistics.gov.scot/id/statistical-geography/S01001398,S01001398,14.29,20,0,0,0,0,0,0,0,0,14.29,16.67,"","","","","",""
http://statistics.gov.scot/id/statistical-geography/S01001399,S01001399,47.62,36,31.82,35,47.06,61.9,45.45,47.62,26.32,31.25,11.76,21.43,"","","","","",""
http://statistics.gov.scot/id/statistical-geography/S01001400,S01001400,14.29,10,15.38,28.57,35.29,42.86,45,42.11,40,23.08,11.76,10,"","","","","",""
http://statistics.gov.scot/id/statistical-geography/S01001401,S01001401,33.33,25,33.33,40,30,22.22,27.27,33.33,23.08,28.57,28.57,33.33,"","","","","",""
http://statistics.gov.scot/id/statistical-geography/S01001402,S01001402,6.67,6.25,6.25,6.67,7.14,0,0,0,0,0,0,0,"","","","","",""
http://statistics.gov.scot/id/statistical-geography/S01001403,S01001403,0,0,3.33,3.33,3.03,0,2.78,2.86,5.56,4.35,10.53,7.69,"","","","","",""
http://statistics.gov.scot/id/statistical-geography/S01001404,S01001404,0,0,0,4,3.45,4.17,0,0,0,0,8.33,12.5,"","","","","",""
http://statistics.gov.scot/id/statistical-geography/S01001405,S01001405,3.57,3.57,4,5.88,5.88,0,0,0,0,0,0,0,"","","","","",""
http://statistics.gov.scot/id/statistical-geography/S01001406,S01001406,11.11,7.69,0,0,0,1.96,4.92,4.55,2.86,0,0,0,"","","","","",""
http://statistics.gov.scot/id/statistical-geography/S01001407,S01001407,0,0,16.67,50,50,30,9.09,0,0,0,0,11.11,"","","","","",""
http://statistics.gov.scot/id/statistical-geography/S01001408,S01001408,10,20,0,22.22,30.77,54.55,62.5,60,25,0,0,27.27,"","","","","",""
http://statistics.gov.scot/id/statistical-geography/S01001409,S01001409,0,0,0,7.69,12.5,14.29,20,22.22,17.65,21.43,15.38,22.22,"","","","","",""
http://statistics.gov.scot/id/statistical-geography/S01001410,S01001410,11.11,13.33,10,5.26,0,11.11,6.67,11.76,18.75,42.86,30,14.29,"","","","","",""
http://statistics.gov.scot/id/statistical-geography/S01001411,S01001411,0,0,0,0,0,0,0,0,0,0,0,0,"","","","","",""
http://statistics.gov.scot/id/statistical-geography/S01001412,S01001412,68.75,70,36.36,0,9.09,22.22,36.36,62.5,44.44,30,23.08,18.75,"","","","","",""
http://statistics.gov.scot/id/statistical-geography/S01001413,S01001413,0,7.14,10,14.29,16.67,9.09,7.14,5.88,6.25,5.88,0,0,"","","","","",""
http://statistics.gov.scot/id/statistical-geography/S01001414,S01001414,27.27,27.27,25,33.33,28.57,11.11,14.29,10,14.29,7.14,11.76,12.5,"","","","","",""
http://statistics.gov.scot/id/statistical-geography/S01001415,S01001415,13.64,10,10,6.67,20,16.67,18.18,0,20,26.67,27.78,15,"","","","","",""
http://statistics.gov.scot/id/statistical-geography/S01001416,S01001416,0,8.33,15.38,15.38,8.33,0,9.09,18.18,27.27,16.67,18.18,20,"","","","","",""
http://statistics.gov.scot/id/statistical-geography/S01001417,S01001417,9.09,0,10,8.33,8.33,0,12.5,9.09,6.67,0,6.67,5.88,"","","","","",""
http://statistics.gov.scot/id/statistical-geography/S01001418,S01001418,0,0,0,16.67,16.67,14.29,9.09,21.43,21.43,15.38,0,0,"","","","","",""
http://statistics.gov.scot/id/statistical-geography/S01001419,S01001419,25,25,25,0,0,11.11,12.5,28.57,33.33,33.33,33.33,0,"","","","","",""
http://statistics.gov.scot/id/statistical-geography/S01001420,S01001420,0,0,0,0,0,0,10,8.33,5,0,0,0,"","","","","",""
http://statistics.gov.scot/id/statistical-geography/S01001421,S01001421,10,14.29,16.67,18.18,30,11.11,10,0,0,4.17,4.55,5.26,"","","","","",""
http://statistics.gov.scot/id/statistical-geography/S01001422,S01001422,0,0,0,0,0,0,0,0,0,0,0,0,"","","","","",""
http://statistics.gov.scot/id/statistical-geography/S01001423,S01001423,0,0,0,0,0,0,0,9.09,10,22.22,13.33,18.75,"","","","","",""
http://statistics.gov.scot/id/statistical-geography/S01001424,S01001424,15.79,11.76,0,6.67,5.56,6.67,0,7.14,6.25,5,0,0,"","","","","",""
http://statistics.gov.scot/id/statistical-geography/S01001425,S01001425,4.76,9.52,15.79,10.53,8.33,6.45,13.51,16.67,16.13,8.7,0,0,"","","","","",""
http://statistics.gov.scot/id/statistical-geography/S01001426,S01001426,9.09,8.33,8.33,0,0,14.29,14.29,10,12.5,11.11,10,0,"","","","","",""
http://statistics.gov.scot/id/statistical-geography/S01001427,S01001427,11.11,20,18.18,11.11,10,20,16.67,10,0,0,0,0,"","","","","",""
http://statistics.gov.scot/id/statistical-geography/S01001428,S01001428,15.38,25,15.38,16.67,16.67,10,11.11,11.11,14.29,11.76,5.88,6.67,"","","","","",""
http://statistics.gov.scot/id/statistical-geography/S01001429,S01001429,20,16.67,25,20,0,0,14.29,15.38,14.29,7.14,0,7.69,"","","","","",""
http://statistics.gov.scot/id/statistical-geography/S01001430,S01001430,12.5,10,10,0,0,0,0,0,0,0,0,0,"","","","","",""
http://statistics.gov.scot/id/statistical-geography/S01001431,S01001431,9.09,0,0,0,14.29,25,9.09,0,14.29,33.33,22.22,0,"","","","","",""
http://statistics.gov.scot/id/statistical-geography/S01001432,S01001432,13.33,8.33,9.09,0,0,0,0,0,0,0,0,0,"","","","","",""
http://statistics.gov.scot/id/statistical-geography/S01001433,S01001433,0,0,0,0,0,12.5,12.5,12.5,0,0,0,0,"","","","","",""
http://statistics.gov.scot/id/statistical-geography/S01001434,S01001434,0,50,50,60,33.33,0,0,0,0,0,0,0,"","","","","",""
http://statistics.gov.scot/id/statistical-geography/S01001435,S01001435,0,0,0,0,0,0,0,0,0,0,7.14,16.67,"","","","","",""
http://statistics.gov.scot/id/statistical-geography/S01001436,S01001436,0,0,0,0,0,0,0,0,0,0,0,0,"","","","","",""
http://statistics.gov.scot/id/statistical-geography/S01001437,S01001437,0,0,0,0,0,16.67,25,16.67,0,0,0,0,"","","","","",""
http://statistics.gov.scot/id/statistical-geography/S01001438,S01001438,0,0,0,0,0,0,0,0,0,0,0,0,"","","","","",""
http://statistics.gov.scot/id/statistical-geography/S01001439,S01001439,20,16.67,33.33,50,0,0,0,0,0,0,0,0,"","","","","",""
http://statistics.gov.scot/id/statistical-geography/S01001440,S01001440,15.38,33.33,33.33,25,0,11.11,8.33,8.33,22.22,22.22,28.57,0,"","","","","",""
http://statistics.gov.scot/id/statistical-geography/S01001441,S01001441,12.5,14.29,12.5,20,16.67,0,0,0,0,20,25,14.29,"","","","","",""
http://statistics.gov.scot/id/statistical-geography/S01001442,S01001442,0,0,0,0,0,0,0,0,0,0,0,0,"","","","","",""
http://statistics.gov.scot/id/statistical-geography/S01001443,S01001443,0,0,0,0,0,12.5,14.29,14.29,0,0,0,0,"","","","","",""
http://statistics.gov.scot/id/statistical-geography/S01001444,S01001444,0,5.26,10.53,12.5,8.33,0,0,0,0,0,7.69,13.33,"","","","","",""
http://statistics.gov.scot/id/statistical-geography/S01001445,S01001445,25,10,12.5,0,0,0,0,0,0,0,0,0,"","","","","",""
http://statistics.gov.scot/id/statistical-geography/S01001446,S01001446,0,11.11,20,20,0,0,0,0,0,0,0,0,"","","","","",""
http://statistics.gov.scot/id/statistical-geography/S01001447,S01001447,0,0,0,0,0,0,0,0,0,0,0,0,"","","","","",""
http://statistics.gov.scot/id/statistical-geography/S01001448,S01001448,12.5,11.11,9.09,7.14,7.14,0,0,0,0,0,0,0,"","","","","",""
http://statistics.gov.scot/id/statistical-geography/S01001449,S01001449,0,0,0,0,0,0,0,0,0,0,0,0,"","","","","",""
http://statistics.gov.scot/id/statistical-geography/S01001450,S01001450,0,14.29,16.67,20,0,0,0,0,0,0,0,0,"","","","","",""
http://statistics.gov.scot/id/statistical-geography/S01001451,S01001451,7.69,8.33,16.67,0,0,0,0,0,14.29,14.29,12.5,12.5,"","","","","",""
http://statistics.gov.scot/id/statistical-geography/S01001452,S01001452,11.11,0,0,0,0,0,0,0,0,0,0,0,"","","","","",""
http://statistics.gov.scot/id/statistical-geography/S01001453,S01001453,0,0,0,0,0,0,0,0,0,0,0,0,"","","","","",""
http://statistics.gov.scot/id/statistical-geography/S01001454,S01001454,50,50,50,40,66.67,25,25,12.5,12.5,10,8.33,9.09,"","","","","",""
http://statistics.gov.scot/id/statistical-geography/S01001455,S01001455,14.29,0,0,0,0,0,0,8.33,11.11,11.11,0,0,"","","","","",""
http://statistics.gov.scot/id/statistical-geography/S01001456,S01001456,0,0,0,0,0,0,0,0,0,25,25,50,"","","","","",""
http://statistics.gov.scot/id/statistical-geography/S01001457,S01001457,0,0,0,0,0,0,0,0,0,0,0,0,"","","","","",""
http://statistics.gov.scot/id/statistical-geography/S01001458,S01001458,0,0,0,0,0,0,0,0,14.29,33.33,50,33.33,"","","","","",""
http://statistics.gov.scot/id/statistical-geography/S01001459,S01001459,22.22,10,0,0,0,0,0,0,0,0,0,0,"","","","","",""
http://statistics.gov.scot/id/statistical-geography/S01001460,S01001460,16.67,0,0,0,0,0,20,27.27,30,16.67,0,0,"","","","","",""
http://statistics.gov.scot/id/statistical-geography/S01001461,S01001461,0,0,0,0,0,0,0,0,0,0,0,0,"","","","","",""
http://statistics.gov.scot/id/statistical-geography/S01001462,S01001462,20,20,33.33,0,0,0,0,0,0,0,0,0,"","","","","",""
http://statistics.gov.scot/id/statistical-geography/S01001463,S01001463,"","",0,50,40,33.33,0,0,11.11,11.11,28.57,14.29,"","","","","",""
http://statistics.gov.scot/id/statistical-geography/S01001464,S01001464,0,11.11,9.09,6.25,7.69,7.69,12.5,0,0,8.33,9.09,7.69,"","","","","",""
http://statistics.gov.scot/id/statistical-geography/S01001465,S01001465,16.67,0,0,0,"",0,0,0,0,0,0,0,"","","","","",""
http://statistics.gov.scot/id/statistical-geography/S01001466,S01001466,0,0,0,0,0,0,0,0,0,0,0,0,"","","","","",""
http://statistics.gov.scot/id/statistical-geography/S01001467,S01001467,0,0,0,11.11,10,11.11,0,7.14,9.09,16.67,12.5,11.11,"","","","","",""
http://statistics.gov.scot/id/statistical-geography/S01001468,S01001468,0,0,0,0,0,0,0,"",0,0,0,0,"","","","","",""
http://statistics.gov.scot/id/statistical-geography/S01001469,S01001469,0,0,0,0,0,0,0,"",0,0,0,0,"","","","","",""
http://statistics.gov.scot/id/statistical-geography/S01001470,S01001470,0,0,0,0,33.33,16.67,16.67,0,0,0,0,0,"","","","","",""
http://statistics.gov.scot/id/statistical-geography/S01001471,S01001471,25,0,0,10,8.33,11.11,0,0,0,0,0,0,"","","","","",""
http://statistics.gov.scot/id/statistical-geography/S01001472,S01001472,12.5,11.11,14.29,0,0,0,0,0,16.67,12.5,14.29,0,"","","","","",""
http://statistics.gov.scot/id/statistical-geography/S01001473,S01001473,0,0,0,0,"",0,0,0,0,0,0,0,"","","","","",""
http://statistics.gov.scot/id/statistical-geography/S01001474,S01001474,40,50,16.67,14.29,0,14.29,23.08,21.43,11.76,0,7.69,16.67,"","","","","",""
http://statistics.gov.scot/id/statistical-geography/S01001475,S01001475,0,0,0,0,0,0,0,0,0,0,0,0,"","","","","",""
http://statistics.gov.scot/id/statistical-geography/S01001476,S01001476,0,0,0,0,0,0,0,0,0,0,0,0,"","","","","",""
http://statistics.gov.scot/id/statistical-geography/S01001477,S01001477,0,0,0,0,0,0,0,0,7.69,22.22,27.27,22.22,"","","","","",""
http://statistics.gov.scot/id/statistical-geography/S01001478,S01001478,0,0,0,0,25,20,25,0,0,0,0,0,"","","","","",""
http://statistics.gov.scot/id/statistical-geography/S01001479,S01001479,0,0,0,0,0,12.5,9.09,10,0,12.5,8.33,16.67,"","","","","",""
http://statistics.gov.scot/id/statistical-geography/S01001480,S01001480,0,0,16.67,14.29,16.67,0,0,0,0,0,0,0,"","","","","",""
http://statistics.gov.scot/id/statistical-geography/S01001481,S01001481,8.33,18.18,14.29,25,"",0,0,0,16.67,14.29,14.29,14.29,"","","","","",""
http://statistics.gov.scot/id/statistical-geography/S01001482,S01001482,33.33,37.5,20,0,0,16.67,14.29,14.29,0,0,11.11,11.11,"","","","","",""
http://statistics.gov.scot/id/statistical-geography/S01001483,S01001483,0,0,0,0,0,0,0,0,0,0,0,0,"","","","","",""
http://statistics.gov.scot/id/statistical-geography/S01001484,S01001484,5.56,5.56,0,0,0,0,0,0,0,0,0,0,"","","","","",""
http://statistics.gov.scot/id/statistical-geography/S01001485,S01001485,14.29,0,12.5,14.29,33.33,0,0,0,0,0,0,0,"","","","","",""
http://statistics.gov.scot/id/statistical-geography/S01001486,S01001486,0,0,0,0,0,0,0,0,0,0,0,0,"","","","","",""
http://statistics.gov.scot/id/statistical-geography/S01001487,S01001487,50,64.29,60,55.56,33.33,22.22,12.5,18.18,11.11,12.5,0,0,"","","","","",""
http://statistics.gov.scot/id/statistical-geography/S01001488,S01001488,0,0,0,0,0,33.33,25,25,10,7.69,0,0,"","","","","",""
http://statistics.gov.scot/id/statistical-geography/S01001489,S01001489,0,0,0,0,0,0,0,0,0,0,0,0,"","","","","",""
http://statistics.gov.scot/id/statistical-geography/S01001490,S01001490,13.33,16.67,23.53,20,20,15,16.67,11.11,18.75,15,21.74,19.05,"","","","","",""
http://statistics.gov.scot/id/statistical-geography/S01001491,S01001491,0,0,8.33,10,25,0,0,0,0,0,0,0,"","","","","",""
http://statistics.gov.scot/id/statistical-geography/S01001492,S01001492,20,20,26.32,27.78,20,16.67,15.38,25,15.79,15,6.25,8.33,"","","","","",""
http://statistics.gov.scot/id/statistical-geography/S01001493,S01001493,0,9.09,10,25,14.29,12.5,9.09,10,7.14,8.33,0,0,"","","","","",""
http://statistics.gov.scot/id/statistical-geography/S01001494,S01001494,11.11,10,10,28.57,38.46,36.36,10,0,9.09,11.11,11.11,9.52,"","","","","",""
http://statistics.gov.scot/id/statistical-geography/S01001495,S01001495,0,0,0,0,"",0,0,0,0,0,0,0,"","","","","",""
http://statistics.gov.scot/id/statistical-geography/S01001496,S01001496,0,0,0,0,"","",0,0,25,20,25,0,"","","","","",""
http://statistics.gov.scot/id/statistical-geography/S01001497,S01001497,9.09,9.09,9.09,8.33,6.67,14.29,17.65,30.77,28.57,15.38,11.76,10.53,"","","","","",""
http://statistics.gov.scot/id/statistical-geography/S01001498,S01001498,0,0,0,0,0,50,25,12.5,0,0,0,0,"","","","","",""
http://statistics.gov.scot/id/statistical-geography/S01001499,S01001499,18.18,21.43,18.18,11.11,0,0,7.69,11.11,18.18,7.69,0,0,"","","","","",""
http://statistics.gov.scot/id/statistical-geography/S01001500,S01001500,29.41,27.78,29.41,35.71,30,50,60,63.64,41.67,30,30,37.5,"","","","","",""
http://statistics.gov.scot/id/statistical-geography/S01001501,S01001501,0,0,"",0,0,0,20,14.29,20,0,0,20,"","","","","",""
http://statistics.gov.scot/id/statistical-geography/S01001502,S01001502,12.5,9.09,0,0,0,0,0,0,0,0,0,0,"","","","","",""
http://statistics.gov.scot/id/statistical-geography/S01001503,S01001503,15.38,22.22,0,25,50,25,11.11,12.5,33.33,40,16.67,0,"","","","","",""
http://statistics.gov.scot/id/statistical-geography/S01001504,S01001504,6.25,6.67,0,0,0,0,0,22.22,20,25,22.22,28.57,"","","","","",""
http://statistics.gov.scot/id/statistical-geography/S01001505,S01001505,0,0,0,0,0,0,0,12.5,16.67,20,0,0,"","","","","",""
http://statistics.gov.scot/id/statistical-geography/S01001506,S01001506,0,0,0,0,0,10,8.33,7.14,7.69,7.14,16.67,10,"","","","","",""
http://statistics.gov.scot/id/statistical-geography/S01001507,S01001507,0,8.33,11.11,20,0,0,0,0,0,0,0,0,"","","","","",""
http://statistics.gov.scot/id/statistical-geography/S01001508,S01001508,0,0,0,0,20,25,33.33,0,0,0,0,0,"","","","","",""
http://statistics.gov.scot/id/statistical-geography/S01001509,S01001509,33.33,20,0,20,31.25,44.44,46.67,33.33,16.67,0,0,33.33,"","","","","",""
http://statistics.gov.scot/id/statistical-geography/S01001510,S01001510,20,0,12.5,22.22,18.18,11.11,0,0,14.29,8.33,16.67,9.09,"","","","","",""
http://statistics.gov.scot/id/statistical-geography/S01001511,S01001511,11.11,20,0,"","","","",0,0,0,0,0,"","","","","",""
http://statistics.gov.scot/id/statistical-geography/S01001512,S01001512,14.29,9.09,18.75,17.65,16.67,11.11,11.11,19.05,17.39,20.83,14.29,15.38,"","","","","",""
http://statistics.gov.scot/id/statistical-geography/S01001513,S01001513,25,23.53,21.43,35.71,40,52.94,42.86,33.33,16.67,15.79,13.04,13.33,"","","","","",""
http://statistics.gov.scot/id/statistical-geography/S01001514,S01001514,0,0,0,10,20,20,7.69,6.25,5,9.52,5.56,8.33,"","","","","",""
http://statistics.gov.scot/id/statistical-geography/S01001515,S01001515,0,0,0,"","",0,0,0,0,0,0,0,"","","","","",""
http://statistics.gov.scot/id/statistical-geography/S01001516,S01001516,30,22.22,15.38,0,0,0,7.14,10,12.5,8.33,14.29,13.33,"","","","","",""
http://statistics.gov.scot/id/statistical-geography/S01001517,S01001517,11.11,20,0,0,0,0,0,25,40,40,0,0,"","","","","",""
http://statistics.gov.scot/id/statistical-geography/S01001518,S01001518,20,14.29,0,0,33.33,28.57,28.57,14.29,0,12.5,20,21.43,"","","","","",""
http://statistics.gov.scot/id/statistical-geography/S01001519,S01001519,0,0,0,0,0,0,0,0,0,0,0,0,"","","","","",""
http://statistics.gov.scot/id/statistical-geography/S01001520,S01001520,0,0,0,0,12.5,9.09,7.14,0,21.43,25,20,5.26,"","","","","",""
http://statistics.gov.scot/id/statistical-geography/S01001521,S01001521,0,0,0,0,0,0,0,0,0,16.67,12.5,12.5,"","","","","",""
http://statistics.gov.scot/id/statistical-geography/S01001522,S01001522,25,15.38,0,5,5.88,17.65,27.27,26.67,35.71,33.33,33.33,10,"","","","","",""
http://statistics.gov.scot/id/statistical-geography/S01001523,S01001523,4.76,0,0,0,0,0,0,0,0,0,11.11,11.11,"","","","","",""
http://statistics.gov.scot/id/statistical-geography/S01001524,S01001524,20,9.09,9.09,0,0,6.25,8.33,18.18,7.69,7.14,7.69,15.38,"","","","","",""
http://statistics.gov.scot/id/statistical-geography/S01001525,S01001525,7.69,14.29,0,0,0,0,0,0,25,22.22,16.67,0,"","","","","",""
http://statistics.gov.scot/id/statistical-geography/S01001526,S01001526,22.22,16.67,20,0,0,0,0,0,0,0,0,0,"","","","","",""
http://statistics.gov.scot/id/statistical-geography/S01001527,S01001527,0,0,0,0,0,0,0,14.29,16.67,16.67,25,25,"","","","","",""
http://statistics.gov.scot/id/statistical-geography/S01001528,S01001528,14.29,28.57,25,37.5,14.29,16.67,0,0,0,0,10,12.5,"","","","","",""
http://statistics.gov.scot/id/statistical-geography/S01001529,S01001529,14.29,12.5,16.67,0,0,0,0,0,0,0,0,0,"","","","","",""
http://statistics.gov.scot/id/statistical-geography/S01001530,S01001530,0,0,33.33,100,66.67,16.67,25,8.33,7.69,0,0,6.25,"","","","","",""
http://statistics.gov.scot/id/statistical-geography/S01001531,S01001531,4.55,4,3.85,3.45,7.41,3.45,8,4,6.9,3.33,3.57,4.35,"","","","","",""
http://statistics.gov.scot/id/statistical-geography/S01001532,S01001532,0,0,0,0,0,0,0,0,0,0,0,0,"","","","","",""
http://statistics.gov.scot/id/statistical-geography/S01001533,S01001533,0,0,0,0,0,0,0,0,0,0,0,0,"","","","","",""
http://statistics.gov.scot/id/statistical-geography/S01001534,S01001534,11.11,0,0,25,20,16.67,0,0,0,0,0,0,"","","","","",""
http://statistics.gov.scot/id/statistical-geography/S01001535,S01001535,12.5,12.5,0,0,11.11,8.33,7.69,11.11,20,25,0,0,"","","","","",""
http://statistics.gov.scot/id/statistical-geography/S01001536,S01001536,33.33,35.71,25,33.33,27.27,25,21.43,31.25,38.46,41.67,21.43,29.41,"","","","","",""
http://statistics.gov.scot/id/statistical-geography/S01001537,S01001537,40,27.27,16.67,18.18,8.33,20,12.5,33.33,50,50,33.33,0,"","","","","",""
http://statistics.gov.scot/id/statistical-geography/S01001538,S01001538,12.5,0,0,0,0,0,"","","",0,0,0,"","","","","",""
http://statistics.gov.scot/id/statistical-geography/S01001539,S01001539,0,0,0,0,0,0,0,0,0,0,10,23.08,"","","","","",""
http://statistics.gov.scot/id/statistical-geography/S01001540,S01001540,0,0,0,0,"",25,20,20,0,0,0,0,"","","","","",""
http://statistics.gov.scot/id/statistical-geography/S01001541,S01001541,25,20,10,7.14,7.69,15.38,22.22,14.29,0,0,0,0,"","","","","",""
http://statistics.gov.scot/id/statistical-geography/S01001542,S01001542,0,0,11.11,22.22,22.22,25,12.5,25,0,28.57,33.33,30.77,"","","","","",""
http://statistics.gov.scot/id/statistical-geography/S01001543,S01001543,8.33,15.38,13.33,14.29,8.33,16.67,11.11,11.11,0,8.33,9.09,11.11,"","","","","",""
http://statistics.gov.scot/id/statistical-geography/S01001544,S01001544,11.11,9.09,10,12.5,14.29,0,0,9.09,22.22,25,11.11,12.5,"","","","","",""
http://statistics.gov.scot/id/statistical-geography/S01001545,S01001545,0,0,0,12.5,10,7.14,0,0,6.25,8.33,10,0,"","","","","",""
http://statistics.gov.scot/id/statistical-geography/S01001546,S01001546,9.09,14.29,11.76,20,17.65,16.67,10.53,0,17.65,19.05,40,35.29,"","","","","",""
http://statistics.gov.scot/id/statistical-geography/S01001547,S01001547,18.75,14.29,11.11,16.67,50,42.86,35.71,20,20,40,38.46,37.5,"","","","","",""
http://statistics.gov.scot/id/statistical-geography/S01001548,S01001548,0,0,0,0,0,0,0,0,0,4,3.57,3.7,"","","","","",""
http://statistics.gov.scot/id/statistical-geography/S01001549,S01001549,10,8.33,0,0,0,7.69,7.14,15.38,6.67,10.53,4.35,8,"","","","","",""
http://statistics.gov.scot/id/statistical-geography/S01001550,S01001550,0,0,25,12.5,10,0,0,0,0,0,0,0,"","","","","",""
http://statistics.gov.scot/id/statistical-geography/S01001551,S01001551,33.33,20,12.5,0,0,0,0,0,0,0,0,0,"","","","","",""
http://statistics.gov.scot/id/statistical-geography/S01001552,S01001552,16.67,0,0,0,0,10,7.69,5.88,0,0,0,0,"","","","","",""
http://statistics.gov.scot/id/statistical-geography/S01001553,S01001553,6.67,7.14,0,0,0,0,0,0,0,0,0,0,"","","","","",""
http://statistics.gov.scot/id/statistical-geography/S01001554,S01001554,0,0,0,7.69,9.09,14.29,7.14,7.69,0,0,0,0,"","","","","",""
http://statistics.gov.scot/id/statistical-geography/S01001555,S01001555,22.22,42.86,25,22.22,18.18,25,33.33,25,15.38,9.09,20,25,"","","","","",""
http://statistics.gov.scot/id/statistical-geography/S01001556,S01001556,33.33,11.11,12.5,0,0,9.09,6.25,7.69,0,0,18.18,33.33,"","","","","",""
http://statistics.gov.scot/id/statistical-geography/S01001557,S01001557,0,0,0,0,0,0,14.29,18.18,16.67,11.11,0,0,"","","","","",""
http://statistics.gov.scot/id/statistical-geography/S01001558,S01001558,0,0,0,14.29,25,40,33.33,40,36.36,28.57,0,0,"","","","","",""
http://statistics.gov.scot/id/statistical-geography/S01001559,S01001559,0,0,0,0,0,0,0,0,0,16.67,28.57,25,"","","","","",""
http://statistics.gov.scot/id/statistical-geography/S01001560,S01001560,20,12.5,13.33,12.5,40,41.67,37.5,28.57,18.18,11.11,0,16.67,"","","","","",""
http://statistics.gov.scot/id/statistical-geography/S01001561,S01001561,23.08,33.33,33.33,40,45.45,35.71,15,3.85,3.7,9.52,15.38,28.57,"","","","","",""
http://statistics.gov.scot/id/statistical-geography/S01001562,S01001562,0,0,10,28.57,22.22,8.33,7.69,6.67,7.14,3.03,7.69,11.76,"","","","","",""
http://statistics.gov.scot/id/statistical-geography/S01001563,S01001563,0,0,0,0,0,0,0,0,0,0,0,0,"","","","","",""
http://statistics.gov.scot/id/statistical-geography/S01001564,S01001564,0,0,0,12.5,22.22,23.08,16.67,9.09,0,0,0,0,"","","","","",""
http://statistics.gov.scot/id/statistical-geography/S01001565,S01001565,7.14,5.88,0,0,0,0,0,20,28.57,28.57,0,0,"","","","","",""
http://statistics.gov.scot/id/statistical-geography/S01001566,S01001566,0,0,0,0,0,0,11.11,12.5,20,0,0,0,"","","","","",""
http://statistics.gov.scot/id/statistical-geography/S01001567,S01001567,13.64,11.11,0,0,7.69,7.14,15.38,12.5,14.29,7.14,0,11.11,"","","","","",""
http://statistics.gov.scot/id/statistical-geography/S01001568,S01001568,8.33,7.69,0,0,0,0,10,10,11.11,0,0,0,"","","","","",""
http://statistics.gov.scot/id/statistical-geography/S01001569,S01001569,0,0,8.33,9.09,13.33,9.09,6.25,2.86,3.85,7.14,16.67,0,"","","","","",""
http://statistics.gov.scot/id/statistical-geography/S01001570,S01001570,0,0,0,0,0,0,0,0,0,"",0,0,"","","","","",""
http://statistics.gov.scot/id/statistical-geography/S01001571,S01001571,60,66.67,75,25,33.33,36.36,41.67,30.77,25,18.18,16.67,60,"","","","","",""
http://statistics.gov.scot/id/statistical-geography/S01001572,S01001572,0,0,0,10,10,10,10,14.29,20,33.33,33.33,25,"","","","","",""
http://statistics.gov.scot/id/statistical-geography/S01001573,S01001573,0,0,11.11,7.69,8.33,0,0,7.69,11.11,9.09,16.67,14.29,"","","","","",""
http://statistics.gov.scot/id/statistical-geography/S01001574,S01001574,25,33.33,71.43,66.67,50,14.29,10,16.67,28.57,27.27,28.57,0,"","","","","",""
http://statistics.gov.scot/id/statistical-geography/S01001575,S01001575,9.09,7.69,16.67,8.33,25,9.09,16.67,11.76,15.38,27.27,50,50,"","","","","",""
http://statistics.gov.scot/id/statistical-geography/S01001576,S01001576,50,42.86,0,0,0,0,0,0,0,0,0,0,"","","","","",""
http://statistics.gov.scot/id/statistical-geography/S01001577,S01001577,12.5,28.57,28.57,40,33.33,38.46,35.71,27.27,0,0,0,0,"","","","","",""
http://statistics.gov.scot/id/statistical-geography/S01001578,S01001578,0,0,0,0,0,16.67,36.36,30.77,23.08,0,0,0,"","","","","",""
http://statistics.gov.scot/id/statistical-geography/S01001579,S01001579,13.33,7.14,8.33,0,0,12.5,10.53,16.67,7.14,11.11,12.5,10,"","","","","",""
http://statistics.gov.scot/id/statistical-geography/S01001580,S01001580,28.57,0,0,0,0,0,0,9.09,14.29,20,0,0,"","","","","",""
http://statistics.gov.scot/id/statistical-geography/S01001581,S01001581,16.67,12.5,12.5,0,0,0,0,22.22,18.75,18.75,10,0,"","","","","",""
http://statistics.gov.scot/id/statistical-geography/S01001582,S01001582,44.44,37.5,33.33,0,0,0,10,6.25,16.67,20,40,33.33,"","","","","",""
http://statistics.gov.scot/id/statistical-geography/S01001583,S01001583,30,16.67,25,11.11,25,0,0,0,16.67,16.67,20,20,"","","","","",""
http://statistics.gov.scot/id/statistical-geography/S01001584,S01001584,6.67,5.88,0,8.33,20,27.27,28.57,28.57,25,27.27,22.22,33.33,"","","","","",""
http://statistics.gov.scot/id/statistical-geography/S01001585,S01001585,18.18,5,13.33,8.33,18.18,25,15.38,9.09,0,15.38,25,33.33,"","","","","",""
http://statistics.gov.scot/id/statistical-geography/S01001586,S01001586,0,0,0,0,0,0,0,0,0,0,25,25,"","","","","",""
http://statistics.gov.scot/id/statistical-geography/S01001587,S01001587,7.69,6.67,20,16.67,16.67,15.38,21.43,15.38,14.29,12.5,11.11,14.29,"","","","","",""
http://statistics.gov.scot/id/statistical-geography/S01001588,S01001588,17.65,18.18,22.22,16.67,0,18.18,15.38,11.76,0,5.88,6.67,27.27,"","","","","",""
http://statistics.gov.scot/id/statistical-geography/S01001589,S01001589,37.5,21.43,27.27,18.18,27.27,16.67,33.33,40,41.67,20,0,20,"","","","","",""
http://statistics.gov.scot/id/statistical-geography/S01001590,S01001590,13.33,14.29,8.33,7.69,7.14,7.69,0,0,0,0,0,7.69,"","","","","",""
http://statistics.gov.scot/id/statistical-geography/S01001591,S01001591,30,50,25,11.11,16.67,33.33,25,27.27,16.67,50,0,0,"","","","","",""
http://statistics.gov.scot/id/statistical-geography/S01001592,S01001592,18.75,28.57,36.36,18.75,12.5,18.75,25,18.18,0,20,27.27,25,"","","","","",""
http://statistics.gov.scot/id/statistical-geography/S01001593,S01001593,23.53,20,7.14,7.69,9.09,25,23.08,29.41,13.33,16.67,0,0,"","","","","",""
http://statistics.gov.scot/id/statistical-geography/S01001594,S01001594,12.5,18.18,7.69,0,0,0,6.67,7.69,7.69,0,0,0,"","","","","",""
http://statistics.gov.scot/id/statistical-geography/S01001595,S01001595,30,40,37.5,36.84,45.83,45,50,27.27,21.43,26.67,36.36,42.86,"","","","","",""
http://statistics.gov.scot/id/statistical-geography/S01001596,S01001596,18.18,25,22.22,0,0,12.5,20,25,9.09,10,0,0,"","","","","",""
http://statistics.gov.scot/id/statistical-geography/S01001597,S01001597,8.33,8.33,14.29,14.29,9.09,0,0,15.79,17.65,15.79,0,0,"","","","","",""
http://statistics.gov.scot/id/statistical-geography/S01001598,S01001598,0,0,0,0,16.67,22.22,25,16.67,22.22,14.29,25,0,"","","","","",""
http://statistics.gov.scot/id/statistical-geography/S01001599,S01001599,4.76,10,15.38,10,16.67,12.5,7.69,0,3.45,4.55,5,0,"","","","","",""
http://statistics.gov.scot/id/statistical-geography/S01001600,S01001600,6.25,0,6.67,12.5,9.09,9.52,5.56,23.53,20,23.08,14.29,16.67,"","","","","",""
http://statistics.gov.scot/id/statistical-geography/S01001601,S01001601,0,0,0,0,0,0,7.14,6.67,5.56,0,0,0,"","","","","",""
http://statistics.gov.scot/id/statistical-geography/S01001602,S01001602,0,0,0,0,0,0,0,0,10,12.5,16.67,0,"","","","","",""
http://statistics.gov.scot/id/statistical-geography/S01001603,S01001603,12.5,0,0,6.67,13.33,17.65,17.65,12.5,7.14,0,0,0,"","","","","",""
http://statistics.gov.scot/id/statistical-geography/S01001604,S01001604,85.71,75,77.78,55.56,55.56,50,58.33,53.85,41.18,43.75,38.46,45.45,"","","","","",""
http://statistics.gov.scot/id/statistical-geography/S01001605,S01001605,0,0,0,0,0,0,0,0,0,0,0,0,"","","","","",""
http://statistics.gov.scot/id/statistical-geography/S01001606,S01001606,14.29,0,0,33.33,30,33.33,46.15,38.1,38.1,21.05,12.5,0,"","","","","",""
http://statistics.gov.scot/id/statistical-geography/S01001607,S01001607,4.76,5.26,6.25,6.25,8.33,10,4.88,2.38,0,0,4,5.56,"","","","","",""
http://statistics.gov.scot/id/statistical-geography/S01001608,S01001608,7.69,0,0,9.09,14.29,16.67,10,11.11,8.33,9.09,8.33,14.29,"","","","","",""
http://statistics.gov.scot/id/statistical-geography/S01001609,S01001609,27.27,37.5,66.67,40,12.5,0,0,0,20,37.5,37.5,16.67,"","","","","",""
http://statistics.gov.scot/id/statistical-geography/S01001610,S01001610,0,11.11,11.11,11.11,0,0,16.67,16.67,14.29,10,11.11,16.67,"","","","","",""
http://statistics.gov.scot/id/statistical-geography/S01001611,S01001611,7.14,9.09,12.5,0,0,0,0,0,0,0,0,0,"","","","","",""
http://statistics.gov.scot/id/statistical-geography/S01001612,S01001612,25,0,12.5,11.11,12.5,0,0,0,0,0,0,0,"","","","","",""
http://statistics.gov.scot/id/statistical-geography/S01001613,S01001613,20,18.75,27.27,33.33,42.86,33.33,25,23.08,30.77,50,55.56,55.56,"","","","","",""
http://statistics.gov.scot/id/statistical-geography/S01001614,S01001614,33.33,36.36,27.27,36.36,40,33.33,28.57,20,28.57,33.33,25,0,"","","","","",""
http://statistics.gov.scot/id/statistical-geography/S01001615,S01001615,18.18,16.67,16.67,0,9.09,16.67,18.75,23.08,16.67,14.29,12.5,28.57,"","","","","",""
http://statistics.gov.scot/id/statistical-geography/S01001616,S01001616,0,0,0,0,0,0,0,0,0,0,0,0,"","","","","",""
http://statistics.gov.scot/id/statistical-geography/S01001617,S01001617,33.33,50,54.55,57.14,44.44,50,50,100,25,42.86,40,30,"","","","","",""
http://statistics.gov.scot/id/statistical-geography/S01001618,S01001618,0,0,0,0,0,6.67,8.7,11.54,9.09,9.09,0,0,"","","","","",""
http://statistics.gov.scot/id/statistical-geography/S01001619,S01001619,28.57,66.67,25,15.38,14.29,20,16.67,0,0,0,20,20,"","","","","",""
http://statistics.gov.scot/id/statistical-geography/S01001620,S01001620,22.22,14.29,11.11,0,0,0,0,12.5,22.22,33.33,33.33,16.67,"","","","","",""
http://statistics.gov.scot/id/statistical-geography/S01001621,S01001621,22.22,20,20,20,14.29,28.57,16.67,20,0,22.22,27.27,27.27,"","","","","",""
http://statistics.gov.scot/id/statistical-geography/S01001622,S01001622,33.33,37.5,30,23.08,23.08,20,14.29,25,29.41,28.57,14.29,12.5,"","","","","",""
http://statistics.gov.scot/id/statistical-geography/S01001623,S01001623,22.22,18.18,16.67,11.11,20,25,40,37.5,30,18.18,10,12.5,"","","","","",""
http://statistics.gov.scot/id/statistical-geography/S01001624,S01001624,27.27,30.77,25,27.27,18.18,12.5,5.88,0,12.5,14.29,12.5,0,"","","","","",""
http://statistics.gov.scot/id/statistical-geography/S01001625,S01001625,40,25,25,25,50,61.54,60,58.33,50,33.33,0,0,"","","","","",""
http://statistics.gov.scot/id/statistical-geography/S01001626,S01001626,0,0,0,0,0,14.29,12.5,22.22,11.11,11.11,0,0,"","","","","",""
http://statistics.gov.scot/id/statistical-geography/S01001627,S01001627,14.29,20,8.33,16.67,16.67,16.67,0,4.55,8.7,15.79,18.18,8.33,"","","","","",""
http://statistics.gov.scot/id/statistical-geography/S01001628,S01001628,66.67,33.33,20,25,40,37.5,25,22.22,27.27,28.57,16.67,0,"","","","","",""
http://statistics.gov.scot/id/statistical-geography/S01001629,S01001629,11.11,11.11,12.5,10,11.11,0,33.33,33.33,33.33,20,25,0,"","","","","",""
http://statistics.gov.scot/id/statistical-geography/S01001630,S01001630,0,20,16.67,20,11.11,16.67,30.77,25,27.27,0,25,25,"","","","","",""
http://statistics.gov.scot/id/statistical-geography/S01001631,S01001631,30.77,30,30,12.5,11.11,11.76,4,9.38,12,18.75,7.69,9.09,"","","","","",""
http://statistics.gov.scot/id/statistical-geography/S01001632,S01001632,0,5.56,6.25,9.09,0,0,0,0,0,0,0,0,"","","","","",""
http://statistics.gov.scot/id/statistical-geography/S01001633,S01001633,10,22.22,14.29,9.09,0,0,0,0,0,0,0,0,"","","","","",""
http://statistics.gov.scot/id/statistical-geography/S01001634,S01001634,11.54,5,5.26,0,5.88,9.09,11.11,14.29,11.11,11.11,22.22,33.33,"","","","","",""
http://statistics.gov.scot/id/statistical-geography/S01001635,S01001635,18.18,20,12.5,0,0,0,0,0,0,0,0,0,"","","","","",""
http://statistics.gov.scot/id/statistical-geography/S01001636,S01001636,0,0,0,0,0,0,0,0,0,0,0,0,"","","","","",""
http://statistics.gov.scot/id/statistical-geography/S01001637,S01001637,12.5,0,0,0,0,0,0,0,0,0,0,0,"","","","","",""
http://statistics.gov.scot/id/statistical-geography/S01001638,S01001638,17.65,13.33,26.67,18.75,16.67,22.22,35.71,33.33,10,0,9.09,9.09,"","","","","",""
http://statistics.gov.scot/id/statistical-geography/S01001639,S01001639,27.27,21.43,16.67,15.38,22.22,36.36,33.33,22.22,0,0,0,0,"","","","","",""
http://statistics.gov.scot/id/statistical-geography/S01001640,S01001640,0,0,0,0,0,0,0,20,16.67,12.5,0,0,"","","","","",""
http://statistics.gov.scot/id/statistical-geography/S01001641,S01001641,20,20,9.09,0,0,4,4,4.35,0,5.88,10,9.09,"","","","","",""
http://statistics.gov.scot/id/statistical-geography/S01001642,S01001642,0,0,0,0,0,14.29,20,25,0,0,0,0,"","","","","",""
http://statistics.gov.scot/id/statistical-geography/S01001643,S01001643,25,16.67,12.5,9.09,7.69,0,0,0,0,0,0,0,"","","","","",""
http://statistics.gov.scot/id/statistical-geography/S01001644,S01001644,0,5.26,3.7,3.33,2.7,3.23,9.68,10.53,10,0,20,33.33,"","","","","",""
http://statistics.gov.scot/id/statistical-geography/S01001645,S01001645,5.88,6.25,5.26,0,5.56,21.43,21.05,20,8.33,22.22,28.57,40,"","","","","",""
http://statistics.gov.scot/id/statistical-geography/S01001646,S01001646,16.67,0,0,0,0,0,0,0,0,16.67,20,66.67,"","","","","",""
http://statistics.gov.scot/id/statistical-geography/S01001647,S01001647,0,0,0,0,25,18.18,15.38,0,14.29,16.67,12.5,9.09,"","","","","",""
http://statistics.gov.scot/id/statistical-geography/S01001648,S01001648,28.57,25,0,0,0,0,11.11,30,30.77,27.27,28.57,25,"","","","","",""
http://statistics.gov.scot/id/statistical-geography/S01001649,S01001649,0,0,0,11.11,10,22.22,20,28.57,14.29,14.29,0,0,"","","","","",""
http://statistics.gov.scot/id/statistical-geography/S01001650,S01001650,33.33,40,18.18,10,8.33,18.18,15.38,7.69,0,0,0,16.67,"","","","","",""
http://statistics.gov.scot/id/statistical-geography/S01001651,S01001651,0,12.5,14.29,22.22,14.29,18.18,9.09,9.09,12.5,16.67,25,0,"","","","","",""
http://statistics.gov.scot/id/statistical-geography/S01001652,S01001652,0,0,0,0,0,0,0,0,0,0,33.33,50,"","","","","",""
http://statistics.gov.scot/id/statistical-geography/S01001653,S01001653,23.08,36.36,25,22.22,18.18,23.08,15.38,10,0,7.69,11.76,21.43,"","","","","",""
http://statistics.gov.scot/id/statistical-geography/S01001654,S01001654,0,0,0,0,8.33,7.69,5.88,0,0,0,0,0,"","","","","",""
http://statistics.gov.scot/id/statistical-geography/S01001655,S01001655,0,0,50,50,20,16.67,28.57,37.5,28.57,12.5,0,0,"","","","","",""
http://statistics.gov.scot/id/statistical-geography/S01001656,S01001656,11.11,0,0,0,8.33,5.88,7.14,0,0,0,0,0,"","","","","",""
http://statistics.gov.scot/id/statistical-geography/S01001657,S01001657,0,0,0,0,0,0,0,0,0,20,50,100,"","","","","",""
http://statistics.gov.scot/id/statistical-geography/S01001658,S01001658,14.29,20,0,16.67,12.5,22.22,12.5,16.67,12.5,18.18,23.08,18.18,"","","","","",""
http://statistics.gov.scot/id/statistical-geography/S01001659,S01001659,0,0,0,0,0,0,0,0,0,0,0,0,"","","","","",""
http://statistics.gov.scot/id/statistical-geography/S01001660,S01001660,0,0,0,0,0,0,0,0,0,0,0,0,"","","","","",""
http://statistics.gov.scot/id/statistical-geography/S01001661,S01001661,0,0,0,11.11,11.11,9.09,0,0,0,0,0,0,"","","","","",""
http://statistics.gov.scot/id/statistical-geography/S01001662,S01001662,66.67,60,75,0,0,33.33,66.67,33.33,20,0,0,33.33,"","","","","",""
http://statistics.gov.scot/id/statistical-geography/S01001663,S01001663,33.33,0,0,0,0,0,0,0,0,0,0,0,"","","","","",""
http://statistics.gov.scot/id/statistical-geography/S01001664,S01001664,0,0,0,0,0,0,0,0,0,0,"","","","","","","",""
http://statistics.gov.scot/id/statistical-geography/S01001665,S01001665,0,0,0,0,0,0,0,0,0,0,0,0,"","","","","",""
http://statistics.gov.scot/id/statistical-geography/S01001666,S01001666,0,0,0,0,50,50,33.33,0,0,0,0,0,"","","","","",""
http://statistics.gov.scot/id/statistical-geography/S01001667,S01001667,0,0,0,16.67,20,33.33,0,0,0,0,0,0,"","","","","",""
http://statistics.gov.scot/id/statistical-geography/S01001668,S01001668,14.29,20,14.29,0,0,0,0,0,0,0,0,0,"","","","","",""
http://statistics.gov.scot/id/statistical-geography/S01001669,S01001669,16.67,30,33.33,20,0,14.29,11.11,12.5,12.5,14.29,9.09,0,"","","","","",""
http://statistics.gov.scot/id/statistical-geography/S01001670,S01001670,0,0,11.11,14.29,20,0,0,0,0,0,0,9.09,"","","","","",""
http://statistics.gov.scot/id/statistical-geography/S01001671,S01001671,0,0,0,0,0,0,0,0,0,0,0,0,"","","","","",""
http://statistics.gov.scot/id/statistical-geography/S01001672,S01001672,0,11.11,14.29,25,0,0,0,0,0,0,0,0,"","","","","",""
http://statistics.gov.scot/id/statistical-geography/S01001673,S01001673,0,0,0,0,0,25,22.22,15.38,6.67,0,0,0,"","","","","",""
http://statistics.gov.scot/id/statistical-geography/S01001674,S01001674,10,9.09,12.5,22.22,44.44,37.5,28.57,0,11.11,9.09,11.11,0,"","","","","",""
http://statistics.gov.scot/id/statistical-geography/S01001675,S01001675,0,0,0,0,0,0,16.67,16.67,14.29,0,0,0,"","","","","",""
http://statistics.gov.scot/id/statistical-geography/S01001676,S01001676,0,0,0,0,0,7.69,9.09,10,0,0,0,0,"","","","","",""
http://statistics.gov.scot/id/statistical-geography/S01001677,S01001677,0,0,0,0,0,0,0,0,0,0,16.67,14.29,"","","","","",""
http://statistics.gov.scot/id/statistical-geography/S01001678,S01001678,16.67,9.09,5,0,9.09,10,12.5,6.25,6.67,0,0,0,"","","","","",""
http://statistics.gov.scot/id/statistical-geography/S01001679,S01001679,0,0,0,0,0,0,0,0,0,0,10,25,"","","","","",""
http://statistics.gov.scot/id/statistical-geography/S01001680,S01001680,0,0,0,0,0,"",0,0,0,0,0,0,"","","","","",""
http://statistics.gov.scot/id/statistical-geography/S01001681,S01001681,0,0,0,0,0,0,0,0,0,0,0,0,"","","","","",""
http://statistics.gov.scot/id/statistical-geography/S01001682,S01001682,16.67,10,0,0,0,28.57,25,25,6.67,0,7.14,12.5,"","","","","",""
http://statistics.gov.scot/id/statistical-geography/S01001683,S01001683,0,0,0,0,0,0,0,0,0,0,0,0,"","","","","",""
http://statistics.gov.scot/id/statistical-geography/S01001684,S01001684,0,0,0,0,0,0,0,0,0,0,0,0,"","","","","",""
http://statistics.gov.scot/id/statistical-geography/S01001685,S01001685,0,33.33,14.29,20,11.11,11.11,0,0,16.67,9.09,6.67,0,"","","","","",""
http://statistics.gov.scot/id/statistical-geography/S01001686,S01001686,0,0,0,0,0,10,9.09,11.11,0,0,0,0,"","","","","",""
http://statistics.gov.scot/id/statistical-geography/S01001687,S01001687,0,0,0,0,0,0,0,0,0,0,0,0,"","","","","",""
http://statistics.gov.scot/id/statistical-geography/S01001688,S01001688,0,0,0,0,6.67,8.33,8.33,9.09,11.11,10,0,0,"","","","","",""
http://statistics.gov.scot/id/statistical-geography/S01001689,S01001689,0,0,0,0,0,0,0,20,16.67,20,0,0,"","","","","",""
http://statistics.gov.scot/id/statistical-geography/S01001690,S01001690,12.5,16.67,0,0,0,0,7.69,7.14,9.52,8.33,9.52,6.25,"","","","","",""
http://statistics.gov.scot/id/statistical-geography/S01001691,S01001691,14.29,20,20,14.29,0,0,0,0,0,0,0,0,"","","","","",""
http://statistics.gov.scot/id/statistical-geography/S01001692,S01001692,8.33,11.11,10,0,0,0,0,0,0,0,0,0,"","","","","",""
http://statistics.gov.scot/id/statistical-geography/S01001693,S01001693,0,0,0,0,0,0,0,0,0,0,0,0,"","","","","",""
http://statistics.gov.scot/id/statistical-geography/S01001694,S01001694,7.69,10,8.33,0,0,0,12.5,14.29,16.67,0,0,0,"","","","","",""
http://statistics.gov.scot/id/statistical-geography/S01001695,S01001695,0,0,0,0,0,0,0,0,0,0,0,0,"","","","","",""
http://statistics.gov.scot/id/statistical-geography/S01001696,S01001696,0,0,0,0,0,0,0,0,0,0,0,0,"","","","","",""
http://statistics.gov.scot/id/statistical-geography/S01001697,S01001697,0,0,0,0,12.5,10,18.18,10,20,0,0,0,"","","","","",""
http://statistics.gov.scot/id/statistical-geography/S01001698,S01001698,0,9.09,11.11,14.29,0,0,0,0,14.29,12.5,14.29,0,"","","","","",""
http://statistics.gov.scot/id/statistical-geography/S01001699,S01001699,0,0,0,0,0,0,0,0,16.67,20,16.67,0,"","","","","",""
http://statistics.gov.scot/id/statistical-geography/S01001700,S01001700,20,28.57,11.11,11.11,0,0,0,0,0,0,0,0,"","","","","",""
http://statistics.gov.scot/id/statistical-geography/S01001701,S01001701,13.33,13.33,8.33,0,14.29,16.67,12.5,10,10,14.29,0,16.67,"","","","","",""
http://statistics.gov.scot/id/statistical-geography/S01001702,S01001702,0,0,0,0,0,0,0,0,0,0,0,0,"","","","","",""
http://statistics.gov.scot/id/statistical-geography/S01001703,S01001703,0,0,7.69,9.09,7.14,0,0,5.88,5.88,6.67,0,0,"","","","","",""
http://statistics.gov.scot/id/statistical-geography/S01001704,S01001704,0,0,0,0,0,0,0,0,0,0,0,0,"","","","","",""
http://statistics.gov.scot/id/statistical-geography/S01001705,S01001705,0,0,0,0,0,0,0,0,0,0,0,0,"","","","","",""
http://statistics.gov.scot/id/statistical-geography/S01001706,S01001706,0,0,0,0,16.67,33.33,16.67,0,0,0,0,0,"","","","","",""
http://statistics.gov.scot/id/statistical-geography/S01001707,S01001707,14.29,25,33.33,30,14.29,7.69,9.09,10,0,0,0,0,"","","","","",""
http://statistics.gov.scot/id/statistical-geography/S01001708,S01001708,0,0,0,0,0,0,0,0,20,33.33,25,0,"","","","","",""
http://statistics.gov.scot/id/statistical-geography/S01001709,S01001709,0,0,0,0,0,0,0,0,0,0,0,0,"","","","","",""
http://statistics.gov.scot/id/statistical-geography/S01001710,S01001710,0,0,0,0,11.11,11.11,10,0,0,0,0,0,"","","","","",""
http://statistics.gov.scot/id/statistical-geography/S01001711,S01001711,18.18,0,9.09,9.09,20,7.69,8.33,0,0,0,0,0,"","","","","",""
http://statistics.gov.scot/id/statistical-geography/S01001712,S01001712,0,0,9.09,12.5,16.67,0,0,0,0,0,0,0,"","","","","",""
http://statistics.gov.scot/id/statistical-geography/S01001713,S01001713,13.33,10,0,0,0,0,0,0,0,0,11.11,14.29,"","","","","",""
http://statistics.gov.scot/id/statistical-geography/S01001714,S01001714,0,0,0,0,0,0,0,0,0,50,16.67,28.57,"","","","","",""
http://statistics.gov.scot/id/statistical-geography/S01001715,S01001715,0,0,0,0,0,0,0,0,0,16.67,28.57,22.22,"","","","","",""
http://statistics.gov.scot/id/statistical-geography/S01001716,S01001716,0,20,30,44.44,25,12.5,0,12.5,14.29,40,20,22.22,"","","","","",""
http://statistics.gov.scot/id/statistical-geography/S01001717,S01001717,0,0,0,0,0,0,0,0,0,0,0,0,"","","","","",""
http://statistics.gov.scot/id/statistical-geography/S01001718,S01001718,0,0,0,0,0,0,0,0,0,0,0,0,"","","","","",""
http://statistics.gov.scot/id/statistical-geography/S01001719,S01001719,0,0,0,0,0,0,0,0,0,0,0,11.11,"","","","","",""
http://statistics.gov.scot/id/statistical-geography/S01001720,S01001720,0,0,0,0,0,0,0,0,0,0,0,0,"","","","","",""
http://statistics.gov.scot/id/statistical-geography/S01001721,S01001721,0,0,0,0,0,0,33.33,50,33.33,0,0,0,"","","","","",""
http://statistics.gov.scot/id/statistical-geography/S01001722,S01001722,0,0,0,0,0,0,0,0,0,0,0,0,"","","","","",""
http://statistics.gov.scot/id/statistical-geography/S01001723,S01001723,0,0,0,0,0,0,0,0,0,0,0,0,"","","","","",""
http://statistics.gov.scot/id/statistical-geography/S01001724,S01001724,42.86,42.86,20,30,30,33.33,20,25,40,30,25,20,"","","","","",""
http://statistics.gov.scot/id/statistical-geography/S01001725,S01001725,50,22.22,10,25,25,23.08,21.43,37.5,38.46,36.36,16.67,25,"","","","","",""
http://statistics.gov.scot/id/statistical-geography/S01001726,S01001726,0,0,0,0,0,0,0,0,0,0,16.67,14.29,"","","","","",""
http://statistics.gov.scot/id/statistical-geography/S01001727,S01001727,0,0,0,0,0,0,0,0,0,0,0,0,"","","","","",""
http://statistics.gov.scot/id/statistical-geography/S01001728,S01001728,0,0,0,0,0,0,0,0,0,0,0,0,"","","","","",""
http://statistics.gov.scot/id/statistical-geography/S01001729,S01001729,0,0,0,5.88,9.09,20,9.09,20,10,7.69,0,0,"","","","","",""
http://statistics.gov.scot/id/statistical-geography/S01001730,S01001730,0,0,0,0,0,0,0,0,0,0,0,0,"","","","","",""
http://statistics.gov.scot/id/statistical-geography/S01001731,S01001731,11.11,0,0,0,0,0,0,0,0,0,0,0,"","","","","",""
http://statistics.gov.scot/id/statistical-geography/S01001732,S01001732,22.22,11.11,0,0,0,0,0,0,16.67,25,25,14.29,"","","","","",""
http://statistics.gov.scot/id/statistical-geography/S01001733,S01001733,0,0,11.11,9.09,7.69,0,6.25,7.14,7.14,0,0,0,"","","","","",""
http://statistics.gov.scot/id/statistical-geography/S01001734,S01001734,0,0,0,0,0,0,0,0,0,0,0,0,"","","","","",""
http://statistics.gov.scot/id/statistical-geography/S01001735,S01001735,0,0,0,0,0,0,0,0,0,0,0,0,"","","","","",""
http://statistics.gov.scot/id/statistical-geography/S01001736,S01001736,0,0,0,0,0,0,25,50,50,25,0,0,"","","","","",""
http://statistics.gov.scot/id/statistical-geography/S01001737,S01001737,4.76,0,0,0,0,0,0,0,0,0,0,0,"","","","","",""
http://statistics.gov.scot/id/statistical-geography/S01001738,S01001738,0,0,0,0,0,14.29,11.11,11.11,0,0,14.29,20,"","","","","",""
http://statistics.gov.scot/id/statistical-geography/S01001739,S01001739,15.38,10,0,0,0,0,0,0,0,0,0,7.14,"","","","","",""
http://statistics.gov.scot/id/statistical-geography/S01001740,S01001740,0,0,12.5,11.11,11.11,0,0,0,0,0,0,0,"","","","","",""
http://statistics.gov.scot/id/statistical-geography/S01001741,S01001741,40,40,33.33,22.22,0,20,33.33,50,22.22,16.67,20,42.86,"","","","","",""
http://statistics.gov.scot/id/statistical-geography/S01001742,S01001742,61.54,40,42.86,50,57.14,50,57.14,50,37.5,20,8.33,0,"","","","","",""
http://statistics.gov.scot/id/statistical-geography/S01001743,S01001743,26.67,25,38.1,41.67,46.15,38.1,31.82,14.29,8.7,17.65,27.27,57.14,"","","","","",""
http://statistics.gov.scot/id/statistical-geography/S01001744,S01001744,0,0,0,14.29,12.5,11.11,0,14.29,28.57,33.33,25,0,"","","","","",""
http://statistics.gov.scot/id/statistical-geography/S01001745,S01001745,0,0,0,0,0,0,4.17,5.56,6.67,0,0,0,"","","","","",""
http://statistics.gov.scot/id/statistical-geography/S01001746,S01001746,0,0,0,0,16.67,11.11,9.09,0,0,0,0,0,"","","","","",""
http://statistics.gov.scot/id/statistical-geography/S01001747,S01001747,0,0,0,14.29,16.67,33.33,33.33,50,33.33,33.33,33.33,25,"","","","","",""
http://statistics.gov.scot/id/statistical-geography/S01001748,S01001748,0,0,0,0,0,0,0,0,0,0,0,0,"","","","","",""
http://statistics.gov.scot/id/statistical-geography/S01001749,S01001749,15.38,9.09,33.33,16.67,12.5,0,0,0,0,0,33.33,33.33,"","","","","",""
http://statistics.gov.scot/id/statistical-geography/S01001750,S01001750,25,10,0,0,0,0,0,0,0,0,14.29,25,"","","","","",""
http://statistics.gov.scot/id/statistical-geography/S01001751,S01001751,33.33,33.33,0,11.11,16.67,30.77,28.57,26.67,16.67,18.18,11.11,7.69,"","","","","",""
http://statistics.gov.scot/id/statistical-geography/S01001752,S01001752,0,0,0,12.5,14.29,12.5,0,0,0,6.25,6.25,7.14,"","","","","",""
http://statistics.gov.scot/id/statistical-geography/S01001753,S01001753,42.86,20,22.22,36.36,33.33,30.77,30,44.44,33.33,33.33,26.67,20,"","","","","",""
http://statistics.gov.scot/id/statistical-geography/S01001754,S01001754,0,0,0,0,0,0,0,0,0,0,0,0,"","","","","",""
http://statistics.gov.scot/id/statistical-geography/S01001755,S01001755,0,0,0,0,0,0,0,0,0,0,0,0,"","","","","",""
http://statistics.gov.scot/id/statistical-geography/S01001756,S01001756,0,0,0,0,0,0,0,0,0,0,0,0,"","","","","",""
http://statistics.gov.scot/id/statistical-geography/S01001757,S01001757,12.5,12.5,28.57,20,20,20,20,33.33,25,42.86,33.33,60,"","","","","",""
http://statistics.gov.scot/id/statistical-geography/S01001758,S01001758,0,0,0,0,0,0,0,0,0,0,0,0,"","","","","",""
http://statistics.gov.scot/id/statistical-geography/S01001759,S01001759,10,11.11,10,8.33,8.33,17.65,23.08,21.43,20,25,15.38,11.11,"","","","","",""
http://statistics.gov.scot/id/statistical-geography/S01001760,S01001760,0,0,0,20,20,20,0,28.57,33.33,25,8.33,7.14,"","","","","",""
http://statistics.gov.scot/id/statistical-geography/S01001761,S01001761,29.41,23.53,17.65,20,27.27,30.77,36.36,45.45,33.33,40,20,14.29,"","","","","",""
http://statistics.gov.scot/id/statistical-geography/S01001762,S01001762,9.09,7.14,6.25,0,0,0,0,0,0,0,0,0,"","","","","",""
http://statistics.gov.scot/id/statistical-geography/S01001763,S01001763,0,0,0,0,0,0,0,0,0,0,0,16.67,"","","","","",""
http://statistics.gov.scot/id/statistical-geography/S01001764,S01001764,0,0,0,0,0,0,0,0,0,0,0,0,"","","","","",""
http://statistics.gov.scot/id/statistical-geography/S01001765,S01001765,14.29,20,16.67,0,0,0,0,0,0,0,0,7.14,"","","","","",""
http://statistics.gov.scot/id/statistical-geography/S01001766,S01001766,0,0,0,0,0,0,0,0,0,0,14.29,16.67,"","","","","",""
http://statistics.gov.scot/id/statistical-geography/S01001767,S01001767,0,0,0,16.67,14.29,14.29,0,0,0,0,0,0,"","","","","",""
http://statistics.gov.scot/id/statistical-geography/S01001768,S01001768,0,0,100,50,25,0,0,0,0,0,0,0,"","","","","",""
http://statistics.gov.scot/id/statistical-geography/S01001769,S01001769,0,0,0,0,0,0,0,0,12.5,16.67,14.29,0,"","","","","",""
http://statistics.gov.scot/id/statistical-geography/S01001770,S01001770,14.29,15.38,7.14,0,10,25,33.33,33.33,20,0,7.14,13.04,"","","","","",""
http://statistics.gov.scot/id/statistical-geography/S01001771,S01001771,10,9.09,0,0,0,16.67,14.29,12.5,0,0,0,0,"","","","","",""
http://statistics.gov.scot/id/statistical-geography/S01001772,S01001772,0,0,0,0,0,0,0,0,0,0,0,0,"","","","","",""
http://statistics.gov.scot/id/statistical-geography/S01001773,S01001773,23.08,21.43,15.38,8.33,8.33,18.18,14.29,22.22,7.69,5.26,0,0,"","","","","",""
http://statistics.gov.scot/id/statistical-geography/S01001774,S01001774,0,0,0,0,0,0,0,0,0,0,0,0,"","","","","",""
http://statistics.gov.scot/id/statistical-geography/S01001775,S01001775,0,0,0,0,0,0,0,0,0,0,0,0,"","","","","",""
http://statistics.gov.scot/id/statistical-geography/S01001776,S01001776,0,0,0,0,0,0,0,0,0,0,0,0,"","","","","",""
http://statistics.gov.scot/id/statistical-geography/S01001777,S01001777,0,0,0,0,0,0,0,0,0,0,0,0,"","","","","",""
http://statistics.gov.scot/id/statistical-geography/S01001778,S01001778,0,0,0,14.29,16.67,25,18.18,33.33,22.22,25,16.67,23.08,"","","","","",""
http://statistics.gov.scot/id/statistical-geography/S01001779,S01001779,0,0,0,0,0,0,0,20,25,50,0,0,"","","","","",""
http://statistics.gov.scot/id/statistical-geography/S01001780,S01001780,0,0,13.33,15.38,25,14.29,11.76,6.67,12.5,16.67,11.76,11.11,"","","","","",""
http://statistics.gov.scot/id/statistical-geography/S01001781,S01001781,0,11.11,11.11,12.5,0,0,0,0,0,0,0,0,"","","","","",""
http://statistics.gov.scot/id/statistical-geography/S01001782,S01001782,0,0,0,0,0,8.33,6.67,6.67,0,0,0,0,"","","","","",""
http://statistics.gov.scot/id/statistical-geography/S01001783,S01001783,28.57,41.18,38.89,43.75,26.67,40,28.57,28.57,20,30,23.08,16.67,"","","","","",""
http://statistics.gov.scot/id/statistical-geography/S01001784,S01001784,20,12.5,0,0,6.67,8.33,7.69,0,0,25,25,25,"","","","","",""
http://statistics.gov.scot/id/statistical-geography/S01001785,S01001785,8.33,9.09,0,0,0,0,0,0,0,0,0,0,"","","","","",""
http://statistics.gov.scot/id/statistical-geography/S01001786,S01001786,0,0,0,0,0,0,0,12.5,12.5,12.5,0,0,"","","","","",""
http://statistics.gov.scot/id/statistical-geography/S01001787,S01001787,0,0,0,0,0,0,0,0,0,0,10,11.11,"","","","","",""
http://statistics.gov.scot/id/statistical-geography/S01001788,S01001788,0,0,0,25,33.33,40,12.5,10,0,0,0,0,"","","","","",""
http://statistics.gov.scot/id/statistical-geography/S01001789,S01001789,11.11,15.38,22.22,10,24,19.05,42.86,23.08,23.53,10.53,5.88,0,"","","","","",""
http://statistics.gov.scot/id/statistical-geography/S01001790,S01001790,0,0,0,0,0,0,0,0,0,0,0,0,"","","","","",""
http://statistics.gov.scot/id/statistical-geography/S01001791,S01001791,0,0,0,0,0,0,0,0,16.67,20,16.67,12.5,"","","","","",""
http://statistics.gov.scot/id/statistical-geography/S01001792,S01001792,0,0,0,0,0,0,0,0,0,0,0,0,"","","","","",""
http://statistics.gov.scot/id/statistical-geography/S01001793,S01001793,7.14,7.69,0,0,0,8.33,16.67,8.33,7.69,7.14,16.67,0,"","","","","",""
http://statistics.gov.scot/id/statistical-geography/S01001794,S01001794,16.67,40,42.86,66.67,33.33,16.67,0,0,0,0,0,0,"","","","","",""
http://statistics.gov.scot/id/statistical-geography/S01001795,S01001795,0,0,0,0,0,0,0,0,0,0,0,0,"","","","","",""
http://statistics.gov.scot/id/statistical-geography/S01001796,S01001796,0,0,0,0,0,0,0,0,0,0,0,0,"","","","","",""
http://statistics.gov.scot/id/statistical-geography/S01001797,S01001797,0,0,10,11.11,33.33,25,14.29,11.11,9.09,11.11,0,0,"","","","","",""
http://statistics.gov.scot/id/statistical-geography/S01001798,S01001798,0,0,0,0,0,0,0,0,0,0,0,0,"","","","","",""
http://statistics.gov.scot/id/statistical-geography/S01001799,S01001799,50,38.46,45.45,60,61.54,50,40,29.41,36.36,35,47.06,44.44,"","","","","",""
http://statistics.gov.scot/id/statistical-geography/S01001800,S01001800,0,0,0,0,6.67,5.56,6.67,0,0,0,0,0,"","","","","",""
http://statistics.gov.scot/id/statistical-geography/S01001801,S01001801,0,0,0,0,0,0,0,0,0,0,0,0,"","","","","",""
http://statistics.gov.scot/id/statistical-geography/S01001802,S01001802,10,5.26,0,0,0,0,0,9.52,10,17.65,8.33,16.67,"","","","","",""
http://statistics.gov.scot/id/statistical-geography/S01001803,S01001803,5.56,6.25,6.45,4.35,4.76,0,0,0,4.35,7.14,8.33,0,"","","","","",""
http://statistics.gov.scot/id/statistical-geography/S01001804,S01001804,0,0,0,0,0,0,0,0,11.11,10,13.33,0,"","","","","",""
http://statistics.gov.scot/id/statistical-geography/S01001805,S01001805,33.33,11.11,0,9.09,6.67,7.69,0,0,8.33,11.11,16.67,0,"","","","","",""
http://statistics.gov.scot/id/statistical-geography/S01001806,S01001806,0,0,0,0,0,0,0,0,0,0,0,0,"","","","","",""
http://statistics.gov.scot/id/statistical-geography/S01001807,S01001807,0,0,10,12.5,12.5,0,0,0,0,0,0,0,"","","","","",""
http://statistics.gov.scot/id/statistical-geography/S01001808,S01001808,60,50,37.5,33.33,25,25,28.57,44.44,33.33,23.08,7.69,10,"","","","","",""
http://statistics.gov.scot/id/statistical-geography/S01001809,S01001809,28.57,20,40,54.55,41.18,33.33,18.18,16.67,13.79,21.43,20.83,27.78,"","","","","",""
http://statistics.gov.scot/id/statistical-geography/S01001810,S01001810,18.18,23.08,22.22,9.09,0,7.69,14.29,11.76,7.14,0,0,0,"","","","","",""
http://statistics.gov.scot/id/statistical-geography/S01001811,S01001811,16.67,20,0,0,0,0,33.33,33.33,20,0,0,0,"","","","","",""
http://statistics.gov.scot/id/statistical-geography/S01001812,S01001812,0,0,0,0,0,0,0,0,0,0,0,0,"","","","","",""
http://statistics.gov.scot/id/statistical-geography/S01001813,S01001813,0,0,0,0,0,0,0,0,0,0,0,0,"","","","","",""
http://statistics.gov.scot/id/statistical-geography/S01001814,S01001814,7.14,3.85,0,0,9.09,11.11,20,11.11,10.53,0,0,0,"","","","","",""
http://statistics.gov.scot/id/statistical-geography/S01001815,S01001815,0,0,0,0,0,0,0,20,16.67,28.57,12.5,20,"","","","","",""
http://statistics.gov.scot/id/statistical-geography/S01001816,S01001816,0,0,0,0,0,0,0,0,0,0,0,0,"","","","","",""
http://statistics.gov.scot/id/statistical-geography/S01001817,S01001817,15.38,36.36,42.86,42.86,37.5,40,36.36,18.18,11.11,0,20,25,"","","","","",""
http://statistics.gov.scot/id/statistical-geography/S01001818,S01001818,0,14.29,11.11,12.5,0,0,0,0,10,12.5,16.67,0,"","","","","",""
http://statistics.gov.scot/id/statistical-geography/S01001819,S01001819,0,0,0,0,0,0,0,0,0,0,0,0,"","","","","",""
http://statistics.gov.scot/id/statistical-geography/S01001820,S01001820,46.15,46.15,57.14,46.67,21.43,21.43,22.22,20,5,0,10,11.11,"","","","","",""
http://statistics.gov.scot/id/statistical-geography/S01001821,S01001821,6.67,12.5,9.09,8.33,11.54,11.11,11.11,4,3.85,0,0,0,"","","","","",""
http://statistics.gov.scot/id/statistical-geography/S01001822,S01001822,4.76,12.5,17.65,12.5,0,0,0,0,0,0,0,0,"","","","","",""
http://statistics.gov.scot/id/statistical-geography/S01001823,S01001823,56,47.83,47.37,40,42.86,39.39,35.71,25,25,25,31.25,23.08,"","","","","",""
http://statistics.gov.scot/id/statistical-geography/S01001824,S01001824,25,33.33,12.5,11.11,8.33,9.09,0,0,0,0,0,0,"","","","","",""
http://statistics.gov.scot/id/statistical-geography/S01001825,S01001825,0,0,0,0,0,0,0,0,0,0,0,0,"","","","","",""
http://statistics.gov.scot/id/statistical-geography/S01001826,S01001826,43.75,38.89,22.22,11.76,8.33,23.08,30,36.36,33.33,38.46,30,0,"","","","","",""
http://statistics.gov.scot/id/statistical-geography/S01001827,S01001827,29.17,38.46,43.48,41.18,31.25,22.73,32,26.67,23.81,5.56,0,0,"","","","","",""
http://statistics.gov.scot/id/statistical-geography/S01001828,S01001828,0,0,0,16.67,14.29,11.11,0,0,0,0,0,0,"","","","","",""
http://statistics.gov.scot/id/statistical-geography/S01001829,S01001829,8.33,7.14,7.14,8.33,0,0,0,0,0,0,0,0,"","","","","",""
http://statistics.gov.scot/id/statistical-geography/S01001830,S01001830,16.67,16.67,14.29,12.5,12.5,9.09,0,11.11,12.5,12.5,16.67,50,"","","","","",""
http://statistics.gov.scot/id/statistical-geography/S01001831,S01001831,33.33,33.33,14.29,0,25,22.22,22.22,0,14.29,16.67,20,0,"","","","","",""
http://statistics.gov.scot/id/statistical-geography/S01001832,S01001832,12.5,12.5,30,20,20,0,0,0,7.69,8.33,12.5,0,"","","","","",""
http://statistics.gov.scot/id/statistical-geography/S01001833,S01001833,0,0,0,0,0,0,0,0,0,0,0,0,"","","","","",""
http://statistics.gov.scot/id/statistical-geography/S01001834,S01001834,0,0,0,0,0,25,16.67,14.29,0,0,0,0,"","","","","",""
http://statistics.gov.scot/id/statistical-geography/S01001835,S01001835,0,0,0,0,0,0,0,4.76,5.88,8.33,0,0,"","","","","",""
http://statistics.gov.scot/id/statistical-geography/S01001836,S01001836,0,0,0,0,0,0,0,0,0,0,0,0,"","","","","",""
http://statistics.gov.scot/id/statistical-geography/S01001837,S01001837,0,0,0,0,0,0,0,0,0,0,0,0,"","","","","",""
http://statistics.gov.scot/id/statistical-geography/S01001838,S01001838,27.27,50,0,0,0,14.29,11.11,11.11,0,0,0,0,"","","","","",""
http://statistics.gov.scot/id/statistical-geography/S01001839,S01001839,54.55,35.71,28.57,41.67,44.44,50,33.33,20,36.36,25,37.5,22.22,"","","","","",""
http://statistics.gov.scot/id/statistical-geography/S01001840,S01001840,25,14.29,12.5,0,0,10,11.11,8.33,0,0,0,0,"","","","","",""
http://statistics.gov.scot/id/statistical-geography/S01001841,S01001841,38.46,13.33,10,8.33,14.29,0,0,0,0,0,0,0,"","","","","",""
http://statistics.gov.scot/id/statistical-geography/S01001842,S01001842,0,0,0,0,0,0,0,6.25,4.76,4.55,0,0,"","","","","",""
http://statistics.gov.scot/id/statistical-geography/S01001843,S01001843,54.55,57.14,57.14,45.45,33.33,50,55.56,50,27.27,18.18,21.43,22.22,"","","","","",""
http://statistics.gov.scot/id/statistical-geography/S01001844,S01001844,0,0,0,12.5,8.33,7.69,0,0,9.09,9.09,10,11.11,"","","","","",""
http://statistics.gov.scot/id/statistical-geography/S01001845,S01001845,0,7.14,7.69,8.33,0,0,0,0,0,0,0,0,"","","","","",""
http://statistics.gov.scot/id/statistical-geography/S01001846,S01001846,0,0,7.69,9.09,6.67,0,6.67,7.14,7.14,0,0,0,"","","","","",""
http://statistics.gov.scot/id/statistical-geography/S01001847,S01001847,42.86,50,36.36,35.71,37.5,33.33,33.33,28.57,28.57,25,11.11,25,"","","","","",""
http://statistics.gov.scot/id/statistical-geography/S01001848,S01001848,20,28.57,11.11,12.5,10,0,9.09,15.38,25,42.86,42.86,57.14,"","","","","",""
http://statistics.gov.scot/id/statistical-geography/S01001849,S01001849,0,0,0,0,0,0,0,0,0,0,0,0,"","","","","",""
http://statistics.gov.scot/id/statistical-geography/S01001850,S01001850,6.67,7.14,0,0,0,0,0,0,11.11,14.29,16.67,14.29,"","","","","",""
http://statistics.gov.scot/id/statistical-geography/S01001851,S01001851,0,0,5.26,5.56,6.25,6.67,5.26,5.26,5.26,7.14,10,0,"","","","","",""
http://statistics.gov.scot/id/statistical-geography/S01001852,S01001852,0,14.29,16.67,20,16.67,25,28.57,12.5,11.11,0,0,0,"","","","","",""
http://statistics.gov.scot/id/statistical-geography/S01001853,S01001853,0,0,0,0,0,7.14,9.09,12.5,0,0,0,0,"","","","","",""
http://statistics.gov.scot/id/statistical-geography/S01001854,S01001854,6.25,11.11,20,18.18,16.67,10,15,13.64,10,7.69,25,33.33,"","","","","",""
http://statistics.gov.scot/id/statistical-geography/S01001855,S01001855,3.7,3.57,0,0,0,0,0,0,0,0,0,0,"","","","","",""
http://statistics.gov.scot/id/statistical-geography/S01001856,S01001856,60,66.67,62.5,33.33,25,22.22,14.29,7.14,0,0,0,0,"","","","","",""
http://statistics.gov.scot/id/statistical-geography/S01001857,S01001857,57.14,28.57,0,14.29,20,12.5,12.5,15.38,25,18.18,16.67,0,"","","","","",""
http://statistics.gov.scot/id/statistical-geography/S01001858,S01001858,0,0,0,0,0,0,0,0,0,0,0,0,"","","","","",""
http://statistics.gov.scot/id/statistical-geography/S01001859,S01001859,50,37.5,27.27,21.43,14.29,17.39,15,30.43,28.57,29.41,16.67,33.33,"","","","","",""
http://statistics.gov.scot/id/statistical-geography/S01001860,S01001860,7.14,7.69,9.09,0,0,0,0,0,0,7.69,11.11,14.29,"","","","","",""
http://statistics.gov.scot/id/statistical-geography/S01001861,S01001861,38.46,38.46,26.67,15.38,12.5,25,14.29,14.29,10.53,10,7.14,0,"","","","","",""
http://statistics.gov.scot/id/statistical-geography/S01001862,S01001862,33.33,37.5,22.22,12.5,12.5,14.29,9.09,0,0,0,0,0,"","","","","",""
http://statistics.gov.scot/id/statistical-geography/S01001863,S01001863,9.09,12.5,0,0,0,10,12.5,10.53,5.88,0,11.11,16.67,"","","","","",""
http://statistics.gov.scot/id/statistical-geography/S01001864,S01001864,46.67,29.41,28.57,30.43,29.63,37.93,33.33,27.27,12.9,13.16,6.9,16.67,"","","","","",""
http://statistics.gov.scot/id/statistical-geography/S01001865,S01001865,25,52.63,52.38,55,43.75,50,34.78,30.77,16,20,9.09,44.44,"","","","","",""
http://statistics.gov.scot/id/statistical-geography/S01001866,S01001866,0,0,0,0,0,0,0,0,0,0,0,0,"","","","","",""
http://statistics.gov.scot/id/statistical-geography/S01001867,S01001867,0,0,0,0,14.29,29.41,36.84,42.11,26.32,31.25,22.22,25,"","","","","",""
http://statistics.gov.scot/id/statistical-geography/S01001868,S01001868,0,0,0,0,0,0,0,0,0,16.67,14.29,20,"","","","","",""
http://statistics.gov.scot/id/statistical-geography/S01001869,S01001869,14.29,12.5,0,0,0,0,0,0,0,0,0,0,"","","","","",""
http://statistics.gov.scot/id/statistical-geography/S01001870,S01001870,56.25,45,35.29,31.25,50,40.91,40,25.93,19.05,27.27,16.67,15,"","","","","",""
http://statistics.gov.scot/id/statistical-geography/S01001871,S01001871,8.33,0,0,0,0,5.26,8.11,7.69,2.63,0,5.56,22.22,"","","","","",""
http://statistics.gov.scot/id/statistical-geography/S01001872,S01001872,13.33,23.08,20,25,10,14.29,11.11,15,13.33,9.09,0,0,"","","","","",""
http://statistics.gov.scot/id/statistical-geography/S01001873,S01001873,0,0,0,0,0,9.09,8.33,7.14,0,0,0,0,"","","","","",""
http://statistics.gov.scot/id/statistical-geography/S01001874,S01001874,66.67,50,37.5,56.25,52.63,50,37.5,31.58,20.83,22.22,13.04,19.05,"","","","","",""
http://statistics.gov.scot/id/statistical-geography/S01001875,S01001875,0,0,0,0,0,0,0,0,0,0,0,0,"","","","","",""
http://statistics.gov.scot/id/statistical-geography/S01001876,S01001876,0,12.5,12.5,10,21.43,26.67,23.53,11.76,13.33,14.29,11.11,0,"","","","","",""
http://statistics.gov.scot/id/statistical-geography/S01001877,S01001877,50,18.75,22.22,17.65,53.33,46.67,44.44,21.43,31.25,31.25,33.33,26.32,"","","","","",""
http://statistics.gov.scot/id/statistical-geography/S01001878,S01001878,0,0,7.14,9.09,10,12.5,9.09,10,0,0,0,0,"","","","","",""
http://statistics.gov.scot/id/statistical-geography/S01001879,S01001879,40,31.58,26.67,31.25,21.05,29.17,22.73,33.33,25,20,9.09,0,"","","","","",""
http://statistics.gov.scot/id/statistical-geography/S01001880,S01001880,35,31.25,23.53,5.56,15,19.05,25,19.23,20.69,13.04,13.04,11.76,"","","","","",""
http://statistics.gov.scot/id/statistical-geography/S01001881,S01001881,11.11,0,0,0,0,0,0,0,0,0,0,0,"","","","","",""
http://statistics.gov.scot/id/statistical-geography/S01001882,S01001882,5,6.25,14.29,12.5,6.25,0,0,0,6.25,7.69,16.67,10,"","","","","",""
http://statistics.gov.scot/id/statistical-geography/S01001883,S01001883,0,0,0,0,0,0,0,0,0,0,0,0,"","","","","",""
http://statistics.gov.scot/id/statistical-geography/S01001884,S01001884,50,42.86,37.5,25,16.67,16.67,7.14,9.09,7.69,9.09,8.33,16.67,"","","","","",""
http://statistics.gov.scot/id/statistical-geography/S01001885,S01001885,0,0,0,0,0,0,7.69,7.14,5.26,0,0,0,"","","","","",""
http://statistics.gov.scot/id/statistical-geography/S01001886,S01001886,40,25,33.33,50,57.14,44.44,25,25,12.5,20,0,25,"","","","","",""
http://statistics.gov.scot/id/statistical-geography/S01001887,S01001887,40,50,36.36,16.67,8.33,16.67,20,18.75,12.5,9.09,0,0,"","","","","",""
http://statistics.gov.scot/id/statistical-geography/S01001888,S01001888,0,0,0,0,0,0,0,0,0,0,0,0,"","","","","",""
http://statistics.gov.scot/id/statistical-geography/S01001889,S01001889,8.33,9.09,0,0,9.09,9.09,15.38,20,18.18,10,0,0,"","","","","",""
http://statistics.gov.scot/id/statistical-geography/S01001890,S01001890,21.74,12.5,10,13.33,21.43,21.05,19.05,12.5,5,0,0,11.11,"","","","","",""
http://statistics.gov.scot/id/statistical-geography/S01001891,S01001891,33.33,28.57,0,0,11.11,18.18,20,18.18,27.27,25,14.29,0,"","","","","",""
http://statistics.gov.scot/id/statistical-geography/S01001892,S01001892,46.34,50,53.33,53.57,43.33,37.5,27.5,16.67,13.95,7.41,11.76,10,"","","","","",""
http://statistics.gov.scot/id/statistical-geography/S01001893,S01001893,25,21.05,29.41,33.33,33.33,30.43,29.63,28,15.15,9.68,15.38,31.25,"","","","","",""
http://statistics.gov.scot/id/statistical-geography/S01001894,S01001894,53.85,38.46,55.56,42.86,52.94,46.15,47.06,36.84,25,21.05,20,37.5,"","","","","",""
http://statistics.gov.scot/id/statistical-geography/S01001895,S01001895,33.33,12.5,7.14,11.76,25,33.33,30.77,15.38,15.38,10,8.33,11.11,"","","","","",""
http://statistics.gov.scot/id/statistical-geography/S01001896,S01001896,0,10,14.29,16.67,0,0,0,0,0,0,0,0,"","","","","",""
http://statistics.gov.scot/id/statistical-geography/S01001897,S01001897,55,52.38,47.37,38.1,23.81,17.39,19.05,38.46,40,39.13,23.08,20,"","","","","",""
http://statistics.gov.scot/id/statistical-geography/S01001898,S01001898,42.86,44.44,40,38.46,33.33,20,0,36.36,40,50,27.27,12.5,"","","","","",""
http://statistics.gov.scot/id/statistical-geography/S01001899,S01001899,18.18,12.5,16.67,14.29,0,0,5.88,9.09,9.09,5.56,0,0,"","","","","",""
http://statistics.gov.scot/id/statistical-geography/S01001900,S01001900,12.5,0,0,12.5,12.5,12.5,0,0,0,0,16.67,33.33,"","","","","",""
http://statistics.gov.scot/id/statistical-geography/S01001901,S01001901,9.09,10,0,0,0,0,0,0,0,0,0,0,"","","","","",""
http://statistics.gov.scot/id/statistical-geography/S01001902,S01001902,6.67,7.14,11.11,0,0,0,0,0,0,0,0,0,"","","","","",""
http://statistics.gov.scot/id/statistical-geography/S01001903,S01001903,50,50,14.29,33.33,36.36,40,16.67,14.29,12.5,12.5,6.67,0,"","","","","",""
http://statistics.gov.scot/id/statistical-geography/S01001904,S01001904,18.18,14.29,20,12.5,16.67,16.67,16.67,0,0,0,6.67,25,"","","","","",""
http://statistics.gov.scot/id/statistical-geography/S01001905,S01001905,0,0,0,0,0,0,0,0,0,0,0,0,"","","","","",""
http://statistics.gov.scot/id/statistical-geography/S01001906,S01001906,38.71,29.03,32,30.43,36.36,45.83,55.56,44.83,30.77,27.59,26.09,31.58,"","","","","",""
http://statistics.gov.scot/id/statistical-geography/S01001907,S01001907,37.5,33.33,25,0,0,12.5,22.22,44.44,33.33,36.36,18.18,37.5,"","","","","",""
http://statistics.gov.scot/id/statistical-geography/S01001908,S01001908,0,0,0,0,0,0,0,0,0,0,7.69,10,"","","","","",""
http://statistics.gov.scot/id/statistical-geography/S01001909,S01001909,39.13,47.06,50,44.44,23.08,24,12.5,25,18.18,21.74,15,16.67,"","","","","",""
http://statistics.gov.scot/id/statistical-geography/S01001910,S01001910,23.08,7.14,0,6.25,17.65,17.65,15,8.33,8.33,9.52,6.25,7.69,"","","","","",""
http://statistics.gov.scot/id/statistical-geography/S01001911,S01001911,0,0,0,0,0,0,0,0,0,0,0,0,"","","","","",""
http://statistics.gov.scot/id/statistical-geography/S01001912,S01001912,0,0,0,0,0,0,13.33,11.11,10,0,12.5,12.5,"","","","","",""
http://statistics.gov.scot/id/statistical-geography/S01001913,S01001913,14.29,11.11,10.53,6.67,0,10,8.33,7.69,0,6.25,13.33,22.22,"","","","","",""
http://statistics.gov.scot/id/statistical-geography/S01001914,S01001914,0,0,0,0,0,0,0,0,0,0,0,0,"","","","","",""
http://statistics.gov.scot/id/statistical-geography/S01001915,S01001915,0,0,9.09,9.09,8.33,0,7.69,8.33,9.09,0,0,0,"","","","","",""
http://statistics.gov.scot/id/statistical-geography/S01001916,S01001916,0,0,0,0,0,0,0,0,0,0,0,0,"","","","","",""
http://statistics.gov.scot/id/statistical-geography/S01001917,S01001917,0,0,14.29,16.67,20,0,12.5,7.14,8.33,0,0,0,"","","","","",""
http://statistics.gov.scot/id/statistical-geography/S01001918,S01001918,0,0,0,9.09,8.33,10,0,0,0,0,3.23,5.56,"","","","","",""
http://statistics.gov.scot/id/statistical-geography/S01001919,S01001919,0,6.67,8.33,11.11,0,0,0,0,0,0,0,0,"","","","","",""
http://statistics.gov.scot/id/statistical-geography/S01001920,S01001920,10,9.09,8.33,0,0,11.11,22.22,16.67,10,0,16.67,11.11,"","","","","",""
http://statistics.gov.scot/id/statistical-geography/S01001921,S01001921,8.33,0,10,9.09,20,0,11.11,10,20,0,20,12.5,"","","","","",""
http://statistics.gov.scot/id/statistical-geography/S01001922,S01001922,7.69,10,0,14.29,22.22,15.38,5.88,0,0,0,0,0,"","","","","",""
http://statistics.gov.scot/id/statistical-geography/S01001923,S01001923,30,40.91,42.86,37.5,13.64,24.14,32.14,31.25,22.73,11.11,11.11,12.5,"","","","","",""
http://statistics.gov.scot/id/statistical-geography/S01001924,S01001924,0,0,0,0,0,0,5.56,11.11,20,12.5,0,0,"","","","","",""
http://statistics.gov.scot/id/statistical-geography/S01001925,S01001925,0,0,0,0,0,0,0,0,0,0,0,0,"","","","","",""
http://statistics.gov.scot/id/statistical-geography/S01001926,S01001926,46.67,37.5,33.33,50,35.29,40,14.29,25,18.75,22.22,7.14,18.18,"","","","","",""
http://statistics.gov.scot/id/statistical-geography/S01001927,S01001927,0,0,0,0,0,0,0,0,0,0,0,0,"","","","","",""
http://statistics.gov.scot/id/statistical-geography/S01001928,S01001928,0,0,0,0,7.69,5.88,7.14,0,0,0,0,0,"","","","","",""
http://statistics.gov.scot/id/statistical-geography/S01001929,S01001929,9.09,10,7.69,0,0,0,0,7.14,7.14,7.14,0,0,"","","","","",""
http://statistics.gov.scot/id/statistical-geography/S01001930,S01001930,6.25,5.88,7.69,0,0,7.69,8.33,6.67,0,0,0,0,"","","","","",""
http://statistics.gov.scot/id/statistical-geography/S01001931,S01001931,30,28.57,22.22,22.22,25,40,42.86,33.33,22.22,11.76,0,0,"","","","","",""
http://statistics.gov.scot/id/statistical-geography/S01001932,S01001932,50,40,50,44.44,40,30,20,14.29,11.11,14.29,12.5,13.33,"","","","","",""
http://statistics.gov.scot/id/statistical-geography/S01001933,S01001933,0,0,0,0,0,0,0,0,0,0,0,0,"","","","","",""
http://statistics.gov.scot/id/statistical-geography/S01001934,S01001934,0,0,0,0,0,0,5.88,3.85,9.09,5.26,7.14,0,"","","","","",""
http://statistics.gov.scot/id/statistical-geography/S01001935,S01001935,55.56,50,50,33.33,43.75,42.11,31.82,25,24,27.27,26.67,23.08,"","","","","",""
http://statistics.gov.scot/id/statistical-geography/S01001936,S01001936,0,0,7.14,5.56,6.25,7.69,8.33,6.25,0,0,0,0,"","","","","",""
http://statistics.gov.scot/id/statistical-geography/S01001937,S01001937,0,0,0,0,16.67,28.57,28.57,25,18.18,22.22,0,0,"","","","","",""
http://statistics.gov.scot/id/statistical-geography/S01001938,S01001938,0,0,0,0,0,0,0,0,0,0,0,0,"","","","","",""
http://statistics.gov.scot/id/statistical-geography/S01001939,S01001939,0,0,0,0,0,0,0,0,0,0,0,0,"","","","","",""
http://statistics.gov.scot/id/statistical-geography/S01001940,S01001940,0,0,6.25,5.88,6.67,0,7.69,8.33,7.14,0,0,0,"","","","","",""
http://statistics.gov.scot/id/statistical-geography/S01001941,S01001941,0,0,0,0,0,0,0,0,0,0,0,0,"","","","","",""
http://statistics.gov.scot/id/statistical-geography/S01001942,S01001942,0,0,0,0,0,0,0,0,0,0,0,0,"","","","","",""
http://statistics.gov.scot/id/statistical-geography/S01001943,S01001943,8.33,23.08,30,27.27,28.57,25,12.5,20,23.08,20,15.38,10,"","","","","",""
http://statistics.gov.scot/id/statistical-geography/S01001944,S01001944,0,0,0,0,0,0,0,0,0,0,0,0,"","","","","",""
http://statistics.gov.scot/id/statistical-geography/S01001945,S01001945,0,0,0,0,0,0,0,0,0,0,0,"","","","","","",""
http://statistics.gov.scot/id/statistical-geography/S01001946,S01001946,33.33,25,7.69,0,21.43,35.71,43.75,28.57,26.09,29.41,27.27,25,"","","","","",""
http://statistics.gov.scot/id/statistical-geography/S01001947,S01001947,0,0,0,0,0,0,0,0,0,0,8.33,9.09,"","","","","",""
http://statistics.gov.scot/id/statistical-geography/S01001948,S01001948,38.46,44.44,46.15,41.18,44.44,60,56.67,40.63,23.08,15.63,21.74,28.57,"","","","","",""
http://statistics.gov.scot/id/statistical-geography/S01001949,S01001949,12.5,0,0,0,20,22.22,44.44,50,50,12.5,0,7.69,"","","","","",""
http://statistics.gov.scot/id/statistical-geography/S01001950,S01001950,25,15.38,0,0,0,0,0,5.26,3.57,3.57,0,5.26,"","","","","",""
http://statistics.gov.scot/id/statistical-geography/S01001951,S01001951,0,0,0,0,0,0,0,0,0,0,0,0,"","","","","",""
http://statistics.gov.scot/id/statistical-geography/S01001952,S01001952,7.69,14.29,14.29,0,0,0,0,0,0,0,0,0,"","","","","",""
http://statistics.gov.scot/id/statistical-geography/S01001953,S01001953,0,0,0,0,0,0,0,0,0,0,0,0,"","","","","",""
http://statistics.gov.scot/id/statistical-geography/S01001954,S01001954,37.5,11.11,0,0,0,0,0,0,0,0,0,0,"","","","","",""
http://statistics.gov.scot/id/statistical-geography/S01001955,S01001955,42.86,18.18,10,26.67,30.77,27.78,19.05,12.5,7.14,4.55,10.53,15.38,"","","","","",""
http://statistics.gov.scot/id/statistical-geography/S01001956,S01001956,41.18,29.41,37.5,30,33.33,26.67,25,22.22,36.36,30,20,12.5,"","","","","",""
http://statistics.gov.scot/id/statistical-geography/S01001957,S01001957,31.25,20,17.65,18.75,23.08,16.67,18.18,15.38,16.67,16.67,12.5,9.09,"","","","","",""
http://statistics.gov.scot/id/statistical-geography/S01001958,S01001958,0,0,0,20,16.67,12.5,16.67,13.33,21.43,20,25,12.5,"","","","","",""
http://statistics.gov.scot/id/statistical-geography/S01001959,S01001959,28.57,33.33,40,25,25,33.33,25,40,33.33,33.33,25,0,"","","","","",""
http://statistics.gov.scot/id/statistical-geography/S01001960,S01001960,0,0,0,0,0,0,0,0,0,0,0,0,"","","","","",""
http://statistics.gov.scot/id/statistical-geography/S01001961,S01001961,3.13,3.33,4,0,0,0,0,0,0,0,0,0,"","","","","",""
http://statistics.gov.scot/id/statistical-geography/S01001962,S01001962,14.29,14.29,22.22,16.67,22.22,0,0,5,4.17,6.67,7.14,10,"","","","","",""
http://statistics.gov.scot/id/statistical-geography/S01001963,S01001963,5.88,6.67,8.33,0,0,0,0,0,0,0,3.03,4,"","","","","",""
http://statistics.gov.scot/id/statistical-geography/S01001964,S01001964,7.69,11.11,10,3.85,5.88,6.25,18.18,6.25,4.76,0,0,0,"","","","","",""
http://statistics.gov.scot/id/statistical-geography/S01001965,S01001965,14.29,25,28.57,12.5,0,9.09,18.75,21.43,23.53,22.22,18.18,0,"","","","","",""
http://statistics.gov.scot/id/statistical-geography/S01001966,S01001966,31.25,26.32,41.67,50,38.89,20.83,15.38,10.34,5.56,2.78,7.69,11.11,"","","","","",""
http://statistics.gov.scot/id/statistical-geography/S01001967,S01001967,0,0,12.5,21.43,23.53,11.76,12,13.79,17.24,26.09,23.53,25,"","","","","",""
http://statistics.gov.scot/id/statistical-geography/S01001968,S01001968,0,7.14,7.69,6.25,0,0,0,0,6.25,7.14,12.5,0,"","","","","",""
http://statistics.gov.scot/id/statistical-geography/S01001969,S01001969,0,50,25,33.33,16.67,12.5,12.5,8.33,9.09,0,0,0,"","","","","",""
http://statistics.gov.scot/id/statistical-geography/S01001970,S01001970,0,0,0,0,0,0,0,0,0,0,0,0,"","","","","",""
http://statistics.gov.scot/id/statistical-geography/S01001971,S01001971,20,12.5,0,0,0,10,18.75,21.05,15.79,9.09,16.67,28.57,"","","","","",""
http://statistics.gov.scot/id/statistical-geography/S01001972,S01001972,7.14,3.57,0,0,0,0,0,5.56,5,6.25,0,0,"","","","","",""
http://statistics.gov.scot/id/statistical-geography/S01001973,S01001973,7.69,14.29,16.67,12.5,0,0,0,0,0,0,0,0,"","","","","",""
http://statistics.gov.scot/id/statistical-geography/S01001974,S01001974,0,0,0,0,0,0,0,0,0,0,0,0,"","","","","",""
http://statistics.gov.scot/id/statistical-geography/S01001975,S01001975,0,0,0,0,0,0,0,0,0,0,0,0,"","","","","",""
http://statistics.gov.scot/id/statistical-geography/S01001976,S01001976,22.22,16.67,8.33,10,9.09,0,0,0,0,0,0,0,"","","","","",""
http://statistics.gov.scot/id/statistical-geography/S01001977,S01001977,12.5,0,0,0,14.29,30,27.27,14.29,0,0,10,9.09,"","","","","",""
http://statistics.gov.scot/id/statistical-geography/S01001978,S01001978,40,12.5,8.33,13.33,15.79,20.69,17.14,20.93,18.42,24.24,23.81,22.22,"","","","","",""
http://statistics.gov.scot/id/statistical-geography/S01001979,S01001979,8.33,0,0,0,0,0,0,0,0,0,0,0,"","","","","",""
http://statistics.gov.scot/id/statistical-geography/S01001980,S01001980,7.14,0,0,0,0,0,0,0,3.7,4.35,5,0,"","","","","",""
http://statistics.gov.scot/id/statistical-geography/S01001981,S01001981,0,0,0,0,0,0,0,0,0,0,0,0,"","","","","",""
http://statistics.gov.scot/id/statistical-geography/S01001982,S01001982,63.64,85.71,55.56,44.44,33.33,50,50,20,22.22,12.5,12.5,0,"","","","","",""
http://statistics.gov.scot/id/statistical-geography/S01001983,S01001983,0,0,0,0,0,0,0,7.14,6.25,5,0,0,"","","","","",""
http://statistics.gov.scot/id/statistical-geography/S01001984,S01001984,0,0,0,0,0,0,0,0,0,0,0,0,"","","","","",""
http://statistics.gov.scot/id/statistical-geography/S01001985,S01001985,0,9.09,12.5,15.38,22.22,12.5,14.29,6.25,11.11,14.29,14.29,14.29,"","","","","",""
http://statistics.gov.scot/id/statistical-geography/S01001986,S01001986,0,0,0,7.14,6.67,8.33,0,6.25,4.76,5,0,0,"","","","","",""
http://statistics.gov.scot/id/statistical-geography/S01001987,S01001987,0,0,0,0,0,0,0,0,0,0,0,0,"","","","","",""
http://statistics.gov.scot/id/statistical-geography/S01001988,S01001988,0,0,0,11.11,8.33,22.22,9.09,7.69,0,0,0,0,"","","","","",""
http://statistics.gov.scot/id/statistical-geography/S01001989,S01001989,0,0,0,0,0,9.09,9.09,8.33,0,0,0,0,"","","","","",""
http://statistics.gov.scot/id/statistical-geography/S01001990,S01001990,0,0,0,0,0,0,0,0,0,0,0,0,"","","","","",""
http://statistics.gov.scot/id/statistical-geography/S01001991,S01001991,0,0,0,8.33,8.33,12.5,27.27,23.08,20,6.25,7.14,0,"","","","","",""
http://statistics.gov.scot/id/statistical-geography/S01001992,S01001992,0,0,0,0,0,0,0,0,0,0,0,0,"","","","","",""
http://statistics.gov.scot/id/statistical-geography/S01001993,S01001993,11.11,11.11,14.29,0,0,0,0,0,0,0,0,0,"","","","","",""
http://statistics.gov.scot/id/statistical-geography/S01001994,S01001994,5.56,7.69,0,0,0,0,0,0,4.35,4.17,4.76,0,"","","","","",""
http://statistics.gov.scot/id/statistical-geography/S01001995,S01001995,7.14,6.67,9.09,10,8.33,7.69,0,0,0,0,0,0,"","","","","",""
http://statistics.gov.scot/id/statistical-geography/S01001996,S01001996,0,0,0,0,0,0,0,0,0,0,0,0,"","","","","",""
http://statistics.gov.scot/id/statistical-geography/S01001997,S01001997,0,0,0,0,0,10,6.67,5.88,0,0,5.26,7.14,"","","","","",""
http://statistics.gov.scot/id/statistical-geography/S01001998,S01001998,7.14,0,0,0,0,12.5,9.09,11.54,4,5.26,0,0,"","","","","",""
http://statistics.gov.scot/id/statistical-geography/S01001999,S01001999,0,0,0,0,0,0,0,0,0,0,0,0,"","","","","",""
http://statistics.gov.scot/id/statistical-geography/S01002000,S01002000,20,23.08,8.33,10,23.53,20,17.65,0,12.5,16.67,16.67,0,"","","","","",""
http://statistics.gov.scot/id/statistical-geography/S01002001,S01002001,10.53,0,0,0,0,12.5,7.14,5.26,3.85,3.7,3.57,0,"","","","","",""
http://statistics.gov.scot/id/statistical-geography/S01002002,S01002002,0,0,0,0,0,0,0,0,0,0,0,0,"","","","","",""
http://statistics.gov.scot/id/statistical-geography/S01002003,S01002003,0,0,0,0,0,0,0,6.25,13.33,14.29,7.69,0,"","","","","",""
http://statistics.gov.scot/id/statistical-geography/S01002004,S01002004,11.11,11.76,0,0,0,0,0,0,0,0,0,0,"","","","","",""
http://statistics.gov.scot/id/statistical-geography/S01002005,S01002005,7.14,11.11,11.11,0,0,0,0,0,0,0,0,14.29,"","","","","",""
http://statistics.gov.scot/id/statistical-geography/S01002006,S01002006,7.41,12,6.67,9.09,0,0,0,5.26,5.56,10,0,0,"","","","","",""
http://statistics.gov.scot/id/statistical-geography/S01002007,S01002007,10.34,7.14,8.7,0,5.88,5.56,8.7,3.33,8.82,5.71,10,4,"","","","","",""
http://statistics.gov.scot/id/statistical-geography/S01002008,S01002008,0,0,0,0,0,0,0,0,0,0,0,0,"","","","","",""
http://statistics.gov.scot/id/statistical-geography/S01002009,S01002009,14.29,0,0,0,0,0,0,0,0,0,0,0,"","","","","",""
http://statistics.gov.scot/id/statistical-geography/S01002010,S01002010,0,0,0,0,0,0,0,0,0,0,0,0,"","","","","",""
http://statistics.gov.scot/id/statistical-geography/S01002011,S01002011,0,0,0,0,0,0,0,0,0,0,6.25,9.09,"","","","","",""
http://statistics.gov.scot/id/statistical-geography/S01002012,S01002012,0,0,0,0,7.69,9.09,9.09,0,5,5,6.67,0,"","","","","",""
http://statistics.gov.scot/id/statistical-geography/S01002013,S01002013,0,0,0,0,0,0,0,0,0,0,0,0,"","","","","",""
http://statistics.gov.scot/id/statistical-geography/S01002014,S01002014,0,0,0,0,0,0,0,0,0,0,0,0,"","","","","",""
http://statistics.gov.scot/id/statistical-geography/S01002015,S01002015,0,14.29,12.5,9.09,0,0,0,0,0,0,0,0,"","","","","",""
http://statistics.gov.scot/id/statistical-geography/S01002016,S01002016,0,0,0,0,0,0,0,0,0,0,0,0,"","","","","",""
http://statistics.gov.scot/id/statistical-geography/S01002017,S01002017,66.67,61.54,50,45.45,37.04,41.67,33.33,31.03,22.22,16.67,6.67,14.29,"","","","","",""
http://statistics.gov.scot/id/statistical-geography/S01002018,S01002018,0,0,0,0,0,0,0,0,0,0,0,0,"","","","","",""
http://statistics.gov.scot/id/statistical-geography/S01002019,S01002019,16.67,0,0,0,0,0,0,0,0,0,0,0,"","","","","",""
http://statistics.gov.scot/id/statistical-geography/S01002020,S01002020,0,0,0,0,0,0,0,0,0,0,0,0,"","","","","",""
http://statistics.gov.scot/id/statistical-geography/S01002021,S01002021,11.76,0,11.11,10,11.11,0,7.69,10.53,11.76,15.38,12.5,11.11,"","","","","",""
http://statistics.gov.scot/id/statistical-geography/S01002022,S01002022,0,0,9.09,15.38,17.65,12.5,6.25,0,4.35,5.26,8.33,12.5,"","","","","",""
http://statistics.gov.scot/id/statistical-geography/S01002023,S01002023,0,0,0,0,0,0,0,0,0,0,0,0,"","","","","",""
http://statistics.gov.scot/id/statistical-geography/S01002024,S01002024,0,0,0,0,0,0,0,0,0,0,0,0,"","","","","",""
http://statistics.gov.scot/id/statistical-geography/S01002025,S01002025,6.67,6.25,5.88,0,0,0,7.69,5.88,6.67,6.45,6.25,5.26,"","","","","",""
http://statistics.gov.scot/id/statistical-geography/S01002026,S01002026,0,0,0,0,0,0,0,0,0,0,0,0,"","","","","",""
http://statistics.gov.scot/id/statistical-geography/S01002027,S01002027,0,0,0,0,0,0,0,0,0,0,0,0,"","","","","",""
http://statistics.gov.scot/id/statistical-geography/S01002028,S01002028,0,0,0,0,0,0,0,0,0,0,0,0,"","","","","",""
http://statistics.gov.scot/id/statistical-geography/S01002029,S01002029,0,0,0,0,0,0,0,0,0,0,0,0,"","","","","",""
http://statistics.gov.scot/id/statistical-geography/S01002030,S01002030,5.56,5.88,6.25,10,12.5,0,0,0,0,0,0,0,"","","","","",""
http://statistics.gov.scot/id/statistical-geography/S01002031,S01002031,25,15.38,0,7.69,8.33,7.14,0,0,0,0,0,6.67,"","","","","",""
http://statistics.gov.scot/id/statistical-geography/S01002032,S01002032,33.33,18.18,13.33,0,0,0,6.25,5.56,5.26,0,0,0,"","","","","",""
http://statistics.gov.scot/id/statistical-geography/S01002033,S01002033,23.08,20,10,0,0,6.25,5,8,3.33,3.13,0,5.88,"","","","","",""
http://statistics.gov.scot/id/statistical-geography/S01002034,S01002034,12.5,11.11,0,0,0,0,0,0,0,0,0,0,"","","","","",""
http://statistics.gov.scot/id/statistical-geography/S01002035,S01002035,20,0,0,0,0,0,0,0,0,0,0,0,"","","","","",""
http://statistics.gov.scot/id/statistical-geography/S01002036,S01002036,9.09,16.67,0,0,0,0,0,4.35,3.7,9.68,7.41,9.52,"","","","","",""
http://statistics.gov.scot/id/statistical-geography/S01002037,S01002037,0,0,0,0,0,0,0,0,0,0,0,0,"","","","","",""
http://statistics.gov.scot/id/statistical-geography/S01002038,S01002038,0,0,0,0,0,0,0,0,0,0,0,0,"","","","","",""
http://statistics.gov.scot/id/statistical-geography/S01002039,S01002039,9.09,0,0,0,6.67,8.33,12.5,0,0,0,0,0,"","","","","",""
http://statistics.gov.scot/id/statistical-geography/S01002040,S01002040,0,0,14.29,14.29,25,0,0,8.33,6.67,7.14,0,0,"","","","","",""
http://statistics.gov.scot/id/statistical-geography/S01002041,S01002041,6.67,7.69,5.88,0,0,0,4.76,8.33,6.25,3.23,0,5.88,"","","","","",""
http://statistics.gov.scot/id/statistical-geography/S01002042,S01002042,0,0,0,0,0,0,0,0,0,0,0,0,"","","","","",""
http://statistics.gov.scot/id/statistical-geography/S01002043,S01002043,0,0,0,0,12.5,16.67,9.09,0,5.56,9.09,33.33,50,"","","","","",""
http://statistics.gov.scot/id/statistical-geography/S01002044,S01002044,44.44,45.45,35.71,40,46.15,46.67,39.13,26.09,23.53,15.38,10,10,"","","","","",""
http://statistics.gov.scot/id/statistical-geography/S01002045,S01002045,11.11,10,7.69,0,0,13.33,13.33,13.33,0,0,0,0,"","","","","",""
http://statistics.gov.scot/id/statistical-geography/S01002046,S01002046,12.5,16.67,12.5,40,33.33,16.67,10,7.14,10.53,5.88,7.14,0,"","","","","",""
http://statistics.gov.scot/id/statistical-geography/S01002047,S01002047,0,0,0,0,0,0,0,0,0,0,0,0,"","","","","",""
http://statistics.gov.scot/id/statistical-geography/S01002048,S01002048,0,0,0,0,0,0,0,0,11.11,7.69,7.14,0,"","","","","",""
http://statistics.gov.scot/id/statistical-geography/S01002049,S01002049,0,8.33,28.57,20,14.29,0,0,0,0,0,0,0,"","","","","",""
http://statistics.gov.scot/id/statistical-geography/S01002050,S01002050,8.33,0,0,0,0,0,0,0,0,0,0,0,"","","","","",""
http://statistics.gov.scot/id/statistical-geography/S01002051,S01002051,0,25,25,100,0,0,28.57,25,25,0,0,0,"","","","","",""
http://statistics.gov.scot/id/statistical-geography/S01002052,S01002052,0,12.5,11.11,11.11,6.67,5.88,5.26,0,0,0,0,0,"","","","","",""
http://statistics.gov.scot/id/statistical-geography/S01002053,S01002053,14.29,14.29,20,0,14.29,9.09,7.69,0,0,7.69,11.11,9.09,"","","","","",""
http://statistics.gov.scot/id/statistical-geography/S01002054,S01002054,0,0,0,6.67,10,10,0,11.11,10,11.11,0,0,"","","","","",""
http://statistics.gov.scot/id/statistical-geography/S01002055,S01002055,0,10,10,18.18,8.33,7.14,0,0,0,0,0,0,"","","","","",""
http://statistics.gov.scot/id/statistical-geography/S01002056,S01002056,0,0,0,0,10,10,14.29,23.08,30,33.33,16.67,14.29,"","","","","",""
http://statistics.gov.scot/id/statistical-geography/S01002057,S01002057,0,0,7.14,7.69,6.25,0,0,0,0,0,0,0,"","","","","",""
http://statistics.gov.scot/id/statistical-geography/S01002058,S01002058,0,0,0,0,0,0,0,0,5.88,7.69,11.11,0,"","","","","",""
http://statistics.gov.scot/id/statistical-geography/S01002059,S01002059,30,25,15.38,8.33,11.11,11.11,9.09,7.69,15.79,15,11.76,7.69,"","","","","",""
http://statistics.gov.scot/id/statistical-geography/S01002060,S01002060,25,20,11.11,10,14.29,0,0,0,0,6.25,6.25,8.33,"","","","","",""
http://statistics.gov.scot/id/statistical-geography/S01002061,S01002061,0,0,0,0,0,0,0,0,0,0,0,0,"","","","","",""
http://statistics.gov.scot/id/statistical-geography/S01002062,S01002062,33.33,16.67,37.5,33.33,22.22,0,0,16.67,18.18,22.22,0,0,"","","","","",""
http://statistics.gov.scot/id/statistical-geography/S01002063,S01002063,0,0,0,0,0,0,0,0,0,0,0,0,"","","","","",""
http://statistics.gov.scot/id/statistical-geography/S01002064,S01002064,14.29,0,0,9.09,14.29,10.53,4.55,4.55,7.41,13.33,10,10,"","","","","",""
http://statistics.gov.scot/id/statistical-geography/S01002065,S01002065,0,0,0,9.09,16.67,25,11.11,0,0,0,6.25,7.69,"","","","","",""
http://statistics.gov.scot/id/statistical-geography/S01002066,S01002066,0,0,11.11,10,11.11,14.29,16.67,16.67,9.09,9.52,5.56,0,"","","","","",""
http://statistics.gov.scot/id/statistical-geography/S01002067,S01002067,0,0,10,11.11,14.29,0,0,0,4.76,6.67,11.11,0,"","","","","",""
http://statistics.gov.scot/id/statistical-geography/S01002068,S01002068,20,9.09,9.09,0,16.67,9.09,6.67,0,0,0,0,0,"","","","","",""
http://statistics.gov.scot/id/statistical-geography/S01002069,S01002069,0,0,0,9.09,8.33,8.33,0,0,0,0,0,0,"","","","","",""
http://statistics.gov.scot/id/statistical-geography/S01002070,S01002070,0,0,0,0,0,0,0,0,0,0,0,0,"","","","","",""
http://statistics.gov.scot/id/statistical-geography/S01002071,S01002071,0,0,0,0,0,0,0,0,0,0,0,10,"","","","","",""
http://statistics.gov.scot/id/statistical-geography/S01002072,S01002072,0,0,0,0,0,0,0,0,0,0,0,0,"","","","","",""
http://statistics.gov.scot/id/statistical-geography/S01002073,S01002073,11.11,18.18,25,20,12.5,0,6.67,11.11,11.76,5.56,0,0,"","","","","",""
http://statistics.gov.scot/id/statistical-geography/S01002074,S01002074,0,0,0,0,0,0,0,0,0,0,0,0,"","","","","",""
http://statistics.gov.scot/id/statistical-geography/S01002075,S01002075,4.35,5,5.26,9.09,10,0,0,6.67,6.67,10.53,4.76,5,"","","","","",""
http://statistics.gov.scot/id/statistical-geography/S01002076,S01002076,9.09,7.14,10,0,0,0,0,0,0,0,0,0,"","","","","",""
http://statistics.gov.scot/id/statistical-geography/S01002077,S01002077,0,0,0,0,0,0,0,0,0,25,25,20,"","","","","",""
http://statistics.gov.scot/id/statistical-geography/S01002078,S01002078,0,5.26,6.25,14.29,10,12.5,0,0,0,0,0,0,"","","","","",""
http://statistics.gov.scot/id/statistical-geography/S01002079,S01002079,0,0,0,0,0,0,23.08,21.05,23.81,8,5.56,0,"","","","","",""
http://statistics.gov.scot/id/statistical-geography/S01002080,S01002080,8.33,8.33,10,7.14,0,6.67,25,23.53,20,8.33,0,0,"","","","","",""
http://statistics.gov.scot/id/statistical-geography/S01002081,S01002081,16.67,25,0,0,11.11,9.09,5.88,0,0,0,0,0,"","","","","",""
http://statistics.gov.scot/id/statistical-geography/S01002082,S01002082,3.85,4.17,10,7.69,12.5,8.33,7.69,5.56,0,0,0,0,"","","","","",""
http://statistics.gov.scot/id/statistical-geography/S01002083,S01002083,11.11,0,14.29,14.29,25,0,0,0,0,0,0,0,"","","","","",""
http://statistics.gov.scot/id/statistical-geography/S01002084,S01002084,16.67,0,0,8.33,7.69,8.33,0,10,6.25,5.56,0,0,"","","","","",""
http://statistics.gov.scot/id/statistical-geography/S01002085,S01002085,28.57,33.33,33.33,25,25,28.57,20,12.5,0,0,0,0,"","","","","",""
http://statistics.gov.scot/id/statistical-geography/S01002086,S01002086,0,0,0,0,10,27.27,33.33,18.18,0,0,0,0,"","","","","",""
http://statistics.gov.scot/id/statistical-geography/S01002087,S01002087,0,0,0,0,9.09,5.88,11.76,5,4.17,0,0,7.14,"","","","","",""
http://statistics.gov.scot/id/statistical-geography/S01002088,S01002088,0,0,0,0,0,0,0,0,14.29,22.22,22.22,0,"","","","","",""
http://statistics.gov.scot/id/statistical-geography/S01002089,S01002089,0,0,0,0,0,0,0,0,0,0,0,0,"","","","","",""
http://statistics.gov.scot/id/statistical-geography/S01002090,S01002090,0,0,0,0,0,0,0,0,0,0,0,0,"","","","","",""
http://statistics.gov.scot/id/statistical-geography/S01002091,S01002091,27.27,50,0,0,0,0,0,0,0,6.67,7.69,8.33,"","","","","",""
http://statistics.gov.scot/id/statistical-geography/S01002092,S01002092,0,0,0,0,0,0,0,0,0,0,0,0,"","","","","",""
http://statistics.gov.scot/id/statistical-geography/S01002093,S01002093,0,0,11.11,12.5,16.67,0,0,14.29,6.67,5.88,0,0,"","","","","",""
http://statistics.gov.scot/id/statistical-geography/S01002094,S01002094,0,0,20,16.67,16.67,0,0,9.09,8.33,10,0,0,"","","","","",""
http://statistics.gov.scot/id/statistical-geography/S01002095,S01002095,0,14.29,12.5,11.11,0,0,0,0,0,0,0,0,"","","","","",""
http://statistics.gov.scot/id/statistical-geography/S01002096,S01002096,8.33,0,0,0,0,0,0,0,0,0,0,0,"","","","","",""
http://statistics.gov.scot/id/statistical-geography/S01002097,S01002097,0,0,0,0,0,0,0,0,0,0,0,0,"","","","","",""
http://statistics.gov.scot/id/statistical-geography/S01002098,S01002098,20,0,0,0,0,0,0,0,0,0,0,0,"","","","","",""
http://statistics.gov.scot/id/statistical-geography/S01002099,S01002099,4.17,5.56,0,0,0,0,0,0,0,0,0,0,"","","","","",""
http://statistics.gov.scot/id/statistical-geography/S01002100,S01002100,0,0,0,0,0,0,0,0,0,0,0,0,"","","","","",""
http://statistics.gov.scot/id/statistical-geography/S01002101,S01002101,14.29,25,20,23.53,18.75,15,13.64,8.7,7.69,4.17,13.04,11.11,"","","","","",""
http://statistics.gov.scot/id/statistical-geography/S01002102,S01002102,10,9.09,0,25,60,42.86,22.22,9.09,7.69,23.08,20,25,"","","","","",""
http://statistics.gov.scot/id/statistical-geography/S01002103,S01002103,0,0,0,0,0,0,0,0,7.14,7.69,16.67,0,"","","","","",""
http://statistics.gov.scot/id/statistical-geography/S01002104,S01002104,21.43,21.43,16.67,11.11,0,11.11,18.75,18.75,9.09,0,3.7,10.53,"","","","","",""
http://statistics.gov.scot/id/statistical-geography/S01002105,S01002105,0,0,0,0,0,7.69,6.67,6.25,0,0,0,0,"","","","","",""
http://statistics.gov.scot/id/statistical-geography/S01002106,S01002106,0,0,0,0,0,0,0,12.5,6.25,4.76,0,0,"","","","","",""
http://statistics.gov.scot/id/statistical-geography/S01002107,S01002107,0,0,0,0,0,0,0,0,20,20,25,25,"","","","","",""
http://statistics.gov.scot/id/statistical-geography/S01002108,S01002108,25,25,16.67,11.11,0,0,0,0,0,0,0,0,"","","","","",""
http://statistics.gov.scot/id/statistical-geography/S01002109,S01002109,6.67,0,0,0,0,7.14,5.88,7.14,0,0,6.25,5.88,"","","","","",""
http://statistics.gov.scot/id/statistical-geography/S01002110,S01002110,0,0,0,0,0,0,0,0,0,0,0,0,"","","","","",""
http://statistics.gov.scot/id/statistical-geography/S01002111,S01002111,0,0,0,0,0,0,0,0,0,0,0,0,"","","","","",""
http://statistics.gov.scot/id/statistical-geography/S01002112,S01002112,6.67,7.14,7.69,0,6.25,5,4.55,3.85,5.26,6.25,0,0,"","","","","",""
http://statistics.gov.scot/id/statistical-geography/S01002113,S01002113,0,0,0,0,0,0,0,0,0,0,0,0,"","","","","",""
http://statistics.gov.scot/id/statistical-geography/S01002114,S01002114,0,0,0,0,0,0,0,0,0,7.14,7.69,10,"","","","","",""
http://statistics.gov.scot/id/statistical-geography/S01002115,S01002115,0,0,0,0,0,0,0,0,0,0,0,0,"","","","","",""
http://statistics.gov.scot/id/statistical-geography/S01002116,S01002116,20,20,15.38,0,7.14,8.33,10,0,0,0,0,0,"","","","","",""
http://statistics.gov.scot/id/statistical-geography/S01002117,S01002117,0,0,0,0,0,0,0,14.29,8.33,5.88,0,0,"","","","","",""
http://statistics.gov.scot/id/statistical-geography/S01002118,S01002118,0,0,0,0,0,0,0,8.33,11.11,9.52,11.76,20,"","","","","",""
http://statistics.gov.scot/id/statistical-geography/S01002119,S01002119,0,0,0,0,12.5,11.11,16.67,16.67,18.18,12.5,16.67,20,"","","","","",""
http://statistics.gov.scot/id/statistical-geography/S01002120,S01002120,0,0,0,0,0,0,0,7.69,10,27.27,22.22,15.38,"","","","","",""
http://statistics.gov.scot/id/statistical-geography/S01002121,S01002121,0,0,0,0,0,22.22,18.18,16.67,0,0,14.29,50,"","","","","",""
http://statistics.gov.scot/id/statistical-geography/S01002122,S01002122,0,0,0,0,0,0,0,0,0,0,0,0,"","","","","",""
http://statistics.gov.scot/id/statistical-geography/S01002123,S01002123,0,0,0,0,0,0,0,0,0,0,0,0,"","","","","",""
http://statistics.gov.scot/id/statistical-geography/S01002124,S01002124,12.5,0,0,9.09,10,6.25,4.76,8.33,16.67,15.38,12.5,0,"","","","","",""
http://statistics.gov.scot/id/statistical-geography/S01002125,S01002125,8.33,4.35,5,5.56,6.25,5.26,0,0,0,0,0,0,"","","","","",""
http://statistics.gov.scot/id/statistical-geography/S01002126,S01002126,0,0,0,0,0,0,0,0,"",0,0,0,"","","","","",""
http://statistics.gov.scot/id/statistical-geography/S01002127,S01002127,0,8.33,6.67,14.29,8.33,16.67,0,0,6.67,12.5,28.57,25,"","","","","",""
http://statistics.gov.scot/id/statistical-geography/S01002128,S01002128,11.11,6.67,7.69,0,0,0,0,0,0,0,5,7.14,"","","","","",""
http://statistics.gov.scot/id/statistical-geography/S01002129,S01002129,0,0,0,0,0,16.67,14.29,9.09,0,0,0,0,"","","","","",""
http://statistics.gov.scot/id/statistical-geography/S01002130,S01002130,20,0,0,0,0,0,0,16.67,25,25,14.29,0,"","","","","",""
http://statistics.gov.scot/id/statistical-geography/S01002131,S01002131,0,0,0,0,0,0,0,0,0,0,0,0,"","","","","",""
http://statistics.gov.scot/id/statistical-geography/S01002132,S01002132,0,0,0,0,0,0,9.09,11.76,13.33,8.33,0,0,"","","","","",""
http://statistics.gov.scot/id/statistical-geography/S01002133,S01002133,0,0,0,0,6.25,5,3.85,0,4.55,5.26,5.26,0,"","","","","",""
http://statistics.gov.scot/id/statistical-geography/S01002134,S01002134,0,20,25,14.29,0,0,0,0,0,0,0,0,"","","","","",""
http://statistics.gov.scot/id/statistical-geography/S01002135,S01002135,0,0,0,0,0,0,0,0,0,0,0,0,"","","","","",""
http://statistics.gov.scot/id/statistical-geography/S01002136,S01002136,0,0,0,0,0,0,0,0,0,0,0,0,"","","","","",""
http://statistics.gov.scot/id/statistical-geography/S01002137,S01002137,22.22,11.11,8.33,0,0,0,7.69,7.69,7.69,0,0,20,"","","","","",""
http://statistics.gov.scot/id/statistical-geography/S01002138,S01002138,33.33,40,8.33,0,0,8.33,10,11.11,0,0,0,0,"","","","","",""
http://statistics.gov.scot/id/statistical-geography/S01002139,S01002139,0,0,6.67,6.25,6.67,0,0,0,0,0,0,0,"","","","","",""
http://statistics.gov.scot/id/statistical-geography/S01002140,S01002140,20,22.22,18.18,9.09,25,18.75,31.25,25,23.81,19.05,25,40,"","","","","",""
http://statistics.gov.scot/id/statistical-geography/S01002141,S01002141,35.71,25,15.38,8.33,8.33,7.69,0,0,0,0,0,0,"","","","","",""
http://statistics.gov.scot/id/statistical-geography/S01002142,S01002142,0,0,0,10,18.18,14.29,5.56,0,0,0,0,0,"","","","","",""
http://statistics.gov.scot/id/statistical-geography/S01002143,S01002143,20,14.29,12.5,16.67,0,50,25,14.29,0,0,0,0,"","","","","",""
http://statistics.gov.scot/id/statistical-geography/S01002144,S01002144,0,0,0,0,0,0,0,0,0,0,0,0,"","","","","",""
http://statistics.gov.scot/id/statistical-geography/S01002145,S01002145,0,0,0,0,0,5.88,5.56,5.26,0,0,0,0,"","","","","",""
http://statistics.gov.scot/id/statistical-geography/S01002146,S01002146,8.33,5,0,3.7,4.55,6.67,0,0,0,0,0,0,"","","","","",""
http://statistics.gov.scot/id/statistical-geography/S01002147,S01002147,25,33.33,20,11.11,0,16.67,30,25,25,25,25,28.57,"","","","","",""
http://statistics.gov.scot/id/statistical-geography/S01002148,S01002148,0,0,0,0,0,0,0,0,0,0,0,0,"","","","","",""
http://statistics.gov.scot/id/statistical-geography/S01002149,S01002149,15.79,0,16.67,42.86,36.36,23.08,14.29,5.88,0,11.76,17.65,18.75,"","","","","",""
http://statistics.gov.scot/id/statistical-geography/S01002150,S01002150,0,0,0,0,0,0,0,0,0,0,0,0,"","","","","",""
http://statistics.gov.scot/id/statistical-geography/S01002151,S01002151,8,8.33,8,4.76,5.26,0,0,0,2.22,2.13,2.13,0,"","","","","",""
http://statistics.gov.scot/id/statistical-geography/S01002152,S01002152,0,0,0,0,0,0,0,0,0,0,0,0,"","","","","",""
http://statistics.gov.scot/id/statistical-geography/S01002153,S01002153,8.33,0,0,0,0,0,0,0,0,0,0,"","","","","","",""
http://statistics.gov.scot/id/statistical-geography/S01002154,S01002154,40,30,31.25,14.29,25,25,33.33,23.08,14.29,6.67,0,0,"","","","","",""
http://statistics.gov.scot/id/statistical-geography/S01002155,S01002155,29.41,31.25,35.71,25,27.27,25,40,33.33,20.83,16.67,5.26,7.14,"","","","","",""
http://statistics.gov.scot/id/statistical-geography/S01002156,S01002156,0,9.09,8.33,9.09,0,0,0,0,0,0,0,0,"","","","","",""
http://statistics.gov.scot/id/statistical-geography/S01002157,S01002157,0,0,0,0,0,0,0,5.26,10,11.76,7.69,0,"","","","","",""
http://statistics.gov.scot/id/statistical-geography/S01002158,S01002158,0,0,0,0,0,0,0,0,0,0,0,0,"","","","","",""
http://statistics.gov.scot/id/statistical-geography/S01002159,S01002159,6.67,11.11,14.29,11.11,0,0,0,16.67,11.76,11.11,0,0,"","","","","",""
http://statistics.gov.scot/id/statistical-geography/S01002160,S01002160,13.33,14.29,12.5,14.29,22.22,37.5,20,8.33,0,0,0,0,"","","","","",""
http://statistics.gov.scot/id/statistical-geography/S01002161,S01002161,0,0,0,0,0,0,0,0,0,6.67,7.14,11.11,"","","","","",""
http://statistics.gov.scot/id/statistical-geography/S01002162,S01002162,18.18,23.08,23.08,8.33,0,0,20,18.18,15.38,8.33,10,25,"","","","","",""
http://statistics.gov.scot/id/statistical-geography/S01002163,S01002163,6.9,5.88,0,0,0,0,0,5,3.45,3.7,0,0,"","","","","",""
http://statistics.gov.scot/id/statistical-geography/S01002164,S01002164,16.67,7.69,7.69,7.69,11.11,27.27,18.18,25,16.67,25,15.38,11.11,"","","","","",""
http://statistics.gov.scot/id/statistical-geography/S01002165,S01002165,10,28.57,12.5,22.22,9.09,7.69,0,0,0,0,0,0,"","","","","",""
http://statistics.gov.scot/id/statistical-geography/S01002166,S01002166,10,0,0,0,0,0,0,0,0,0,0,0,"","","","","",""
http://statistics.gov.scot/id/statistical-geography/S01002167,S01002167,0,0,0,11.11,14.29,14.29,20,12.5,16.67,0,0,0,"","","","","",""
http://statistics.gov.scot/id/statistical-geography/S01002168,S01002168,0,0,0,7.14,5.56,5.26,0,0,0,0,0,0,"","","","","",""
http://statistics.gov.scot/id/statistical-geography/S01002169,S01002169,0,0,0,0,0,0,0,0,0,0,0,0,"","","","","",""
http://statistics.gov.scot/id/statistical-geography/S01002170,S01002170,16.67,0,25,50,50,30.77,35.71,28.57,14.29,0,0,20,"","","","","",""
http://statistics.gov.scot/id/statistical-geography/S01002171,S01002171,16.67,12.5,0,16.67,33.33,22.22,11.11,0,0,14.29,14.29,20,"","","","","",""
http://statistics.gov.scot/id/statistical-geography/S01002172,S01002172,0,0,0,0,0,0,0,0,0,0,0,0,"","","","","",""
http://statistics.gov.scot/id/statistical-geography/S01002173,S01002173,0,0,0,0,7.14,8.33,7.14,0,0,0,11.11,10,"","","","","",""
http://statistics.gov.scot/id/statistical-geography/S01002174,S01002174,0,0,0,0,0,0,0,0,0,0,0,0,"","","","","",""
http://statistics.gov.scot/id/statistical-geography/S01002175,S01002175,0,0,15.38,10.53,7.14,0,0,0,0,0,0,0,"","","","","",""
http://statistics.gov.scot/id/statistical-geography/S01002176,S01002176,0,0,0,10,14.29,20,16.67,16.67,8.33,8.33,9.09,12.5,"","","","","",""
http://statistics.gov.scot/id/statistical-geography/S01002177,S01002177,0,0,0,0,0,0,0,0,0,0,0,0,"","","","","",""
http://statistics.gov.scot/id/statistical-geography/S01002178,S01002178,0,0,0,0,0,0,0,0,0,0,0,0,"","","","","",""
http://statistics.gov.scot/id/statistical-geography/S01002179,S01002179,0,0,0,0,0,0,0,0,0,0,0,0,"","","","","",""
http://statistics.gov.scot/id/statistical-geography/S01002180,S01002180,0,0,0,0,0,0,0,0,0,0,0,0,"","","","","",""
http://statistics.gov.scot/id/statistical-geography/S01002181,S01002181,16.67,9.52,11.11,9.09,16.67,11.11,6.25,0,7.41,7.69,9.52,0,"","","","","",""
http://statistics.gov.scot/id/statistical-geography/S01002182,S01002182,9.09,8.33,7.14,13.33,8.33,16.67,7.69,12.5,5.56,6.67,0,0,"","","","","",""
http://statistics.gov.scot/id/statistical-geography/S01002183,S01002183,13.64,5.56,6.25,14.29,17.65,11.11,15,9.09,7.69,0,0,0,"","","","","",""
http://statistics.gov.scot/id/statistical-geography/S01002184,S01002184,14.29,0,0,0,0,0,0,0,0,0,11.11,16.67,"","","","","",""
http://statistics.gov.scot/id/statistical-geography/S01002185,S01002185,25,16.67,25,40,41.67,41.67,25,10.53,5.88,5.88,15.38,7.69,"","","","","",""
http://statistics.gov.scot/id/statistical-geography/S01002186,S01002186,4.35,4.76,0,0,0,0,0,0,0,0,0,0,"","","","","",""
http://statistics.gov.scot/id/statistical-geography/S01002187,S01002187,0,0,0,0,0,0,0,0,0,0,0,0,"","","","","",""
http://statistics.gov.scot/id/statistical-geography/S01002188,S01002188,8.33,6.25,7.14,0,0,0,0,0,0,0,0,0,"","","","","",""
http://statistics.gov.scot/id/statistical-geography/S01002189,S01002189,0,0,6.67,7.69,7.69,0,0,6.67,6.67,7.69,0,0,"","","","","",""
http://statistics.gov.scot/id/statistical-geography/S01002190,S01002190,0,9.09,10,12.5,0,0,6.67,8.33,10.53,5.88,7.14,0,"","","","","",""
http://statistics.gov.scot/id/statistical-geography/S01002191,S01002191,20,7.14,28.57,16.67,18.18,6.67,8.33,25,26.67,28.57,11.11,20,"","","","","",""
http://statistics.gov.scot/id/statistical-geography/S01002192,S01002192,10,0,6.67,7.14,6.67,0,0,0,0,0,0,0,"","","","","",""
http://statistics.gov.scot/id/statistical-geography/S01002193,S01002193,0,0,6.67,6.67,7.69,0,0,0,0,0,0,"","","","","","",""
http://statistics.gov.scot/id/statistical-geography/S01002194,S01002194,11.11,0,0,22.22,37.5,40,20,8.33,0,0,0,0,"","","","","",""
http://statistics.gov.scot/id/statistical-geography/S01002195,S01002195,0,0,0,0,0,0,0,9.52,8.7,8.33,0,0,"","","","","",""
http://statistics.gov.scot/id/statistical-geography/S01002196,S01002196,33.33,25,16.67,0,0,0,0,0,0,0,16.67,28.57,"","","","","",""
http://statistics.gov.scot/id/statistical-geography/S01002197,S01002197,8.33,11.11,9.09,0,0,0,20,22.22,12.5,0,0,0,"","","","","",""
http://statistics.gov.scot/id/statistical-geography/S01002198,S01002198,20,18.18,11.11,0,0,0,0,5.26,7.69,6.9,3.85,6.25,"","","","","",""
http://statistics.gov.scot/id/statistical-geography/S01002199,S01002199,0,0,0,5.26,6.25,10,0,11.11,9.09,9.09,0,0,"","","","","",""
http://statistics.gov.scot/id/statistical-geography/S01002200,S01002200,0,0,0,0,0,0,0,5.56,6.67,8.33,0,0,"","","","","",""
http://statistics.gov.scot/id/statistical-geography/S01002201,S01002201,5.56,6.67,0,0,0,0,0,0,0,0,0,0,"","","","","",""
http://statistics.gov.scot/id/statistical-geography/S01002202,S01002202,0,0,0,0,0,0,0,0,4.35,4.17,4.76,0,"","","","","",""
http://statistics.gov.scot/id/statistical-geography/S01002203,S01002203,6.25,7.69,10,0,0,7.14,7.69,5.88,0,0,0,0,"","","","","",""
http://statistics.gov.scot/id/statistical-geography/S01002204,S01002204,25,20,14.29,9.09,18.18,11.11,15.38,7.14,5.56,0,6.25,7.69,"","","","","",""
http://statistics.gov.scot/id/statistical-geography/S01002205,S01002205,4.17,0,0,0,0,0,0,0,0,0,0,0,"","","","","",""
http://statistics.gov.scot/id/statistical-geography/S01002206,S01002206,9.09,9.09,10,0,0,0,4.17,3.7,3.45,3.57,3.85,8.7,"","","","","",""
http://statistics.gov.scot/id/statistical-geography/S01002207,S01002207,0,0,0,0,0,6.67,7.69,9.09,0,0,0,0,"","","","","",""
http://statistics.gov.scot/id/statistical-geography/S01002208,S01002208,0,0,0,0,0,0,0,0,0,0,0,0,"","","","","",""
http://statistics.gov.scot/id/statistical-geography/S01002209,S01002209,8.7,13.64,7.69,18.18,25,20,7.69,9.09,6.9,5.26,0,0,"","","","","",""
http://statistics.gov.scot/id/statistical-geography/S01002210,S01002210,0,0,0,0,0,0,0,0,0,0,0,0,"","","","","",""
http://statistics.gov.scot/id/statistical-geography/S01002211,S01002211,44.44,30,25,22.22,25,11.11,0,0,0,0,14.29,16.67,"","","","","",""
http://statistics.gov.scot/id/statistical-geography/S01002212,S01002212,0,0,5.88,13.33,12.5,14.29,16.67,16.67,9.09,0,8.33,7.69,"","","","","",""
http://statistics.gov.scot/id/statistical-geography/S01002213,S01002213,15.38,16.67,15.38,18.75,28.57,33.33,22.22,8.7,5,5.56,7.14,7.69,"","","","","",""
http://statistics.gov.scot/id/statistical-geography/S01002214,S01002214,0,0,0,0,0,8.33,5.88,6.67,0,0,0,0,"","","","","",""
http://statistics.gov.scot/id/statistical-geography/S01002215,S01002215,0,0,0,0,0,0,0,0,0,0,0,0,"","","","","",""
http://statistics.gov.scot/id/statistical-geography/S01002216,S01002216,21.05,14.29,11.11,0,0,0,0,2.38,2.08,2.56,0,0,"","","","","",""
http://statistics.gov.scot/id/statistical-geography/S01002217,S01002217,13.33,6.25,9.09,9.09,0,0,0,0,0,0,0,0,"","","","","",""
http://statistics.gov.scot/id/statistical-geography/S01002218,S01002218,0,0,0,0,0,0,0,0,0,0,0,0,"","","","","",""
http://statistics.gov.scot/id/statistical-geography/S01002219,S01002219,0,0,0,0,0,0,0,0,0,0,0,0,"","","","","",""
http://statistics.gov.scot/id/statistical-geography/S01002220,S01002220,0,0,9.09,8.33,6.67,0,0,0,0,0,0,0,"","","","","",""
http://statistics.gov.scot/id/statistical-geography/S01002221,S01002221,0,20,21.43,20,5.26,0,0,3.85,2.94,3.13,0,0,"","","","","",""
http://statistics.gov.scot/id/statistical-geography/S01002222,S01002222,0,0,0,0,0,0,0,0,0,14.29,20,20,"","","","","",""
http://statistics.gov.scot/id/statistical-geography/S01002223,S01002223,25,14.29,12.5,0,0,0,0,0,0,0,0,0,"","","","","",""
http://statistics.gov.scot/id/statistical-geography/S01002224,S01002224,0,0,0,0,0,0,0,11.11,14.29,14.29,0,0,"","","","","",""
http://statistics.gov.scot/id/statistical-geography/S01002225,S01002225,0,0,6.67,8.33,8.33,0,0,0,0,0,0,0,"","","","","",""
http://statistics.gov.scot/id/statistical-geography/S01002226,S01002226,14.29,10,11.11,6.25,4.55,4.55,3.45,4,3.33,4.17,0,0,"","","","","",""
http://statistics.gov.scot/id/statistical-geography/S01002227,S01002227,15.38,10,8.33,16.67,27.27,20,20,20,23.53,18.18,0,0,"","","","","",""
http://statistics.gov.scot/id/statistical-geography/S01002228,S01002228,0,12.5,30,44.44,37.5,14.29,0,0,0,0,0,0,"","","","","",""
http://statistics.gov.scot/id/statistical-geography/S01002229,S01002229,0,20,16.67,25,0,0,0,0,0,0,0,0,"","","","","",""
http://statistics.gov.scot/id/statistical-geography/S01002230,S01002230,5.56,6.67,0,0,0,0,0,0,0,0,0,0,"","","","","",""
http://statistics.gov.scot/id/statistical-geography/S01002231,S01002231,0,0,0,0,0,0,0,0,0,0,0,0,"","","","","",""
http://statistics.gov.scot/id/statistical-geography/S01002232,S01002232,0,33.33,33.33,57.14,50,37.5,16.67,21.43,28.57,25,12.5,0,"","","","","",""
http://statistics.gov.scot/id/statistical-geography/S01002233,S01002233,16,19.05,18.18,20,12.5,7.14,0,0,0,0,0,0,"","","","","",""
http://statistics.gov.scot/id/statistical-geography/S01002234,S01002234,0,0,0,0,0,0,0,0,0,0,0,0,"","","","","",""
http://statistics.gov.scot/id/statistical-geography/S01002235,S01002235,0,0,0,6.25,13.33,11.76,5.26,0,0,0,0,0,"","","","","",""
http://statistics.gov.scot/id/statistical-geography/S01002236,S01002236,25,15.38,12.5,7.14,14.29,11.11,18.18,7.14,10.53,6.67,10,0,"","","","","",""
http://statistics.gov.scot/id/statistical-geography/S01002237,S01002237,0,0,6.25,5.56,7.14,6.25,11.11,6.9,8.33,4.55,6.67,0,"","","","","",""
http://statistics.gov.scot/id/statistical-geography/S01002238,S01002238,50,30,28.57,0,25,25,30,25,21.43,16.67,25,33.33,"","","","","",""
http://statistics.gov.scot/id/statistical-geography/S01002239,S01002239,33.33,41.67,45.45,41.18,41.18,31.58,20,13.33,10.53,9.09,4.55,6.67,"","","","","",""
http://statistics.gov.scot/id/statistical-geography/S01002240,S01002240,0,0,0,0,9.09,6.67,6.67,5.56,4.35,4.35,0,11.11,"","","","","",""
http://statistics.gov.scot/id/statistical-geography/S01002241,S01002241,5.88,15.38,20,18.18,15.38,8.33,15.38,23.81,20,19.23,6.25,9.09,"","","","","",""
http://statistics.gov.scot/id/statistical-geography/S01002242,S01002242,25,20,0,0,12.5,16.67,16.67,0,0,0,0,0,"","","","","",""
http://statistics.gov.scot/id/statistical-geography/S01002243,S01002243,25,16.67,16.67,0,7.14,7.69,11.76,7.14,6.67,0,0,0,"","","","","",""
http://statistics.gov.scot/id/statistical-geography/S01002244,S01002244,10.53,10.53,15.38,14.29,18.18,8.33,0,0,0,0,4.55,5.88,"","","","","",""
http://statistics.gov.scot/id/statistical-geography/S01002245,S01002245,0,0,0,7.14,5.56,10.34,8.82,8.16,3.33,1.72,0,0,"","","","","",""
http://statistics.gov.scot/id/statistical-geography/S01002246,S01002246,13.33,18.75,11.11,6.67,0,0,0,0,0,0,0,0,"","","","","",""
http://statistics.gov.scot/id/statistical-geography/S01002247,S01002247,31.25,30.77,27.27,30,30,23.08,18.75,5.26,10,15,20,15.38,"","","","","",""
http://statistics.gov.scot/id/statistical-geography/S01002248,S01002248,0,0,0,0,0,0,0,0,0,0,0,0,"","","","","",""
http://statistics.gov.scot/id/statistical-geography/S01002249,S01002249,10,0,14.29,8.33,12.5,5.88,11.76,7.69,5.56,0,0,0,"","","","","",""
http://statistics.gov.scot/id/statistical-geography/S01002250,S01002250,10,10,5.56,5,5.26,0,0,3.33,4,4.76,0,0,"","","","","",""
http://statistics.gov.scot/id/statistical-geography/S01002251,S01002251,0,0,5,3.85,5,0,0,0,0,14.29,14.29,25,"","","","","",""
http://statistics.gov.scot/id/statistical-geography/S01002252,S01002252,0,0,0,0,0,20,16.67,16.67,0,0,0,0,"","","","","",""
http://statistics.gov.scot/id/statistical-geography/S01002253,S01002253,25,22.22,11.11,25,20,20,8.33,20,10,11.11,28.57,40,"","","","","",""
http://statistics.gov.scot/id/statistical-geography/S01002254,S01002254,13.64,9.52,16.67,15.38,20,8.33,0,4,3.03,3.13,0,0,"","","","","",""
http://statistics.gov.scot/id/statistical-geography/S01002255,S01002255,14.29,11.76,7.69,4.55,3.7,2.7,2.17,3.64,3.03,4.08,0,0,"","","","","",""
http://statistics.gov.scot/id/statistical-geography/S01002256,S01002256,0,0,0,0,0,0,0,0,0,0,0,0,"","","","","",""
http://statistics.gov.scot/id/statistical-geography/S01002257,S01002257,9.09,13.33,11.76,5.26,0,0,0,5.56,5.26,14.29,12.5,16.67,"","","","","",""
http://statistics.gov.scot/id/statistical-geography/S01002258,S01002258,0,0,0,11.11,11.11,12.5,10,6.25,8.33,4.76,5.88,0,"","","","","",""
http://statistics.gov.scot/id/statistical-geography/S01002259,S01002259,0,0,0,0,0,0,0,0,0,0,0,0,"","","","","",""
http://statistics.gov.scot/id/statistical-geography/S01002260,S01002260,0,0,0,0,0,0,0,0,0,0,0,0,"","","","","",""
http://statistics.gov.scot/id/statistical-geography/S01002261,S01002261,7.14,5.88,0,0,0,0,0,10,10,14.29,0,0,"","","","","",""
http://statistics.gov.scot/id/statistical-geography/S01002262,S01002262,40,20,15.38,0,0,0,0,0,0,0,12.5,16.67,"","","","","",""
http://statistics.gov.scot/id/statistical-geography/S01002263,S01002263,0,0,0,0,10,14.29,20,0,0,0,0,0,"","","","","",""
http://statistics.gov.scot/id/statistical-geography/S01002264,S01002264,5,5.56,5,5.88,5.88,0,0,4.55,5.26,6.67,8.33,8.33,"","","","","",""
http://statistics.gov.scot/id/statistical-geography/S01002265,S01002265,53.33,47.06,47.06,28.57,30,27.27,31.25,16.67,7.14,2.94,6.9,7.69,"","","","","",""
http://statistics.gov.scot/id/statistical-geography/S01002266,S01002266,0,0,0,0,0,0,0,6.67,5.26,5.88,0,0,"","","","","",""
http://statistics.gov.scot/id/statistical-geography/S01002267,S01002267,41.18,23.08,14.29,5.26,4.76,0,0,0,3.45,7.41,15.38,18.75,"","","","","",""
http://statistics.gov.scot/id/statistical-geography/S01002268,S01002268,0,0,0,0,28.57,33.33,33.33,16.67,0,0,0,0,"","","","","",""
http://statistics.gov.scot/id/statistical-geography/S01002269,S01002269,9.09,5.56,0,0,0,0,0,0,0,0,6.25,20,"","","","","",""
http://statistics.gov.scot/id/statistical-geography/S01002270,S01002270,10.53,7.69,22.73,18.52,18.18,7.41,7.14,6.45,8.89,9.52,7.69,3.45,"","","","","",""
http://statistics.gov.scot/id/statistical-geography/S01002271,S01002271,0,0,0,0,0,7.69,11.76,12.5,8.33,0,0,0,"","","","","",""
http://statistics.gov.scot/id/statistical-geography/S01002272,S01002272,0,0,0,0,0,0,0,0,0,0,0,0,"","","","","",""
http://statistics.gov.scot/id/statistical-geography/S01002273,S01002273,4.17,5.88,6.25,5.56,4.76,0,0,0,0,4.17,4.17,6.67,"","","","","",""
http://statistics.gov.scot/id/statistical-geography/S01002274,S01002274,12.5,6.67,7.69,0,5.56,4.35,3.33,0,0,3.13,3.57,4.76,"","","","","",""
http://statistics.gov.scot/id/statistical-geography/S01002275,S01002275,54.55,40,38.46,30.43,30.77,22.22,20.45,17.02,17.5,17.86,21.05,37.5,"","","","","",""
http://statistics.gov.scot/id/statistical-geography/S01002276,S01002276,0,0,0,0,0,0,0,0,0,0,0,0,"","","","","",""
http://statistics.gov.scot/id/statistical-geography/S01002277,S01002277,50,40.91,33.33,30,37.5,16.67,0,0,6.67,11.11,18.75,21.43,"","","","","",""
http://statistics.gov.scot/id/statistical-geography/S01002278,S01002278,14.29,23.53,31.25,25,26.32,22.73,22.22,19.23,22.22,21.05,20,15.38,"","","","","",""
http://statistics.gov.scot/id/statistical-geography/S01002279,S01002279,29.41,28.57,20,26.32,27.27,29.17,20.69,22.86,21.05,22.22,9.52,4,"","","","","",""
http://statistics.gov.scot/id/statistical-geography/S01002280,S01002280,0,0,0,0,9.09,7.14,5.88,0,0,0,7.69,11.11,"","","","","",""
http://statistics.gov.scot/id/statistical-geography/S01002281,S01002281,62.5,53.85,50,41.67,56.25,60,61.9,60,53.33,42.86,30.77,16.67,"","","","","",""
http://statistics.gov.scot/id/statistical-geography/S01002282,S01002282,66.67,62.96,55.17,53.57,48.15,46.88,41.94,35.71,22.73,15.38,7.69,25,"","","","","",""
http://statistics.gov.scot/id/statistical-geography/S01002283,S01002283,0,0,0,9.09,9.09,11.11,0,0,0,0,0,0,"","","","","",""
http://statistics.gov.scot/id/statistical-geography/S01002284,S01002284,9.09,20,20,10,7.69,14.29,13.79,10.26,5.13,2.78,0,0,"","","","","",""
http://statistics.gov.scot/id/statistical-geography/S01002285,S01002285,6.67,6.25,12.5,25,33.33,30.77,23.53,21.43,17.24,22.22,14.29,12.5,"","","","","",""
http://statistics.gov.scot/id/statistical-geography/S01002286,S01002286,0,0,7.14,22.22,23.08,21.43,10,4.17,0,0,0,0,"","","","","",""
http://statistics.gov.scot/id/statistical-geography/S01002287,S01002287,0,0,0,0,0,0,0,0,0,0,0,0,"","","","","",""
http://statistics.gov.scot/id/statistical-geography/S01002288,S01002288,6.25,7.69,0,0,3.7,3.7,3.45,0,0,2.44,2.94,3.85,"","","","","",""
http://statistics.gov.scot/id/statistical-geography/S01002289,S01002289,25,7.69,8.33,0,0,0,4,4.17,8,4,4.55,0,"","","","","",""
http://statistics.gov.scot/id/statistical-geography/S01002290,S01002290,20,23.81,15.79,19.05,23.81,19.05,23.53,18.18,11.54,6.9,0,0,"","","","","",""
http://statistics.gov.scot/id/statistical-geography/S01002291,S01002291,53.33,45.45,50,40,39.13,40.91,52,48.15,34.78,25,23.08,25,"","","","","",""
http://statistics.gov.scot/id/statistical-geography/S01002292,S01002292,8.33,4.55,5.56,0,5.26,4.17,3.33,0,0,0,0,0,"","","","","",""
http://statistics.gov.scot/id/statistical-geography/S01002293,S01002293,18.18,25,36.36,42.86,42.86,0,0,0,6.67,7.14,11.11,0,"","","","","",""
http://statistics.gov.scot/id/statistical-geography/S01002294,S01002294,0,0,0,0,0,0,0,0,0,0,0,0,"","","","","",""
http://statistics.gov.scot/id/statistical-geography/S01002295,S01002295,0,0,0,0,0,0,0,0,0,0,25,33.33,"","","","","",""
http://statistics.gov.scot/id/statistical-geography/S01002296,S01002296,57.89,58.82,53.33,47.37,47.37,42.11,41.67,30.77,31.25,17.65,15.38,27.27,"","","","","",""
http://statistics.gov.scot/id/statistical-geography/S01002297,S01002297,33.33,36.36,20,0,0,0,0,0,0,0,0,0,"","","","","",""
http://statistics.gov.scot/id/statistical-geography/S01002298,S01002298,0,0,0,0,0,0,0,0,0,0,0,0,"","","","","",""
http://statistics.gov.scot/id/statistical-geography/S01002299,S01002299,0,0,0,0,0,0,0,0,0,0,0,0,"","","","","",""
http://statistics.gov.scot/id/statistical-geography/S01002300,S01002300,0,0,0,0,0,0,0,0,0,0,0,0,"","","","","",""
http://statistics.gov.scot/id/statistical-geography/S01002301,S01002301,12.5,27.27,16.67,20,13.64,13.33,10.81,9.62,11.76,7.84,6.98,7.69,"","","","","",""
http://statistics.gov.scot/id/statistical-geography/S01002302,S01002302,36.84,41.18,35,35.29,22.22,22.22,31.82,34.78,31.82,20,11.76,7.69,"","","","","",""
http://statistics.gov.scot/id/statistical-geography/S01002303,S01002303,16.67,25,20,23.08,26.67,20,13.33,9.09,11.11,18.18,10,12.5,"","","","","",""
http://statistics.gov.scot/id/statistical-geography/S01002304,S01002304,5.56,11.11,8.33,9.09,0,0,0,0,0,0,0,0,"","","","","",""
http://statistics.gov.scot/id/statistical-geography/S01002305,S01002305,13.04,11.76,6.67,0,10,23.08,26.32,30,20,12.5,0,0,"","","","","",""
http://statistics.gov.scot/id/statistical-geography/S01002306,S01002306,33.33,20,25,44.44,36.36,40,14.29,17.65,12,18.18,18.18,16.67,"","","","","",""
http://statistics.gov.scot/id/statistical-geography/S01002307,S01002307,18.18,11.76,6.67,6.25,5,3.03,0,0,0,0,0,0,"","","","","",""
http://statistics.gov.scot/id/statistical-geography/S01002308,S01002308,0,0,7.14,4.55,4.76,5.26,7.14,11.11,5.26,6.25,7.69,11.11,"","","","","",""
http://statistics.gov.scot/id/statistical-geography/S01002309,S01002309,42.86,41.67,40,30.77,27.27,30,0,5.88,10.53,21.74,23.81,22.22,"","","","","",""
http://statistics.gov.scot/id/statistical-geography/S01002310,S01002310,25,30,28.57,0,0,12.5,16.67,13.04,8,4.55,4.76,11.76,"","","","","",""
http://statistics.gov.scot/id/statistical-geography/S01002311,S01002311,0,0,0,0,0,0,0,0,0,0,0,0,"","","","","",""
http://statistics.gov.scot/id/statistical-geography/S01002312,S01002312,27.27,42.86,40,23.53,7.69,21.43,27.27,30.77,20,16.67,20,18.18,"","","","","",""
http://statistics.gov.scot/id/statistical-geography/S01002313,S01002313,0,0,0,0,0,0,6.67,8.33,9.09,0,0,0,"","","","","",""
http://statistics.gov.scot/id/statistical-geography/S01002314,S01002314,0,0,0,0,0,0,0,0,0,0,0,0,"","","","","",""
http://statistics.gov.scot/id/statistical-geography/S01002315,S01002315,0,25,25,50,0,33.33,14.29,11.11,0,0,33.33,50,"","","","","",""
http://statistics.gov.scot/id/statistical-geography/S01002316,S01002316,11.11,10,0,0,0,0,0,0,0,0,0,0,"","","","","",""
http://statistics.gov.scot/id/statistical-geography/S01002317,S01002317,16.67,18.18,9.09,3.57,0,0,3.64,4.84,3.9,1.39,1.52,2,"","","","","",""
http://statistics.gov.scot/id/statistical-geography/S01002318,S01002318,46.67,28.57,25,18.75,23.08,22.22,31.25,16.13,12.5,3.45,6.67,11.76,"","","","","",""
http://statistics.gov.scot/id/statistical-geography/S01002319,S01002319,25,21.43,22.22,18.18,8.33,0,6.67,7.69,14.29,20,25,26.67,"","","","","",""
http://statistics.gov.scot/id/statistical-geography/S01002320,S01002320,0,0,0,0,0,0,0,0,0,0,0,0,"","","","","",""
http://statistics.gov.scot/id/statistical-geography/S01002321,S01002321,56.67,47.62,26.09,18.18,29.63,30.77,27.59,19.35,23.53,25.81,26.09,35,"","","","","",""
http://statistics.gov.scot/id/statistical-geography/S01002322,S01002322,0,5.88,6.67,10,12.5,20,13.33,6.25,0,0,0,0,"","","","","",""
http://statistics.gov.scot/id/statistical-geography/S01002323,S01002323,0,8.33,7.69,8.33,10,9.09,5.26,5.56,5.26,6.67,0,0,"","","","","",""
http://statistics.gov.scot/id/statistical-geography/S01002324,S01002324,22.22,15.38,25,38.46,46.67,47.06,33.33,22.73,17.39,23.53,21.43,14.29,"","","","","",""
http://statistics.gov.scot/id/statistical-geography/S01002325,S01002325,50,0,0,27.27,30,25,12.5,10.71,10.34,7.41,5.88,4.76,"","","","","",""
http://statistics.gov.scot/id/statistical-geography/S01002326,S01002326,21.43,25,13.33,8.33,0,0,0,5,3.13,3.13,0,0,"","","","","",""
http://statistics.gov.scot/id/statistical-geography/S01002327,S01002327,0,0,0,5.88,10,20,14.29,6.25,6.25,5.56,12.5,7.14,"","","","","",""
http://statistics.gov.scot/id/statistical-geography/S01002328,S01002328,0,0,0,0,0,11.11,6.67,10,15.79,21.43,13.33,0,"","","","","",""
http://statistics.gov.scot/id/statistical-geography/S01002329,S01002329,17.65,23.08,27.27,14.29,11.11,15.38,14.29,14.29,9.09,11.11,0,12.5,"","","","","",""
http://statistics.gov.scot/id/statistical-geography/S01002330,S01002330,20,0,0,11.11,10,14.29,6.25,6.25,11.76,16.67,16.67,0,"","","","","",""
http://statistics.gov.scot/id/statistical-geography/S01002331,S01002331,20,0,0,0,12.5,12.5,25,14.29,15.38,15.38,15.38,11.11,"","","","","",""
http://statistics.gov.scot/id/statistical-geography/S01002332,S01002332,12.5,5.56,5.56,5.26,0,0,5.26,7.41,11.54,12.5,14.29,0,"","","","","",""
http://statistics.gov.scot/id/statistical-geography/S01002333,S01002333,0,4.76,5.88,6.25,0,0,0,0,0,0,0,0,"","","","","",""
http://statistics.gov.scot/id/statistical-geography/S01002334,S01002334,0,0,6.67,4.76,8.33,6.25,13.79,13.04,13.33,10,12.5,20,"","","","","",""
http://statistics.gov.scot/id/statistical-geography/S01002335,S01002335,0,0,0,0,9.52,9.52,12.5,0,0,0,0,0,"","","","","",""
http://statistics.gov.scot/id/statistical-geography/S01002336,S01002336,7.69,9.09,0,0,7.14,6.25,12.5,8.33,9.09,0,0,0,"","","","","",""
http://statistics.gov.scot/id/statistical-geography/S01002337,S01002337,0,0,6.67,14.29,23.08,16.67,11.11,8.33,11.11,11.11,0,0,"","","","","",""
http://statistics.gov.scot/id/statistical-geography/S01002338,S01002338,33.33,36.36,12.5,12.5,27.27,18.18,22.22,12.5,37.5,27.27,20,14.29,"","","","","",""
http://statistics.gov.scot/id/statistical-geography/S01002375,S01002375,26.67,31.25,33.33,50,44.44,55.56,33.33,44.44,42.86,33.33,33.33,25,"","","","","",""
http://statistics.gov.scot/id/statistical-geography/S01002376,S01002376,33.33,25,26.67,16.67,15.38,0,0,7.14,12.5,11.76,5.26,5.88,"","","","","",""
http://statistics.gov.scot/id/statistical-geography/S01002377,S01002377,18.18,22.22,14.29,11.11,9.09,8.33,10,23.08,26.67,35.71,33.33,40,"","","","","",""
http://statistics.gov.scot/id/statistical-geography/S01002378,S01002378,0,9.09,12.5,11.11,0,0,0,0,0,20,16.67,28.57,"","","","","",""
http://statistics.gov.scot/id/statistical-geography/S01002379,S01002379,16.67,12.5,33.33,42.86,50,22.22,12.5,6.67,6.25,10,3.85,5.71,"","","","","",""
http://statistics.gov.scot/id/statistical-geography/S01002380,S01002380,0,0,25,20,12.5,12.5,12.5,14.29,14.29,12.5,11.11,16.67,"","","","","",""
http://statistics.gov.scot/id/statistical-geography/S01002381,S01002381,0,0,0,8.33,8.33,17.65,23.08,25,10,12.5,15,16.67,"","","","","",""
http://statistics.gov.scot/id/statistical-geography/S01002382,S01002382,18.18,23.08,25,37.5,50,36.36,33.33,20,25,26.67,33.33,23.53,"","","","","",""
http://statistics.gov.scot/id/statistical-geography/S01002383,S01002383,0,0,0,10,10,14.29,0,0,0,0,0,0,"","","","","",""
http://statistics.gov.scot/id/statistical-geography/S01002384,S01002384,14.29,25,30.77,41.67,38.46,36.36,22.22,0,0,7.69,23.08,23.53,"","","","","",""
http://statistics.gov.scot/id/statistical-geography/S01002385,S01002385,31.58,36.84,43.75,46.67,38.46,30,27.27,50,50,45.45,20,18.18,"","","","","",""
http://statistics.gov.scot/id/statistical-geography/S01002386,S01002386,4.35,0,6.25,6.67,7.14,0,0,0,7.69,11.11,14.29,6.25,"","","","","",""
http://statistics.gov.scot/id/statistical-geography/S01002387,S01002387,0,0,0,0,0,4.55,5,5.88,7.69,11.11,11.11,0,"","","","","",""
http://statistics.gov.scot/id/statistical-geography/S01002388,S01002388,0,0,0,0,0,0,0,7.14,8.33,16.67,0,0,"","","","","",""
http://statistics.gov.scot/id/statistical-geography/S01002389,S01002389,0,0,0,0,0,0,0,0,0,0,0,0,"","","","","",""
http://statistics.gov.scot/id/statistical-geography/S01002390,S01002390,0,0,5,8.33,8,4.76,0,0,0,0,3.85,5.88,"","","","","",""
http://statistics.gov.scot/id/statistical-geography/S01002391,S01002391,7.69,0,0,0,5,4.55,5,0,0,2.63,3.03,4.55,"","","","","",""
http://statistics.gov.scot/id/statistical-geography/S01002392,S01002392,0,0,0,0,0,0,2.38,4.76,5.88,3.13,0,3.7,"","","","","",""
http://statistics.gov.scot/id/statistical-geography/S01002393,S01002393,0,16.67,14.29,16.67,0,0,0,0,0,0,0,0,"","","","","",""
http://statistics.gov.scot/id/statistical-geography/S01002394,S01002394,0,0,0,0,7.69,10,23.53,20,18.75,0,7.69,9.09,"","","","","",""
http://statistics.gov.scot/id/statistical-geography/S01002395,S01002395,16.67,12.5,0,0,0,0,11.11,6.67,6.67,0,0,0,"","","","","",""
http://statistics.gov.scot/id/statistical-geography/S01002396,S01002396,0,0,0,20,25,23.08,20,11.11,16.67,8.33,10,0,"","","","","",""
http://statistics.gov.scot/id/statistical-geography/S01002397,S01002397,6.9,0,0,0,0,7.41,8,10.53,8.33,7.5,5.71,3.03,"","","","","",""
http://statistics.gov.scot/id/statistical-geography/S01002398,S01002398,0,0,0,0,0,0,0,0,0,0,0,0,"","","","","",""
http://statistics.gov.scot/id/statistical-geography/S01002399,S01002399,18.18,21.43,30,22.22,14.29,21.43,33.33,22.22,10,4.55,13.64,22.22,"","","","","",""
http://statistics.gov.scot/id/statistical-geography/S01002400,S01002400,0,7.69,7.14,11.76,7.69,10,0,0,0,0,0,6.25,"","","","","",""
http://statistics.gov.scot/id/statistical-geography/S01002401,S01002401,0,0,0,3.03,3.7,3.45,0,0,0,0,0,0,"","","","","",""
http://statistics.gov.scot/id/statistical-geography/S01002402,S01002402,33.33,31.25,42.11,31.25,31.25,6.67,21.74,20.83,28,21.43,16.67,0,"","","","","",""
http://statistics.gov.scot/id/statistical-geography/S01002403,S01002403,50,38.89,33.33,30,32,34.62,37.5,41.18,38.89,26.67,15.79,10,"","","","","",""
http://statistics.gov.scot/id/statistical-geography/S01002404,S01002404,8.33,6.25,11.76,6.25,20,13.33,11.11,0,0,0,0,0,"","","","","",""
http://statistics.gov.scot/id/statistical-geography/S01002405,S01002405,8.33,11.11,16.67,0,0,8.33,7.69,12.5,0,0,0,0,"","","","","",""
http://statistics.gov.scot/id/statistical-geography/S01002406,S01002406,18.18,22.22,18.18,0,0,16.67,18.18,15.38,12.5,5.26,5.88,7.14,"","","","","",""
http://statistics.gov.scot/id/statistical-geography/S01002407,S01002407,16.67,11.11,12.5,28.57,9.09,10,9.09,25,22.22,22.22,23.08,28.57,"","","","","",""
http://statistics.gov.scot/id/statistical-geography/S01002408,S01002408,25,28.57,60,20,13.33,13.33,33.33,36.36,25,0,0,12.5,"","","","","",""
http://statistics.gov.scot/id/statistical-geography/S01002409,S01002409,0,0,0,0,0,16.67,25,20,0,0,0,0,"","","","","",""
http://statistics.gov.scot/id/statistical-geography/S01002410,S01002410,0,0,0,0,0,9.09,20,25,0,0,0,0,"","","","","",""
http://statistics.gov.scot/id/statistical-geography/S01002411,S01002411,6.67,5.26,4.55,9.3,5.56,4.29,2.63,6.49,7.69,8.33,5.36,4.35,"","","","","",""
http://statistics.gov.scot/id/statistical-geography/S01002412,S01002412,5.88,11.11,7.69,12.5,10,10.53,5,0,0,0,0,0,"","","","","",""
http://statistics.gov.scot/id/statistical-geography/S01002413,S01002413,33.33,33.33,25,18.18,15.38,21.43,25,18.18,15.38,15.38,20,28.57,"","","","","",""
http://statistics.gov.scot/id/statistical-geography/S01002414,S01002414,37.5,25,25,26.67,33.33,22.22,20,28.57,22.22,30,22.22,25,"","","","","",""
http://statistics.gov.scot/id/statistical-geography/S01002415,S01002415,20,12.5,12.5,20,26.67,26.32,26.67,37.5,40,22.22,25,30,"","","","","",""
http://statistics.gov.scot/id/statistical-geography/S01002416,S01002416,0,0,0,0,0,0,0,0,0,0,0,0,"","","","","",""
http://statistics.gov.scot/id/statistical-geography/S01002417,S01002417,33.33,42.86,28.57,16.67,8.33,11.11,10,0,14.29,14.29,11.11,0,"","","","","",""
http://statistics.gov.scot/id/statistical-geography/S01002418,S01002418,30,22.22,25,9.09,9.09,15.38,12.5,16.67,11.11,18.18,17.65,23.08,"","","","","",""
http://statistics.gov.scot/id/statistical-geography/S01002419,S01002419,9.09,0,0,0,0,0,0,0,0,0,0,12.5,"","","","","",""
http://statistics.gov.scot/id/statistical-geography/S01002420,S01002420,28.57,0,0,20,16.67,25,11.11,11.11,27.27,50,33.33,12.5,"","","","","",""
http://statistics.gov.scot/id/statistical-geography/S01002421,S01002421,0,0,0,0,0,0,0,0,0,0,0,0,"","","","","",""
http://statistics.gov.scot/id/statistical-geography/S01002422,S01002422,0,0,0,0,0,0,0,0,0,0,0,0,"","","","","",""
http://statistics.gov.scot/id/statistical-geography/S01002423,S01002423,0,0,0,0,0,0,9.09,15.38,25,20,9.09,9.09,"","","","","",""
http://statistics.gov.scot/id/statistical-geography/S01002424,S01002424,20,0,11.11,15.38,15.38,8.33,0,20,11.11,8.33,0,16.67,"","","","","",""
http://statistics.gov.scot/id/statistical-geography/S01002425,S01002425,13.33,7.69,14.29,7.69,11.76,10.53,12.5,13.33,7.14,16.67,10,12.5,"","","","","",""
http://statistics.gov.scot/id/statistical-geography/S01002426,S01002426,0,0,0,10,8.33,23.08,13.33,23.08,6.25,9.09,0,14.29,"","","","","",""
http://statistics.gov.scot/id/statistical-geography/S01002427,S01002427,0,0,14.29,11.11,7.69,0,0,0,0,0,9.09,10,"","","","","",""
http://statistics.gov.scot/id/statistical-geography/S01002428,S01002428,0,0,25,50,60,42.86,40,50,100,100,20,14.29,"","","","","",""
http://statistics.gov.scot/id/statistical-geography/S01002429,S01002429,"",0,0,0,"","","","",0,0,0,"","","","","","",""
http://statistics.gov.scot/id/statistical-geography/S01002430,S01002430,0,22.22,14.29,12.5,0,0,0,0,0,0,0,0,"","","","","",""
http://statistics.gov.scot/id/statistical-geography/S01002431,S01002431,11.11,0,0,0,0,0,0,8.33,14.29,26.32,23.53,20,"","","","","",""
http://statistics.gov.scot/id/statistical-geography/S01002432,S01002432,7.14,0,6.25,4.17,3.33,0,0,0,0,0,2.33,6.06,"","","","","",""
http://statistics.gov.scot/id/statistical-geography/S01002433,S01002433,50,25,0,20,23.08,28.57,16.67,10,16.67,16.67,14.29,0,"","","","","",""
http://statistics.gov.scot/id/statistical-geography/S01002434,S01002434,20,28.57,25,18.18,13.33,12.5,14.29,21.43,14.29,5.88,13.33,16.67,"","","","","",""
http://statistics.gov.scot/id/statistical-geography/S01002435,S01002435,16,10,10,12.5,9.09,18.75,11.76,23.53,16.67,18.18,0,8.33,"","","","","",""
http://statistics.gov.scot/id/statistical-geography/S01002436,S01002436,0,11.11,20,20,0,16.67,25,33.33,28.57,20,16.67,33.33,"","","","","",""
http://statistics.gov.scot/id/statistical-geography/S01002437,S01002437,0,0,0,11.11,8.33,5.56,0,7.14,16.67,13.33,5.88,0,"","","","","",""
http://statistics.gov.scot/id/statistical-geography/S01002438,S01002438,30,14.29,14.29,16.67,0,8.33,14.29,20,21.43,25,28.57,30.77,"","","","","",""
http://statistics.gov.scot/id/statistical-geography/S01002439,S01002439,0,20,37.5,37.5,22.22,11.11,27.27,28.57,23.08,8.33,0,14.29,"","","","","",""
http://statistics.gov.scot/id/statistical-geography/S01002440,S01002440,5.56,13.33,13.33,5.88,5.26,4.76,5,0,0,0,7.14,16.67,"","","","","",""
http://statistics.gov.scot/id/statistical-geography/S01002441,S01002441,0,0,0,0,0,0,0,0,0,0,0,0,"","","","","",""
http://statistics.gov.scot/id/statistical-geography/S01002442,S01002442,0,11.11,12.5,16.67,0,0,0,14.29,10,12.5,9.09,9.09,"","","","","",""
http://statistics.gov.scot/id/statistical-geography/S01002443,S01002443,0,14.29,11.11,9.09,0,7.14,10,10,16.67,20,10,0,"","","","","",""
http://statistics.gov.scot/id/statistical-geography/S01002444,S01002444,55.56,55.56,40,50,37.5,33.33,25,25,28.57,28.57,33.33,25,"","","","","",""
http://statistics.gov.scot/id/statistical-geography/S01002445,S01002445,40,10,0,14.29,15.38,30.77,15.38,13.33,0,5.56,10,9.52,"","","","","",""
http://statistics.gov.scot/id/statistical-geography/S01002446,S01002446,0,0,0,10,8.33,16.67,13.33,26.67,15.79,13.33,0,0,"","","","","",""
http://statistics.gov.scot/id/statistical-geography/S01002447,S01002447,57.14,85.71,75,44.44,45.45,40,30,18.18,18.18,33.33,50,50,"","","","","",""
http://statistics.gov.scot/id/statistical-geography/S01002448,S01002448,100,50,20,20,33.33,42.86,25,33.33,25,75,50,50,"","","","","",""
http://statistics.gov.scot/id/statistical-geography/S01002449,S01002449,0,0,0,0,5.88,5.56,7.69,0,7.14,9.09,11.11,0,"","","","","",""
http://statistics.gov.scot/id/statistical-geography/S01002450,S01002450,11.76,20,26.67,14.29,0,16.67,21.43,23.53,8.33,16.67,16.67,22.22,"","","","","",""
http://statistics.gov.scot/id/statistical-geography/S01002451,S01002451,35.29,20,20,12.5,18.18,10.53,8.33,5,0,8.33,7.14,7.69,"","","","","",""
http://statistics.gov.scot/id/statistical-geography/S01002452,S01002452,33.33,33.33,40,33.33,20,20,33.33,20,11.11,0,7.14,23.08,"","","","","",""
http://statistics.gov.scot/id/statistical-geography/S01002453,S01002453,0,0,0,0,0,0,20,14.29,16.67,0,0,0,"","","","","",""
http://statistics.gov.scot/id/statistical-geography/S01002454,S01002454,27.27,30,12.5,33.33,27.27,27.27,14.29,14.29,13.33,30.77,25,33.33,"","","","","",""
http://statistics.gov.scot/id/statistical-geography/S01002455,S01002455,28.57,28.57,0,0,0,0,0,57.14,44.44,40,0,20,"","","","","",""
http://statistics.gov.scot/id/statistical-geography/S01002456,S01002456,40,41.67,40,12.5,40,33.33,30,19.05,22.22,20,23.53,21.43,"","","","","",""
http://statistics.gov.scot/id/statistical-geography/S01002457,S01002457,11.11,22.22,42.86,55.56,71.43,50,37.5,40,33.33,22.22,0,0,"","","","","",""
http://statistics.gov.scot/id/statistical-geography/S01002458,S01002458,16.67,12.5,15.38,31.25,47.06,52.63,35.29,23.53,21.05,40.91,36.36,31.25,"","","","","",""
http://statistics.gov.scot/id/statistical-geography/S01002459,S01002459,11.11,11.76,25,25,23.08,10,0,0,13.33,23.08,37.5,11.11,"","","","","",""
http://statistics.gov.scot/id/statistical-geography/S01002460,S01002460,15.38,28.57,20,35.71,33.33,36.36,14.29,0,7.14,18.18,38.46,36.36,"","","","","",""
http://statistics.gov.scot/id/statistical-geography/S01002461,S01002461,0,0,0,0,0,0,0,0,0,0,0,0,"","","","","",""
http://statistics.gov.scot/id/statistical-geography/S01002462,S01002462,0,0,7.14,16.67,11.76,11.76,5.56,12.5,6.25,6.67,0,6.67,"","","","","",""
http://statistics.gov.scot/id/statistical-geography/S01002463,S01002463,44.44,33.33,33.33,29.41,16.67,8.33,16.67,27.27,33.33,8.33,0,5.26,"","","","","",""
http://statistics.gov.scot/id/statistical-geography/S01002464,S01002464,0,0,0,0,0,0,0,14.29,16.67,18.18,18.18,16.67,"","","","","",""
http://statistics.gov.scot/id/statistical-geography/S01002465,S01002465,10,0,0,0,14.29,50,33.33,14.29,11.11,0,0,0,"","","","","",""
http://statistics.gov.scot/id/statistical-geography/S01002466,S01002466,37.5,37.5,15.38,18.75,25,30,22.22,21.43,20,13.33,0,0,"","","","","",""
http://statistics.gov.scot/id/statistical-geography/S01002467,S01002467,0,0,16.67,12.5,14.29,16.67,100,33.33,0,0,0,0,"","","","","",""
http://statistics.gov.scot/id/statistical-geography/S01002468,S01002468,37.5,10,0,11.11,11.76,12.5,0,10,12.5,33.33,25,20,"","","","","",""
http://statistics.gov.scot/id/statistical-geography/S01002469,S01002469,10,10,11.11,16.67,25,0,11.11,8.33,11.11,16.67,16.67,20,"","","","","",""
http://statistics.gov.scot/id/statistical-geography/S01002470,S01002470,33.33,28.57,16.67,15.38,11.11,0,37.5,40,40,20,0,40,"","","","","",""
http://statistics.gov.scot/id/statistical-geography/S01002471,S01002471,25,0,0,16.67,28.57,25,37.5,33.33,30,25,28.57,33.33,"","","","","",""
http://statistics.gov.scot/id/statistical-geography/S01002472,S01002472,35,27.78,38.46,41.67,36.84,42.86,40.91,57.14,61.54,85.71,58.33,45.45,"","","","","",""
http://statistics.gov.scot/id/statistical-geography/S01002473,S01002473,29.41,25,17.65,30.43,26.09,32,22.73,34.78,35,47.06,25,17.65,"","","","","",""
http://statistics.gov.scot/id/statistical-geography/S01002474,S01002474,7.14,16.67,13.33,14.29,8.33,20,20,16.67,10.53,5.56,7.14,22.22,"","","","","",""
http://statistics.gov.scot/id/statistical-geography/S01002475,S01002475,20,22.22,11.11,0,0,20,25,33.33,16.67,22.22,10,8.33,"","","","","",""
http://statistics.gov.scot/id/statistical-geography/S01002476,S01002476,5.88,7.14,0,0,0,0,0,0,0,5.26,4.55,5.26,"","","","","",""
http://statistics.gov.scot/id/statistical-geography/S01002477,S01002477,9.09,0,0,0,0,0,0,7.69,6.67,17.65,11.76,13.33,"","","","","",""
http://statistics.gov.scot/id/statistical-geography/S01002478,S01002478,5.88,23.08,33.33,33.33,20,14.29,11.11,11.76,18.75,21.05,14.29,11.11,"","","","","",""
http://statistics.gov.scot/id/statistical-geography/S01002479,S01002479,29.41,18.75,20,25,42.86,25,22.22,37.5,57.14,57.14,18.18,15.38,"","","","","",""
http://statistics.gov.scot/id/statistical-geography/S01002480,S01002480,16.67,16.67,16.67,0,0,0,14.29,12.5,12.5,16.67,25,28.57,"","","","","",""
http://statistics.gov.scot/id/statistical-geography/S01002481,S01002481,9.09,11.11,11.11,12.5,16.67,40,33.33,30,33.33,21.43,23.08,15.38,"","","","","",""
http://statistics.gov.scot/id/statistical-geography/S01002482,S01002482,16.67,35,39.13,47.83,52.94,46.15,28.57,18.18,31.58,24,28.13,29.03,"","","","","",""
http://statistics.gov.scot/id/statistical-geography/S01002483,S01002483,45.83,43.48,23.81,27.27,15.79,28.57,22.22,27.78,30.77,35.29,36.84,45.45,"","","","","",""
http://statistics.gov.scot/id/statistical-geography/S01002484,S01002484,20,11.11,10,0,0,7.14,11.11,15.38,14.29,6.67,4.55,0,"","","","","",""
http://statistics.gov.scot/id/statistical-geography/S01002485,S01002485,28.57,50,0,14.29,18.18,33.33,25,15.38,0,7.69,9.09,7.14,"","","","","",""
http://statistics.gov.scot/id/statistical-geography/S01002486,S01002486,30,40,57.14,40,28.57,20,30,28.57,20,28.57,22.22,27.27,"","","","","",""
http://statistics.gov.scot/id/statistical-geography/S01002487,S01002487,33.33,20,20,0,0,0,0,9.09,13.33,13.33,10,0,"","","","","",""
http://statistics.gov.scot/id/statistical-geography/S01002488,S01002488,45.45,37.5,40,25,18.18,20,22.22,17.65,20,15.38,15.38,5.88,"","","","","",""
http://statistics.gov.scot/id/statistical-geography/S01002489,S01002489,25,25,20,15.38,7.69,9.09,0,0,0,0,12.5,18.18,"","","","","",""
http://statistics.gov.scot/id/statistical-geography/S01002490,S01002490,50,20,20,16.67,60,37.5,28.57,0,0,0,16.67,33.33,"","","","","",""
http://statistics.gov.scot/id/statistical-geography/S01002491,S01002491,50,33.33,0,0,0,0,0,50,14.29,10,11.11,25,"","","","","",""
http://statistics.gov.scot/id/statistical-geography/S01002492,S01002492,0,0,7.14,9.52,13.04,13.64,13.33,12.5,7.14,6.67,8.33,10,"","","","","",""
http://statistics.gov.scot/id/statistical-geography/S01002493,S01002493,0,0,14.29,15.38,18.18,12.5,14.29,20,11.11,10,0,7.14,"","","","","",""
http://statistics.gov.scot/id/statistical-geography/S01002494,S01002494,14.29,25,0,0,16.67,16.67,12.5,14.29,12.5,11.11,0,0,"","","","","",""
http://statistics.gov.scot/id/statistical-geography/S01002495,S01002495,0,11.11,9.09,16.67,8.33,11.11,12.5,12.5,12.5,0,0,11.11,"","","","","",""
http://statistics.gov.scot/id/statistical-geography/S01002496,S01002496,11.11,25,10,8,3.33,7.69,4,6.45,17.65,20.59,20,4.76,"","","","","",""
http://statistics.gov.scot/id/statistical-geography/S01002497,S01002497,5,10,11.76,11.76,5.88,6.25,11.11,13.64,16,13.04,14.29,16.67,"","","","","",""
http://statistics.gov.scot/id/statistical-geography/S01002498,S01002498,0,0,0,0,0,0,0,20,50,14.29,0,0,"","","","","",""
http://statistics.gov.scot/id/statistical-geography/S01002499,S01002499,16.67,18.18,23.08,17.65,10.53,5,5.88,7.69,16.67,11.76,13.04,13.33,"","","","","",""
http://statistics.gov.scot/id/statistical-geography/S01002500,S01002500,20,7.14,0,0,0,0,0,9.09,15.38,25,16.67,11.11,"","","","","",""
http://statistics.gov.scot/id/statistical-geography/S01002501,S01002501,0,0,0,0,0,11.11,18.18,30,33.33,25,11.11,12.5,"","","","","",""
http://statistics.gov.scot/id/statistical-geography/S01002502,S01002502,23.08,31.25,42.11,50,40,28.57,31.25,14.29,7.14,8.33,9.09,9.09,"","","","","",""
http://statistics.gov.scot/id/statistical-geography/S01002503,S01002503,11.11,14.29,28.57,28.57,10,0,9.09,23.08,21.43,18.18,16.67,20,"","","","","",""
http://statistics.gov.scot/id/statistical-geography/S01002504,S01002504,21.43,25,10,5.88,4.35,3.57,4.17,0,4.55,5.26,11.76,6.25,"","","","","",""
http://statistics.gov.scot/id/statistical-geography/S01002505,S01002505,11.11,11.11,40,33.33,42.86,44.44,54.55,72.73,46.15,28.57,20,19.05,"","","","","",""
http://statistics.gov.scot/id/statistical-geography/S01002506,S01002506,25,25,18.18,9.09,0,20,25,22.22,18.75,16.67,11.76,7.14,"","","","","",""
http://statistics.gov.scot/id/statistical-geography/S01002507,S01002507,0,16.67,18.18,18.18,14.29,0,0,0,10,9.09,9.09,0,"","","","","",""
http://statistics.gov.scot/id/statistical-geography/S01002508,S01002508,5.88,5.88,0,0,0,0,0,0,0,0,0,0,"","","","","",""
http://statistics.gov.scot/id/statistical-geography/S01002509,S01002509,18.18,11.76,13.33,16.67,16,14.29,12,13.04,7.14,3.45,3.23,8.7,"","","","","",""
http://statistics.gov.scot/id/statistical-geography/S01002510,S01002510,5.26,6.25,0,0,0,10,14.29,7.69,0,6.25,7.14,9.09,"","","","","",""
http://statistics.gov.scot/id/statistical-geography/S01002511,S01002511,25,16.67,0,0,0,0,0,33.33,50,33.33,0,0,"","","","","",""
http://statistics.gov.scot/id/statistical-geography/S01002512,S01002512,20,38.46,33.33,30,18.75,28.57,16.67,18.75,17.65,18.18,20,12.5,"","","","","",""
http://statistics.gov.scot/id/statistical-geography/S01002513,S01002513,10.53,14.29,0,0,0,0,0,3.23,2.63,5.26,2.63,2.7,"","","","","",""
http://statistics.gov.scot/id/statistical-geography/S01002514,S01002514,11.11,12.5,11.11,0,16.67,11.11,8.33,7.14,7.69,16.67,7.69,15.38,"","","","","",""
http://statistics.gov.scot/id/statistical-geography/S01002515,S01002515,12.5,12.5,33.33,50,44.44,33.33,37.5,44.44,33.33,22.22,18.18,11.11,"","","","","",""
http://statistics.gov.scot/id/statistical-geography/S01002516,S01002516,0,0,0,0,0,9.09,14.29,12.5,28.57,25,33.33,21.43,"","","","","",""
http://statistics.gov.scot/id/statistical-geography/S01002517,S01002517,0,9.09,12.5,11.11,0,0,30,21.43,15,0,0,0,"","","","","",""
http://statistics.gov.scot/id/statistical-geography/S01002518,S01002518,0,0,0,0,0,0,0,0,0,0,0,0,"","","","","",""
http://statistics.gov.scot/id/statistical-geography/S01002519,S01002519,40,60,50,35.71,33.33,36.84,42.11,31.58,25,22.73,25,18.18,"","","","","",""
http://statistics.gov.scot/id/statistical-geography/S01002520,S01002520,53.33,55.56,46.15,35.71,28.57,30,30,41.67,37.5,47.83,32,22.22,"","","","","",""
http://statistics.gov.scot/id/statistical-geography/S01002521,S01002521,20,16.67,0,0,0,0,0,20,15.38,18.18,0,0,"","","","","",""
http://statistics.gov.scot/id/statistical-geography/S01002522,S01002522,14.29,10,0,0,0,0,0,0,9.09,11.11,12.5,0,"","","","","",""
http://statistics.gov.scot/id/statistical-geography/S01002523,S01002523,0,0,0,0,0,0,0,0,0,0,0,0,"","","","","",""
http://statistics.gov.scot/id/statistical-geography/S01002524,S01002524,0,0,0,0,0,0,0,0,6.67,6.67,6.67,0,"","","","","",""
http://statistics.gov.scot/id/statistical-geography/S01002525,S01002525,40,35,31.82,15.79,23.08,15.38,20,9.09,7.69,17.65,11.76,14.29,"","","","","",""
http://statistics.gov.scot/id/statistical-geography/S01002526,S01002526,0,25,16.67,14.29,0,0,0,0,0,0,0,0,"","","","","",""
http://statistics.gov.scot/id/statistical-geography/S01002527,S01002527,0,0,0,0,0,0,10,11.11,22.22,6.67,6.25,11.76,"","","","","",""
http://statistics.gov.scot/id/statistical-geography/S01002528,S01002528,10,0,0,0,20,16.67,11.11,0,0,0,0,0,"","","","","",""
http://statistics.gov.scot/id/statistical-geography/S01002529,S01002529,38.89,35.29,35.29,38.46,33.33,23.08,23.81,32.14,33.33,30.77,15.79,20,"","","","","",""
http://statistics.gov.scot/id/statistical-geography/S01002530,S01002530,33.33,0,0,0,0,0,0,12.5,10,30.77,36.36,50,"","","","","",""
http://statistics.gov.scot/id/statistical-geography/S01002531,S01002531,20,36.36,25,16.67,10.53,15.38,21.43,12.5,5.56,0,7.69,11.11,"","","","","",""
http://statistics.gov.scot/id/statistical-geography/S01002532,S01002532,16.67,22.22,28.57,41.67,30,36.36,45.45,50,46.15,20,14.29,0,"","","","","",""
http://statistics.gov.scot/id/statistical-geography/S01002533,S01002533,25,27.27,46.15,36.36,40,11.11,22.22,36.36,45.45,36.36,14.29,37.5,"","","","","",""
http://statistics.gov.scot/id/statistical-geography/S01002534,S01002534,0,14.29,16.67,25,30,35.71,33.33,26.67,28.57,31.25,33.33,20,"","","","","",""
http://statistics.gov.scot/id/statistical-geography/S01002535,S01002535,16.67,14.29,21.43,18.18,33.33,25,9.09,9.09,10.53,9.52,4,0,"","","","","",""
http://statistics.gov.scot/id/statistical-geography/S01002536,S01002536,40,42.86,40,54.55,30,23.08,23.08,27.27,61.54,50,43.75,27.27,"","","","","",""
http://statistics.gov.scot/id/statistical-geography/S01002537,S01002537,33.33,22.22,27.27,46.15,53.33,55.56,41.18,45.45,33.33,40,33.33,18.18,"","","","","",""
http://statistics.gov.scot/id/statistical-geography/S01002538,S01002538,5.56,0,0,0,0,0,7.14,8.33,10,0,0,0,"","","","","",""
http://statistics.gov.scot/id/statistical-geography/S01002539,S01002539,8.33,0,12.5,16.67,10,6.67,13.64,15,13.33,0,0,0,"","","","","",""
http://statistics.gov.scot/id/statistical-geography/S01002540,S01002540,0,0,0,0,0,20,22.22,15.38,0,23.08,23.08,36.36,"","","","","",""
http://statistics.gov.scot/id/statistical-geography/S01002541,S01002541,8,15,6.67,23.08,18.75,15,3.03,2.63,3.92,4.17,3.64,2.33,"","","","","",""
http://statistics.gov.scot/id/statistical-geography/S01002542,S01002542,0,0,10,9.09,9.09,0,16.67,16.67,14.29,23.08,20,20,"","","","","",""
http://statistics.gov.scot/id/statistical-geography/S01002543,S01002543,33.33,20,12.5,0,7.69,25,31.58,29.41,21.43,10,15.38,6.67,"","","","","",""
http://statistics.gov.scot/id/statistical-geography/S01002544,S01002544,17.86,11.11,8,10.34,7.14,10.71,8.33,8.7,0,0,4.55,12.5,"","","","","",""
http://statistics.gov.scot/id/statistical-geography/S01002545,S01002545,27.27,23.08,25,11.11,25,10,18.18,6.67,6.67,0,0,0,"","","","","",""
http://statistics.gov.scot/id/statistical-geography/S01002546,S01002546,14.29,10,12.5,0,0,0,0,0,0,0,0,15.38,"","","","","",""
http://statistics.gov.scot/id/statistical-geography/S01002547,S01002547,7.69,15,20,15.79,16.67,27.27,36.36,33.33,21.05,15.79,0,7.69,"","","","","",""
http://statistics.gov.scot/id/statistical-geography/S01002548,S01002548,6.25,0,16.67,21.43,27.78,30.77,26.67,27.78,22.73,38.89,16.67,14.29,"","","","","",""
http://statistics.gov.scot/id/statistical-geography/S01002549,S01002549,0,9.09,10,14.29,0,0,0,0,0,0,0,0,"","","","","",""
http://statistics.gov.scot/id/statistical-geography/S01002550,S01002550,0,12.5,10,10,16.67,40,60,50,33.33,25,0,0,"","","","","",""
http://statistics.gov.scot/id/statistical-geography/S01002551,S01002551,7.14,9.09,0,0,0,10,16.67,18.18,22.22,22.22,18.18,7.14,"","","","","",""
http://statistics.gov.scot/id/statistical-geography/S01002552,S01002552,0,25,14.29,12.5,0,25,42.86,40,33.33,12.5,12.5,25,"","","","","",""
http://statistics.gov.scot/id/statistical-geography/S01002553,S01002553,10,10,8.33,0,0,0,8.33,7.14,8.33,0,0,0,"","","","","",""
http://statistics.gov.scot/id/statistical-geography/S01002554,S01002554,0,0,0,0,0,0,0,0,0,7.69,16.67,13.33,"","","","","",""
http://statistics.gov.scot/id/statistical-geography/S01002555,S01002555,12.5,12.5,10,0,0,0,9.09,14.29,12.5,0,0,0,"","","","","",""
http://statistics.gov.scot/id/statistical-geography/S01002556,S01002556,40,0,50,80,50,36.36,35.71,42.86,40,50,66.67,33.33,"","","","","",""
http://statistics.gov.scot/id/statistical-geography/S01002557,S01002557,25,60,37.5,40,18.18,27.27,9.09,10,0,16.67,15.38,12.5,"","","","","",""
http://statistics.gov.scot/id/statistical-geography/S01002558,S01002558,25,33.33,37.5,16.67,0,12.5,33.33,23.08,18.18,0,16.67,20,"","","","","",""
http://statistics.gov.scot/id/statistical-geography/S01002559,S01002559,9.09,25,16.67,25,0,0,0,0,14.29,16.67,20,25,"","","","","",""
http://statistics.gov.scot/id/statistical-geography/S01002560,S01002560,50,0,0,0,0,0,25,33.33,30,20,20,26.67,"","","","","",""
http://statistics.gov.scot/id/statistical-geography/S01002561,S01002561,0,8.33,9.09,8.33,12.5,25,27.27,18.18,15.38,16.67,12.5,15.79,"","","","","",""
http://statistics.gov.scot/id/statistical-geography/S01002562,S01002562,20,0,0,9.09,14.29,22.22,11.11,0,16.67,28.57,22.22,11.11,"","","","","",""
http://statistics.gov.scot/id/statistical-geography/S01002563,S01002563,0,0,14.29,9.09,18.18,15.38,13.33,4.55,0,0,0,0,"","","","","",""
http://statistics.gov.scot/id/statistical-geography/S01002564,S01002564,0,0,0,0,0,0,0,0,0,0,0,0,"","","","","",""
http://statistics.gov.scot/id/statistical-geography/S01002565,S01002565,0,0,0,0,0,0,0,0,6.67,10.53,17.65,10.53,"","","","","",""
http://statistics.gov.scot/id/statistical-geography/S01002566,S01002566,0,0,0,0,0,0,0,0,0,0,0,0,"","","","","",""
http://statistics.gov.scot/id/statistical-geography/S01002567,S01002567,0,0,0,2.22,2.13,4.17,2.27,2.63,0,2.63,2.17,1.85,"","","","","",""
http://statistics.gov.scot/id/statistical-geography/S01002568,S01002568,7.14,5.56,4.76,0,0,13.33,14.29,20,14.29,14.29,7.69,0,"","","","","",""
http://statistics.gov.scot/id/statistical-geography/S01002569,S01002569,27.27,26.67,6.25,15.79,12.5,12,7.14,4,4,0,6.67,7.14,"","","","","",""
http://statistics.gov.scot/id/statistical-geography/S01002570,S01002570,17.65,15.38,20,20,21.43,7.69,7.14,11.76,25,20,14.29,0,"","","","","",""
http://statistics.gov.scot/id/statistical-geography/S01002571,S01002571,14.29,0,0,8.33,15.38,16.67,15.38,9.09,11.11,0,0,0,"","","","","",""
http://statistics.gov.scot/id/statistical-geography/S01003025,S01003025,0,"",0,0,0,0,0,0,0,0,0,0,"","","","","",""
http://statistics.gov.scot/id/statistical-geography/S01003026,S01003026,37.5,25,16.67,0,0,16.67,21.43,20,11.76,11.11,11.76,11.11,"","","","","",""
http://statistics.gov.scot/id/statistical-geography/S01003027,S01003027,10,12.5,26.67,20,16.67,6.25,5,4.55,8.33,5.56,5.56,0,"","","","","",""
http://statistics.gov.scot/id/statistical-geography/S01003028,S01003028,36.36,30.77,36.36,25,16.67,50,38.46,30.77,14.29,16.67,23.08,16.67,"","","","","",""
http://statistics.gov.scot/id/statistical-geography/S01003029,S01003029,33.33,41.67,46.15,25,11.11,18.18,33.33,50,39.13,30.77,18.52,16.67,"","","","","",""
http://statistics.gov.scot/id/statistical-geography/S01003030,S01003030,33.33,33.33,21.05,17.86,17.14,25,29.03,29.63,25,15.79,10.53,5.88,"","","","","",""
http://statistics.gov.scot/id/statistical-geography/S01003031,S01003031,25,33.33,36.36,16.67,0,0,"","","","","","","","","","","",""
http://statistics.gov.scot/id/statistical-geography/S01003032,S01003032,50,44.44,28.57,16.67,25,50,37.5,37.5,20,22.22,0,0,"","","","","",""
http://statistics.gov.scot/id/statistical-geography/S01003033,S01003033,44.44,37.5,18.18,33.33,30.77,36.36,18.18,11.11,22.22,9.09,15.38,12.5,"","","","","",""
http://statistics.gov.scot/id/statistical-geography/S01003034,S01003034,10.53,13.33,16.67,16.67,19.05,22.73,22.73,29.41,15.38,25,14.29,16.67,"","","","","",""
http://statistics.gov.scot/id/statistical-geography/S01003035,S01003035,63.64,55.56,35.29,37.5,47.62,47.37,29.41,5.88,10.53,15.79,29.41,26.67,"","","","","",""
http://statistics.gov.scot/id/statistical-geography/S01003036,S01003036,35.71,36.36,36.36,25,50,36.36,40,12.5,0,16.67,20,33.33,"","","","","",""
http://statistics.gov.scot/id/statistical-geography/S01003037,S01003037,11.11,26.67,18.75,12.5,5.56,4,7.32,5.88,10.71,8.47,7.81,3.57,"","","","","",""
http://statistics.gov.scot/id/statistical-geography/S01003038,S01003038,5.26,0,5.56,15,22.22,15.79,7.69,6.25,11.76,13.33,9.09,0,"","","","","",""
http://statistics.gov.scot/id/statistical-geography/S01003039,S01003039,25,29.63,29.17,25,15,16,25,28.57,23.53,10.53,19.05,26.32,"","","","","",""
http://statistics.gov.scot/id/statistical-geography/S01003040,S01003040,16.67,8.33,12.5,11.11,20,15.38,11.11,9.09,10,10,16.67,14.29,"","","","","",""
http://statistics.gov.scot/id/statistical-geography/S01003041,S01003041,7.69,16.67,10,16.67,25,27.27,25,16.67,21.43,28.57,22.22,16.67,"","","","","",""
http://statistics.gov.scot/id/statistical-geography/S01003042,S01003042,58.33,63.64,37.5,40,30,14.29,0,4.35,10.53,21.43,30.77,21.43,"","","","","",""
http://statistics.gov.scot/id/statistical-geography/S01003043,S01003043,46.67,41.18,41.67,37.5,37.5,40,36.36,33.33,16.67,0,9.09,37.5,"","","","","",""
http://statistics.gov.scot/id/statistical-geography/S01003044,S01003044,50,60,58.82,44,33.33,37.5,41.18,37.5,30,28.57,22.22,13.64,"","","","","",""
http://statistics.gov.scot/id/statistical-geography/S01003045,S01003045,61.54,43.75,35.71,35.71,58.33,50,63.64,33.33,31.58,11.11,5.88,0,"","","","","",""
http://statistics.gov.scot/id/statistical-geography/S01003046,S01003046,40,33.33,31.58,6.25,7.14,7.14,8.33,6.67,7.14,5.88,6.25,18.75,"","","","","",""
http://statistics.gov.scot/id/statistical-geography/S01003047,S01003047,21.43,25,27.27,33.33,31.58,38.89,22.22,13.33,0,7.14,15.38,20,"","","","","",""
http://statistics.gov.scot/id/statistical-geography/S01003048,S01003048,70,72.73,60,66.67,66.67,75,33.33,12.5,10,11.11,14.29,0,"","","","","",""
http://statistics.gov.scot/id/statistical-geography/S01003049,S01003049,37.5,60,37.5,28.57,33.33,28.57,8.33,21.43,28.57,33.33,18.18,9.09,"","","","","",""
http://statistics.gov.scot/id/statistical-geography/S01003050,S01003050,33.33,0,0,0,0,0,10,11.11,14.29,0,0,0,"","","","","",""
http://statistics.gov.scot/id/statistical-geography/S01003051,S01003051,30.77,25,18.52,17.14,13.51,17.65,21.88,23.33,26.92,25,21.05,12.5,"","","","","",""
http://statistics.gov.scot/id/statistical-geography/S01003052,S01003052,20,20,28.57,20,33.33,9.09,25,16.67,25,14.29,11.11,14.29,"","","","","",""
http://statistics.gov.scot/id/statistical-geography/S01003053,S01003053,19.05,15,15.79,4.35,4.35,4.17,10,6.67,7.14,0,0,0,"","","","","",""
http://statistics.gov.scot/id/statistical-geography/S01003054,S01003054,13.33,21.74,21.74,31.25,50,42.86,22.22,25,11.11,16.67,12.5,13.33,"","","","","",""
http://statistics.gov.scot/id/statistical-geography/S01003055,S01003055,17.65,26.32,46.67,50,41.67,36.36,30,36.36,37.5,41.18,30,21.05,"","","","","",""
http://statistics.gov.scot/id/statistical-geography/S01003056,S01003056,43.75,47.06,44.44,45.83,36,37.93,29.17,32.14,19.23,17.24,8,17.24,"","","","","",""
http://statistics.gov.scot/id/statistical-geography/S01003057,S01003057,10,15.38,18.75,26.67,27.27,33.33,37.5,44.44,33.33,16.67,0,0,"","","","","",""
http://statistics.gov.scot/id/statistical-geography/S01003058,S01003058,0,22.22,30.77,35.71,25,30,12.5,14.81,6.67,8.57,7.14,8.33,"","","","","",""
http://statistics.gov.scot/id/statistical-geography/S01003059,S01003059,0,8.33,8.33,7.69,0,0,0,0,0,7.14,5,3.85,"","","","","",""
http://statistics.gov.scot/id/statistical-geography/S01003060,S01003060,38.46,50,52.94,36.36,26.09,17.86,17.86,14.81,12.5,16.67,19.23,22.22,"","","","","",""
http://statistics.gov.scot/id/statistical-geography/S01003061,S01003061,10,8.33,18.18,16.67,20,0,0,0,0,0,0,7.69,"","","","","",""
http://statistics.gov.scot/id/statistical-geography/S01003062,S01003062,19.05,15.79,16.67,6.67,15.38,17.65,9.52,5.88,0,10,15.38,14.29,"","","","","",""
http://statistics.gov.scot/id/statistical-geography/S01003063,S01003063,27.27,25,14.29,9.09,7.69,7.69,0,0,6.25,6.67,5.56,0,"","","","","",""
http://statistics.gov.scot/id/statistical-geography/S01003064,S01003064,30.77,37.5,50,40,35.71,38.46,33.33,25,20,43.75,50,50,"","","","","",""
http://statistics.gov.scot/id/statistical-geography/S01003065,S01003065,0,0,0,0,0,0,0,0,0,8,7.69,11.11,"","","","","",""
http://statistics.gov.scot/id/statistical-geography/S01003066,S01003066,0,0,0,0,0,0,11.11,20,20,9.09,0,0,"","","","","",""
http://statistics.gov.scot/id/statistical-geography/S01003067,S01003067,0,0,0,0,0,0,0,0,25,20,12.5,0,"","","","","",""
http://statistics.gov.scot/id/statistical-geography/S01003068,S01003068,0,0,0,0,0,0,0,0,10,12.5,11.11,0,"","","","","",""
http://statistics.gov.scot/id/statistical-geography/S01003069,S01003069,0,20,20,12.5,18.18,18.18,25,10,8.33,0,0,0,"","","","","",""
http://statistics.gov.scot/id/statistical-geography/S01003070,S01003070,30,30,22.22,22.22,25,20,23.53,10.53,10,0,10,12.5,"","","","","",""
http://statistics.gov.scot/id/statistical-geography/S01003071,S01003071,0,0,0,0,0,0,0,0,0,0,0,0,"","","","","",""
http://statistics.gov.scot/id/statistical-geography/S01003072,S01003072,43.75,53.85,60,41.67,42.11,47.06,41.18,33.33,26.09,22.73,5.56,0,"","","","","",""
http://statistics.gov.scot/id/statistical-geography/S01003073,S01003073,15.79,6.25,5.56,5,5.56,0,14.29,19.05,21.05,8.33,0,4.17,"","","","","",""
http://statistics.gov.scot/id/statistical-geography/S01003074,S01003074,0,0,0,0,0,0,0,0,0,0,0,0,"","","","","",""
http://statistics.gov.scot/id/statistical-geography/S01003075,S01003075,12.5,7.69,11.11,0,0,0,11.11,7.69,8.33,18.75,26.32,30.43,"","","","","",""
http://statistics.gov.scot/id/statistical-geography/S01003076,S01003076,17.65,18.18,36.36,53.85,50,37.5,0,0,0,4.55,7.41,16.67,"","","","","",""
http://statistics.gov.scot/id/statistical-geography/S01003077,S01003077,15.38,5.88,6.25,7.14,7.14,8.33,0,7.14,17.65,30,22.73,14.29,"","","","","",""
http://statistics.gov.scot/id/statistical-geography/S01003078,S01003078,50,40,33.33,0,0,0,0,8.33,10,14.29,0,0,"","","","","",""
http://statistics.gov.scot/id/statistical-geography/S01003079,S01003079,8.33,7.14,11.11,5.88,4.76,0,0,0,0,4.76,10,16.67,"","","","","",""
http://statistics.gov.scot/id/statistical-geography/S01003080,S01003080,7.69,14.29,13.64,14.29,0,6.67,6.67,5.56,7.69,9.09,12.5,0,"","","","","",""
http://statistics.gov.scot/id/statistical-geography/S01003081,S01003081,5.26,4.17,4,5,10,10,11.76,0,6.25,9.52,8.7,13.64,"","","","","",""
http://statistics.gov.scot/id/statistical-geography/S01003082,S01003082,31.58,16.67,22.22,42.86,23.53,22.73,33.33,38.71,27.78,12.12,17.14,25,"","","","","",""
http://statistics.gov.scot/id/statistical-geography/S01003083,S01003083,33.33,33.33,5.56,14.29,30,22.73,12.5,4.17,7.69,15.38,17.86,15.15,"","","","","",""
http://statistics.gov.scot/id/statistical-geography/S01003084,S01003084,33.33,40,33.33,12.5,11.11,9.09,11.11,11.11,21.43,28.57,26.67,22.22,"","","","","",""
http://statistics.gov.scot/id/statistical-geography/S01003085,S01003085,14.29,11.11,12.5,20,20,11.11,0,0,0,0,0,0,"","","","","",""
http://statistics.gov.scot/id/statistical-geography/S01003086,S01003086,0,0,0,0,4.76,6.67,8.33,0,7.14,5.88,11.76,8.33,"","","","","",""
http://statistics.gov.scot/id/statistical-geography/S01003087,S01003087,28.57,25,10,10,9.09,18.18,15.38,16.67,7.69,0,8.33,6.67,"","","","","",""
http://statistics.gov.scot/id/statistical-geography/S01003088,S01003088,50,53.33,53.33,57.14,35.71,37.5,31.58,40,26.67,33.33,13.33,20,"","","","","",""
http://statistics.gov.scot/id/statistical-geography/S01003089,S01003089,12.5,9.09,12.5,14.29,11.76,5.88,0,0,10,12.5,14.29,0,"","","","","",""
http://statistics.gov.scot/id/statistical-geography/S01003090,S01003090,11.11,14.29,0,0,0,0,0,20,22.22,22.22,16.67,13.64,"","","","","",""
http://statistics.gov.scot/id/statistical-geography/S01003091,S01003091,0,9.09,8.33,10,11.11,11.11,11.11,0,0,33.33,25,20,"","","","","",""
http://statistics.gov.scot/id/statistical-geography/S01003092,S01003092,16.67,0,12.5,14.29,28.57,12.5,21.43,13.33,15.38,15.38,18.75,23.08,"","","","","",""
http://statistics.gov.scot/id/statistical-geography/S01003093,S01003093,25,14.29,22.22,30,42.86,28.57,14.29,16.67,25,11.11,8.33,7.69,"","","","","",""
http://statistics.gov.scot/id/statistical-geography/S01003094,S01003094,7.69,8.33,7.14,0,0,7.69,5.88,6.25,5.56,5.56,5,0,"","","","","",""
http://statistics.gov.scot/id/statistical-geography/S01003095,S01003095,25,25,12.5,0,0,0,0,0,0,0,0,0,"","","","","",""
http://statistics.gov.scot/id/statistical-geography/S01003096,S01003096,33.33,20,0,0,0,12.5,25,20,9.09,0,0,10,"","","","","",""
http://statistics.gov.scot/id/statistical-geography/S01003097,S01003097,41.67,37.5,55.56,62.5,41.67,11.11,0,0,0,50,25,16.67,"","","","","",""
http://statistics.gov.scot/id/statistical-geography/S01003098,S01003098,17.65,8.33,4.55,0,0,0,0,0,0,0,3.13,3.13,"","","","","",""
http://statistics.gov.scot/id/statistical-geography/S01003099,S01003099,16.67,28.57,40,16.67,0,30,36.36,36.36,27.27,25,33.33,40,"","","","","",""
http://statistics.gov.scot/id/statistical-geography/S01003100,S01003100,12.5,0,0,12.5,10,9.09,0,9.09,8.33,9.09,0,0,"","","","","",""
http://statistics.gov.scot/id/statistical-geography/S01003101,S01003101,28.57,16.67,50,54.55,45.45,40,35.71,42.86,40,50,66.67,66.67,"","","","","",""
http://statistics.gov.scot/id/statistical-geography/S01003102,S01003102,0,0,14.29,12.5,12.5,0,0,0,0,0,0,0,"","","","","",""
http://statistics.gov.scot/id/statistical-geography/S01003103,S01003103,0,0,0,0,0,0,0,0,0,0,0,0,"","","","","",""
http://statistics.gov.scot/id/statistical-geography/S01003104,S01003104,20,12.5,14.29,23.08,15.38,14.29,8.33,14.29,8.33,6.25,14.29,12.5,"","","","","",""
http://statistics.gov.scot/id/statistical-geography/S01003105,S01003105,13.33,8.33,11.11,0,27.27,21.43,15.79,0,0,0,9.09,12.5,"","","","","",""
http://statistics.gov.scot/id/statistical-geography/S01003106,S01003106,11.11,5.88,5.56,0,8.33,7.14,6.67,0,0,0,0,0,"","","","","",""
http://statistics.gov.scot/id/statistical-geography/S01003107,S01003107,31.58,43.75,58.33,55.56,50,45.45,46.15,38.46,21.43,21.43,16.67,25,"","","","","",""
http://statistics.gov.scot/id/statistical-geography/S01003108,S01003108,6.67,8.33,8.33,0,6.25,12.5,15.38,20,0,0,0,0,"","","","","",""
http://statistics.gov.scot/id/statistical-geography/S01003109,S01003109,0,0,0,0,7.69,7.69,5,0,0,0,0,0,"","","","","",""
http://statistics.gov.scot/id/statistical-geography/S01003110,S01003110,0,0,0,0,0,0,16.67,11.11,9.09,0,0,0,"","","","","",""
http://statistics.gov.scot/id/statistical-geography/S01003111,S01003111,70,41.67,58.33,52.63,52.94,42.86,29.41,26.67,35.71,36.36,35.71,21.43,"","","","","",""
http://statistics.gov.scot/id/statistical-geography/S01003112,S01003112,6.67,0,0,0,0,0,0,0,0,0,5.26,11.11,"","","","","",""
http://statistics.gov.scot/id/statistical-geography/S01003113,S01003113,0,0,7.14,9.09,10,0,0,0,0,7.69,8.33,13.33,"","","","","",""
http://statistics.gov.scot/id/statistical-geography/S01003114,S01003114,0,0,0,0,0,11.11,16.67,12.5,0,0,0,0,"","","","","",""
http://statistics.gov.scot/id/statistical-geography/S01003115,S01003115,0,0,0,0,0,0,0,0,0,5,4.76,5.56,"","","","","",""
http://statistics.gov.scot/id/statistical-geography/S01003116,S01003116,0,0,0,5.88,4.35,6.25,0,11.11,7.69,7.69,11.11,10,"","","","","",""
http://statistics.gov.scot/id/statistical-geography/S01003117,S01003117,18.18,15.38,0,0,0,0,5.56,6.67,11.11,11.11,12,10.71,"","","","","",""
http://statistics.gov.scot/id/statistical-geography/S01003118,S01003118,39.13,25,35,46.67,42.11,27.78,20.83,22.73,25,20,25,28.57,"","","","","",""
http://statistics.gov.scot/id/statistical-geography/S01003119,S01003119,0,10,33.33,21.43,12.5,0,0,7.14,18.18,16.67,9.09,0,"","","","","",""
http://statistics.gov.scot/id/statistical-geography/S01003120,S01003120,0,4.17,3.7,6.25,2.86,3.13,0,5.56,8.7,8,8,11.11,"","","","","",""
http://statistics.gov.scot/id/statistical-geography/S01003121,S01003121,25,20,27.27,33.33,37.5,26.67,14.29,13.33,18.75,15.79,10.53,5.88,"","","","","",""
http://statistics.gov.scot/id/statistical-geography/S01003122,S01003122,30,33.33,25,0,10,8.33,16.67,23.08,25,16.67,25,40,"","","","","",""
http://statistics.gov.scot/id/statistical-geography/S01003123,S01003123,12.5,0,0,0,0,0,9.09,10.53,10,5,0,0,"","","","","",""
http://statistics.gov.scot/id/statistical-geography/S01003124,S01003124,3.45,5.26,0,12.5,8.7,7.69,0,0,4,4,3.7,4.55,"","","","","",""
http://statistics.gov.scot/id/statistical-geography/S01003125,S01003125,0,0,0,0,0,0,0,6.9,7.69,10.34,5,6.9,"","","","","",""
http://statistics.gov.scot/id/statistical-geography/S01003126,S01003126,33.33,25,21.43,29.41,36.84,31.25,28.57,16.67,33.33,16.67,0,0,"","","","","",""
http://statistics.gov.scot/id/statistical-geography/S01003127,S01003127,12,15,0,0,0,13.33,15.38,21.05,20,18.75,8.33,0,"","","","","",""
http://statistics.gov.scot/id/statistical-geography/S01003128,S01003128,0,0,0,9.09,14.29,16.67,0,0,0,0,0,0,"","","","","",""
http://statistics.gov.scot/id/statistical-geography/S01003129,S01003129,0,0,0,0,0,0,0,0,0,0,0,0,"","","","","",""
http://statistics.gov.scot/id/statistical-geography/S01003130,S01003130,5.56,6.67,7.69,9.09,7.69,0,0,0,0,0,0,0,"","","","","",""
http://statistics.gov.scot/id/statistical-geography/S01003131,S01003131,5.88,6.67,0,0,0,0,0,0,0,0,4,3.85,"","","","","",""
http://statistics.gov.scot/id/statistical-geography/S01003132,S01003132,20,12.5,0,0,0,0,11.11,16.67,21.43,20,8.33,0,"","","","","",""
http://statistics.gov.scot/id/statistical-geography/S01003133,S01003133,3.85,4.35,4.17,3.85,10,5.26,4.35,0,0,0,0,2.63,"","","","","",""
http://statistics.gov.scot/id/statistical-geography/S01003134,S01003134,41.67,38.46,18.18,18.18,20,22.22,20,40,28.57,23.53,9.52,5.56,"","","","","",""
http://statistics.gov.scot/id/statistical-geography/S01003135,S01003135,16.67,28.57,30,13.33,7.14,6.67,11.11,10,27.27,33.33,42.86,27.27,"","","","","",""
http://statistics.gov.scot/id/statistical-geography/S01003136,S01003136,0,0,0,0,5,8.7,9.09,5.88,0,0,0,0,"","","","","",""
http://statistics.gov.scot/id/statistical-geography/S01003137,S01003137,0,0,0,0,8.33,5.88,5.88,0,0,0,0,0,"","","","","",""
http://statistics.gov.scot/id/statistical-geography/S01003138,S01003138,15.79,14.29,12.5,0,14.29,20,11.76,6.25,0,11.11,9.09,8,"","","","","",""
http://statistics.gov.scot/id/statistical-geography/S01003139,S01003139,0,0,0,3.85,3.33,3.85,4.55,4.17,6.9,3.45,3.7,0,"","","","","",""
http://statistics.gov.scot/id/statistical-geography/S01003140,S01003140,31.58,35.29,45,41.18,33.33,16.67,18.75,23.08,21.43,20,26.09,35.29,"","","","","",""
http://statistics.gov.scot/id/statistical-geography/S01003141,S01003141,5.56,0,0,0,0,0,0,0,0,0,0,0,"","","","","",""
http://statistics.gov.scot/id/statistical-geography/S01003142,S01003142,0,40,20,16.67,0,7.14,17.65,21.43,10.53,5.88,3.45,3.85,"","","","","",""
http://statistics.gov.scot/id/statistical-geography/S01003143,S01003143,5.56,5.56,17.65,13.33,14.29,4.55,4.55,0,0,0,4.35,4.17,"","","","","",""
http://statistics.gov.scot/id/statistical-geography/S01003144,S01003144,38.46,27.27,25,25,22.22,9.09,11.11,0,20,11.11,18.18,10,"","","","","",""
http://statistics.gov.scot/id/statistical-geography/S01003145,S01003145,62.5,62.5,50,37.5,22.22,10,0,0,0,0,0,9.09,"","","","","",""
http://statistics.gov.scot/id/statistical-geography/S01003146,S01003146,0,0,0,0,0,10,8.33,7.14,0,5.56,5.88,5,"","","","","",""
http://statistics.gov.scot/id/statistical-geography/S01003147,S01003147,40,30,14.29,0,0,0,25,20,18.18,23.08,25,18.18,"","","","","",""
http://statistics.gov.scot/id/statistical-geography/S01003148,S01003148,30,30.77,27.27,22.22,0,0,9.09,12.5,14.29,12.5,12.5,11.11,"","","","","",""
http://statistics.gov.scot/id/statistical-geography/S01003149,S01003149,0,0,0,0,0,16.67,16.67,12.5,0,0,0,0,"","","","","",""
http://statistics.gov.scot/id/statistical-geography/S01003150,S01003150,16.67,33.33,28.57,38.89,33.33,41.67,30,30,18.18,11.11,0,9.09,"","","","","",""
http://statistics.gov.scot/id/statistical-geography/S01003151,S01003151,5.56,9.09,0,10,9.09,25,12.5,25,9.09,11.11,12.5,12.5,"","","","","",""
http://statistics.gov.scot/id/statistical-geography/S01003152,S01003152,0,0,0,0,10,16.67,14.29,11.11,14.29,12.5,6.25,0,"","","","","",""
http://statistics.gov.scot/id/statistical-geography/S01003153,S01003153,0,0,0,0,0,0,0,8.33,7.14,10,0,0,"","","","","",""
http://statistics.gov.scot/id/statistical-geography/S01003154,S01003154,0,0,5.56,7.14,11.76,5.88,13.04,8.7,13.04,4.35,4.35,0,"","","","","",""
http://statistics.gov.scot/id/statistical-geography/S01003155,S01003155,0,0,0,6.52,7.14,8.57,0,0,0,6.9,7.14,8.33,"","","","","",""
http://statistics.gov.scot/id/statistical-geography/S01003156,S01003156,4.76,5.26,6.67,0,0,0,0,0,4.55,5.26,5.26,6.25,"","","","","",""
http://statistics.gov.scot/id/statistical-geography/S01003157,S01003157,5.26,7.14,7.14,5.88,13.33,11.76,10.53,4,0,0,0,5,"","","","","",""
http://statistics.gov.scot/id/statistical-geography/S01003158,S01003158,39.13,50,41.67,36.84,25,14.29,7.14,33.33,40.91,37.5,27.78,20,"","","","","",""
http://statistics.gov.scot/id/statistical-geography/S01003159,S01003159,40,33.33,50,27.27,41.67,46.15,45.45,40,25,50,66.67,66.67,"","","","","",""
http://statistics.gov.scot/id/statistical-geography/S01003160,S01003160,33.33,20,37.5,33.33,33.33,25,22.22,50,33.33,50,50,50,"","","","","",""
http://statistics.gov.scot/id/statistical-geography/S01003161,S01003161,28.57,27.27,33.33,22.22,33.33,60,27.27,20,11.11,23.08,36.36,37.5,"","","","","",""
http://statistics.gov.scot/id/statistical-geography/S01003162,S01003162,37.5,33.33,28.57,18.75,11.11,21.43,27.27,25,0,0,0,12.5,"","","","","",""
http://statistics.gov.scot/id/statistical-geography/S01003163,S01003163,0,6.25,5.26,17.65,9.52,9.52,0,0,0,0,0,0,"","","","","",""
http://statistics.gov.scot/id/statistical-geography/S01003164,S01003164,8,16.67,28.57,23.33,20.69,15.15,13.64,7.14,4,3.85,0,0,"","","","","",""
http://statistics.gov.scot/id/statistical-geography/S01003165,S01003165,15.38,15.38,27.27,14.29,15.79,9.09,10,0,0,7.14,7.14,7.14,"","","","","",""
http://statistics.gov.scot/id/statistical-geography/S01003166,S01003166,0,0,0,0,0,0,0,0,0,0,0,0,"","","","","",""
http://statistics.gov.scot/id/statistical-geography/S01003167,S01003167,33.33,25,35.71,47.06,42.11,35.29,25,36.84,37.5,46.15,36.36,41.67,"","","","","",""
http://statistics.gov.scot/id/statistical-geography/S01003168,S01003168,5.88,10.53,5,5.56,4.76,8.7,11.11,6.67,0,0,0,0,"","","","","",""
http://statistics.gov.scot/id/statistical-geography/S01003169,S01003169,0,0,2.7,2.5,4.88,3.85,3.57,3.85,4.55,3.77,3.57,1.82,"","","","","",""
http://statistics.gov.scot/id/statistical-geography/S01003170,S01003170,0,0,0,0,9.09,27.27,26.67,17.65,12.5,4.17,4,0,"","","","","",""
http://statistics.gov.scot/id/statistical-geography/S01003171,S01003171,0,0,8.33,11.11,20,15,12.5,0,0,0,0,0,"","","","","",""
http://statistics.gov.scot/id/statistical-geography/S01003172,S01003172,5,7.69,7.69,0,0,7.69,6.67,14.29,13.33,17.86,13.79,16.67,"","","","","",""
http://statistics.gov.scot/id/statistical-geography/S01003173,S01003173,5.26,0,0,0,0,0,7.14,7.69,6.67,5.26,6.67,7.14,"","","","","",""
http://statistics.gov.scot/id/statistical-geography/S01003174,S01003174,11.11,13.64,6.67,7.69,14.29,11.11,14.29,5,6.25,21.43,30.77,28,"","","","","",""
http://statistics.gov.scot/id/statistical-geography/S01003175,S01003175,0,0,0,12.5,16.67,13.33,5,0,0,8.33,23.53,23.81,"","","","","",""
http://statistics.gov.scot/id/statistical-geography/S01003176,S01003176,11.11,5.56,0,0,0,0,4,5,4.17,0,0,0,"","","","","",""
http://statistics.gov.scot/id/statistical-geography/S01003177,S01003177,4,0,0,0,0,0,0,4,3.57,3.03,0,0,"","","","","",""
http://statistics.gov.scot/id/statistical-geography/S01003178,S01003178,62.5,66.67,50,50,25,29.41,36.36,35,29.41,4.76,12.5,9.52,"","","","","",""
http://statistics.gov.scot/id/statistical-geography/S01003179,S01003179,18.75,27.78,13.33,16.67,7.14,13.33,7.14,15.38,10,10,11.11,16.67,"","","","","",""
http://statistics.gov.scot/id/statistical-geography/S01003180,S01003180,0,7.14,23.08,29.41,30.77,15.38,0,0,0,0,0,0,"","","","","",""
http://statistics.gov.scot/id/statistical-geography/S01003181,S01003181,45.45,30,18.18,37.5,33.33,31.25,7.69,27.27,35.29,38.1,23.08,15.79,"","","","","",""
http://statistics.gov.scot/id/statistical-geography/S01003182,S01003182,50,15.38,18.75,21.05,29.41,26.67,37.5,25,36.36,28.57,33.33,20,"","","","","",""
http://statistics.gov.scot/id/statistical-geography/S01003183,S01003183,7.14,8.33,0,0,0,6.25,14.29,25,15,10,6.25,11.54,"","","","","",""
http://statistics.gov.scot/id/statistical-geography/S01003184,S01003184,58.33,50,44.44,40,42.86,35.29,21.43,0,25,27.27,36.36,18.18,"","","","","",""
http://statistics.gov.scot/id/statistical-geography/S01003185,S01003185,33.33,28.57,14.29,25,16.67,25,14.29,14.29,7.14,0,0,8.33,"","","","","",""
http://statistics.gov.scot/id/statistical-geography/S01003186,S01003186,11.76,8.33,4.55,4.35,0,0,0,0,0,0,0,0,"","","","","",""
http://statistics.gov.scot/id/statistical-geography/S01003187,S01003187,3.03,3.7,4.76,4.17,7.69,10.34,7.41,3.57,0,0,0,0,"","","","","",""
http://statistics.gov.scot/id/statistical-geography/S01003188,S01003188,6.25,6.67,6.25,11.76,8.7,6.9,12.5,12.12,14.81,9.09,10.71,7.41,"","","","","",""
http://statistics.gov.scot/id/statistical-geography/S01003189,S01003189,14.29,8.33,0,0,14.29,11.11,13.64,4.76,10,9.52,9.38,15.15,"","","","","",""
http://statistics.gov.scot/id/statistical-geography/S01003190,S01003190,18.18,23.53,20,28.57,25,14.29,5.56,6.67,8.33,6.67,0,0,"","","","","",""
http://statistics.gov.scot/id/statistical-geography/S01003191,S01003191,21.43,18.18,7.69,0,7.14,8.33,7.14,7.69,9.09,10,16.67,18.18,"","","","","",""
http://statistics.gov.scot/id/statistical-geography/S01003192,S01003192,3.7,4.17,0,7.14,7.69,16.67,6.25,17.39,14.81,15.38,15.38,16,"","","","","",""
http://statistics.gov.scot/id/statistical-geography/S01003193,S01003193,5.88,9.52,10.53,11.11,16.67,19.05,14.81,13.16,6.67,9.09,7.69,6.25,"","","","","",""
http://statistics.gov.scot/id/statistical-geography/S01003194,S01003194,25,42.86,22.22,30,30,50,63.64,62.5,43.75,20,22.22,30.77,"","","","","",""
http://statistics.gov.scot/id/statistical-geography/S01003195,S01003195,0,0,14.29,10,7.69,0,0,0,14.29,16.67,20,8.33,"","","","","",""
http://statistics.gov.scot/id/statistical-geography/S01003196,S01003196,30,22.22,7.69,0,0,0,0,0,0,0,0,0,"","","","","",""
http://statistics.gov.scot/id/statistical-geography/S01003197,S01003197,20,14.29,9.09,0,0,0,0,10,11.11,11.11,0,0,"","","","","",""
http://statistics.gov.scot/id/statistical-geography/S01003198,S01003198,8.7,8.7,27.78,26.32,35.29,20,27.27,17.39,10,10.34,12.12,13.04,"","","","","",""
http://statistics.gov.scot/id/statistical-geography/S01003199,S01003199,0,0,0,16.67,25,35.71,18.75,22.73,13.04,14.29,5.56,9.52,"","","","","",""
http://statistics.gov.scot/id/statistical-geography/S01003200,S01003200,16.67,0,11.11,16.67,20,9.09,7.14,0,0,0,0,7.69,"","","","","",""
http://statistics.gov.scot/id/statistical-geography/S01003201,S01003201,44.44,41.67,33.33,28.57,14.29,25,16.67,25,16.67,20,16.67,20,"","","","","",""
http://statistics.gov.scot/id/statistical-geography/S01003202,S01003202,50,30,14.29,16.67,33.33,40,27.27,8.33,0,5.56,11.11,18.75,"","","","","",""
http://statistics.gov.scot/id/statistical-geography/S01003203,S01003203,22.22,30,20,22.22,41.67,50,63.64,50,28.57,20,13.33,10,"","","","","",""
http://statistics.gov.scot/id/statistical-geography/S01003204,S01003204,37.5,46.15,38.46,43.75,26.67,21.43,0,17.65,18.75,25,8.33,10,"","","","","",""
http://statistics.gov.scot/id/statistical-geography/S01003205,S01003205,18.52,21.88,19.05,15.79,8.33,0,5.26,16.67,25,31.82,17.86,14.29,"","","","","",""
http://statistics.gov.scot/id/statistical-geography/S01003206,S01003206,5.26,10.53,9.09,6.25,0,9.09,9.09,10,5.88,9.09,8.33,4.35,"","","","","",""
http://statistics.gov.scot/id/statistical-geography/S01003207,S01003207,6.25,10.53,5.26,8.7,4,3.45,0,0,0,0,0,0,"","","","","",""
http://statistics.gov.scot/id/statistical-geography/S01003208,S01003208,37.5,36.36,46.67,42.86,57.14,38.46,33.33,11.11,14.29,7.41,10.71,8.11,"","","","","",""
http://statistics.gov.scot/id/statistical-geography/S01003209,S01003209,25,50,0,0,0,0,0,16.67,50,33.33,20,10,"","","","","",""
http://statistics.gov.scot/id/statistical-geography/S01003210,S01003210,8,5.26,9.09,9.09,9.09,0,0,0,6.67,7.14,5.88,0,"","","","","",""
http://statistics.gov.scot/id/statistical-geography/S01003211,S01003211,17.39,17.65,11.76,18.75,13.33,11.11,4.76,6.45,7.14,6.06,3.23,0,"","","","","",""
http://statistics.gov.scot/id/statistical-geography/S01003212,S01003212,0,0,0,0,0,0,0,0,0,0,0,0,"","","","","",""
http://statistics.gov.scot/id/statistical-geography/S01003213,S01003213,37.5,30,22.22,12.5,0,0,20,33.33,40,12.5,18.18,22.22,"","","","","",""
http://statistics.gov.scot/id/statistical-geography/S01003214,S01003214,12.5,10,8.33,11.11,14.29,14.29,14.29,18.18,20,8.33,0,0,"","","","","",""
http://statistics.gov.scot/id/statistical-geography/S01003215,S01003215,17.65,20,22.22,14.29,20,25,18.18,24.14,20.83,31.82,30,33.33,"","","","","",""
http://statistics.gov.scot/id/statistical-geography/S01003216,S01003216,0,0,16.67,16.67,11.11,27.27,30,33.33,11.11,10,12.5,0,"","","","","",""
http://statistics.gov.scot/id/statistical-geography/S01003217,S01003217,36.36,28.57,16.67,12.5,18.18,15.38,16.67,12.5,25,20,25,18.75,"","","","","",""
http://statistics.gov.scot/id/statistical-geography/S01003218,S01003218,0,0,0,11.11,6.67,5.88,0,0,0,0,0,0,"","","","","",""
http://statistics.gov.scot/id/statistical-geography/S01003219,S01003219,28.57,40,44.44,37.5,22.22,0,7.14,12.5,11.76,8.33,0,7.14,"","","","","",""
http://statistics.gov.scot/id/statistical-geography/S01003220,S01003220,16.67,6.9,4.17,0,6.67,6.67,5.88,0,0,4.35,10.53,10.53,"","","","","",""
http://statistics.gov.scot/id/statistical-geography/S01003221,S01003221,52.63,41.18,13.33,6.67,12.5,31.25,27.78,31.25,11.76,14.29,16.67,21.43,"","","","","",""
http://statistics.gov.scot/id/statistical-geography/S01003222,S01003222,20,15.79,5.56,0,7.14,6.25,5,4.76,4,3.7,0,0,"","","","","",""
http://statistics.gov.scot/id/statistical-geography/S01003223,S01003223,18.75,18.75,36.84,43.48,47.62,40,31.58,27.78,29.41,23.81,19.05,11.76,"","","","","",""
http://statistics.gov.scot/id/statistical-geography/S01003224,S01003224,0,0,0,0,16.67,14.29,25,9.09,10,12.5,20,40,"","","","","",""
http://statistics.gov.scot/id/statistical-geography/S01003225,S01003225,40,22.22,28.57,12.5,20,14.29,20,20,40,50,28.57,12.5,"","","","","",""
http://statistics.gov.scot/id/statistical-geography/S01003226,S01003226,25,40,52.94,52.63,52.17,34.38,28,10,31.25,36.84,42.11,21.05,"","","","","",""
http://statistics.gov.scot/id/statistical-geography/S01003227,S01003227,3.85,0,0,0,0,0,6.06,9.09,10.42,5.36,2.04,0,"","","","","",""
http://statistics.gov.scot/id/statistical-geography/S01003228,S01003228,0,0,11.11,8.33,15.38,13.33,15.63,13.33,9.68,11.11,7.89,7.89,"","","","","",""
http://statistics.gov.scot/id/statistical-geography/S01003229,S01003229,6.25,0,7.14,9.09,7.69,0,7.14,8.33,10,0,0,0,"","","","","",""
http://statistics.gov.scot/id/statistical-geography/S01003230,S01003230,0,0,0,12.5,14.29,14.29,16.67,16.67,30.77,25,30.77,13.33,"","","","","",""
http://statistics.gov.scot/id/statistical-geography/S01003231,S01003231,5.88,11.11,0,0,12.5,41.67,33.33,22.22,8.7,21.74,20.83,18.75,"","","","","",""
http://statistics.gov.scot/id/statistical-geography/S01003232,S01003232,8.7,11.54,12.5,21.05,11.76,6.67,0,16.67,28.57,28.57,11.76,0,"","","","","",""
http://statistics.gov.scot/id/statistical-geography/S01003233,S01003233,0,0,0,10,15.38,16.67,11.11,0,0,0,0,0,"","","","","",""
http://statistics.gov.scot/id/statistical-geography/S01003234,S01003234,3.57,0,0,0,0,0,0,0,0,0,0,0,"","","","","",""
http://statistics.gov.scot/id/statistical-geography/S01003235,S01003235,0,0,9.09,7.69,18.18,7.69,14.29,7.69,11.11,0,0,0,"","","","","",""
http://statistics.gov.scot/id/statistical-geography/S01003236,S01003236,0,0,0,7.69,10,10,4.35,0,0,0,0,5.88,"","","","","",""
http://statistics.gov.scot/id/statistical-geography/S01003237,S01003237,36.36,33.33,41.67,25,37.5,23.08,18.18,10,0,6.67,12.5,12.5,"","","","","",""
http://statistics.gov.scot/id/statistical-geography/S01003238,S01003238,12.5,0,0,0,11.11,7.14,14.29,18.75,21.43,18.18,0,0,"","","","","",""
http://statistics.gov.scot/id/statistical-geography/S01003239,S01003239,26.67,7.69,9.09,0,4.35,11.11,22.22,19.05,10.53,9.52,11.76,21.43,"","","","","",""
http://statistics.gov.scot/id/statistical-geography/S01003240,S01003240,14.29,13.33,18.18,23.08,20,18.75,7.14,6.67,10.53,17.65,15,8.33,"","","","","",""
http://statistics.gov.scot/id/statistical-geography/S01003241,S01003241,0,14.29,16.67,40,16.67,25,0,0,0,0,12.5,10,"","","","","",""
http://statistics.gov.scot/id/statistical-geography/S01003242,S01003242,0,0,0,0,0,0,7.69,13.33,20,16.67,13.33,0,"","","","","",""
http://statistics.gov.scot/id/statistical-geography/S01003243,S01003243,0,0,0,9.09,20,25,25,0,25,18.18,18.18,0,"","","","","",""
http://statistics.gov.scot/id/statistical-geography/S01003244,S01003244,10,15.38,7.69,23.53,19.05,25,16.67,27.78,28.57,27.78,19.05,20.83,"","","","","",""
http://statistics.gov.scot/id/statistical-geography/S01003245,S01003245,9.09,22.22,37.5,55.56,44.44,33.33,30,18.75,11.11,0,0,4.76,"","","","","",""
http://statistics.gov.scot/id/statistical-geography/S01003246,S01003246,50,40,16.67,0,20,33.33,30,27.27,25,23.08,7.69,17.65,"","","","","",""
http://statistics.gov.scot/id/statistical-geography/S01003247,S01003247,23.08,41.18,50,42.11,31.58,23.53,43.75,50,30.77,36.36,21.74,21.74,"","","","","",""
http://statistics.gov.scot/id/statistical-geography/S01003248,S01003248,13.33,7.69,20,27.27,28.57,17.65,20,20.69,17.65,12.12,5.41,8.82,"","","","","",""
http://statistics.gov.scot/id/statistical-geography/S01003249,S01003249,4.55,0,0,0,0,0,9.09,15.38,12.5,5.26,5,4.76,"","","","","",""
http://statistics.gov.scot/id/statistical-geography/S01003250,S01003250,12.5,28.57,25,16.67,0,0,0,0,0,0,12.5,12.5,"","","","","",""
http://statistics.gov.scot/id/statistical-geography/S01003251,S01003251,26.67,20,26.67,33.33,30.77,50,46.15,57.14,33.33,21.43,5.88,0,"","","","","",""
http://statistics.gov.scot/id/statistical-geography/S01003252,S01003252,0,0,0,0,0,0,0,0,0,0,0,0,"","","","","",""
http://statistics.gov.scot/id/statistical-geography/S01003253,S01003253,43.75,50,45.45,46.15,42.11,45,36.84,33.33,23.08,25,14.29,10.53,"","","","","",""
http://statistics.gov.scot/id/statistical-geography/S01003254,S01003254,40,50,66.67,33.33,22.22,6.67,16.67,18.75,45.45,38.46,36.36,20,"","","","","",""
http://statistics.gov.scot/id/statistical-geography/S01003255,S01003255,7.14,8.33,7.69,0,0,12.5,11.11,23.08,15.38,18.18,0,0,"","","","","",""
http://statistics.gov.scot/id/statistical-geography/S01003256,S01003256,14.29,23.08,29.41,30,38.1,27.27,23.53,8.7,9.09,16.13,13.79,20.59,"","","","","",""
http://statistics.gov.scot/id/statistical-geography/S01003257,S01003257,0,0,5.56,5.26,6.25,8.33,9.09,7.14,0,0,0,0,"","","","","",""
http://statistics.gov.scot/id/statistical-geography/S01003258,S01003258,8.33,0,0,0,0,8.33,12.5,14.29,8.33,0,0,0,"","","","","",""
http://statistics.gov.scot/id/statistical-geography/S01003259,S01003259,0,0,0,3.85,7.69,7.69,5.26,10.53,10,15,7.14,15.38,"","","","","",""
http://statistics.gov.scot/id/statistical-geography/S01003260,S01003260,0,12.5,16.67,33.33,0,0,0,0,0,0,0,0,"","","","","",""
http://statistics.gov.scot/id/statistical-geography/S01003261,S01003261,0,0,0,0,0,0,0,0,0,0,0,0,"","","","","",""
http://statistics.gov.scot/id/statistical-geography/S01003262,S01003262,10,20,18.52,18.52,22.22,26.09,35,28.57,33.33,18.18,5.88,14.29,"","","","","",""
http://statistics.gov.scot/id/statistical-geography/S01003263,S01003263,50,50,40,33.33,28.57,33.33,23.81,17.24,14.71,15.15,11.54,8.33,"","","","","",""
http://statistics.gov.scot/id/statistical-geography/S01003264,S01003264,0,14.29,16.67,40,25,28.57,18.18,13.33,9.09,14.29,50,33.33,"","","","","",""
http://statistics.gov.scot/id/statistical-geography/S01003265,S01003265,0,0,0,0,0,0,0,0,0,0,0,0,"","","","","",""
http://statistics.gov.scot/id/statistical-geography/S01003266,S01003266,0,0,0,0,14.29,16.67,25,10,10,0,0,0,"","","","","",""
http://statistics.gov.scot/id/statistical-geography/S01003267,S01003267,0,0,0,0,0,8.33,8.33,18.18,13.33,17.65,11.76,8.33,"","","","","",""
http://statistics.gov.scot/id/statistical-geography/S01003268,S01003268,18.18,18.75,10.53,7.69,8.7,10.71,7.69,3.13,3.03,4.55,8.7,5.45,"","","","","",""
http://statistics.gov.scot/id/statistical-geography/S01003269,S01003269,9.09,16.67,30,26.67,23.53,25,20,11.11,0,0,6.67,6.67,"","","","","",""
http://statistics.gov.scot/id/statistical-geography/S01003270,S01003270,28.57,26.09,23.08,20,22.22,23.08,20,8.33,15.63,11.43,17.24,9.09,"","","","","",""
http://statistics.gov.scot/id/statistical-geography/S01003271,S01003271,15.38,6.67,8.7,13.04,20,22.22,25,16.22,10.87,3.57,3.85,2.13,"","","","","",""
http://statistics.gov.scot/id/statistical-geography/S01003272,S01003272,56.25,42.86,30.77,28.57,21.05,13.04,7.41,18.75,20,16.22,9.38,7.89,"","","","","",""
http://statistics.gov.scot/id/statistical-geography/S01003273,S01003273,42.86,28.57,33.33,30,23.08,12.5,0,0,7.14,11.76,13.33,14.29,"","","","","",""
http://statistics.gov.scot/id/statistical-geography/S01003274,S01003274,31.25,16.67,25,27.27,22.22,12.5,14.29,25,12.5,14.29,20,20,"","","","","",""
http://statistics.gov.scot/id/statistical-geography/S01003275,S01003275,25,20,7.69,5.88,15.38,27.27,13.33,15.79,15.79,23.53,15,16.67,"","","","","",""
http://statistics.gov.scot/id/statistical-geography/S01003276,S01003276,0,0,0,0,20,40,40,25,0,0,0,0,"","","","","",""
http://statistics.gov.scot/id/statistical-geography/S01003277,S01003277,0,0,0,0,14.29,22.22,20,11.11,0,0,7.69,7.14,"","","","","",""
http://statistics.gov.scot/id/statistical-geography/S01003278,S01003278,12.5,0,0,0,0,0,0,20,14.29,9.09,0,0,"","","","","",""
http://statistics.gov.scot/id/statistical-geography/S01003279,S01003279,64.29,71.43,75,63.64,42.86,28.57,28.57,12.5,11.11,10,22.22,37.5,"","","","","",""
http://statistics.gov.scot/id/statistical-geography/S01003280,S01003280,0,4.55,5.56,11.11,6.67,6.67,6.25,7.14,8.33,5.26,4.76,0,"","","","","",""
http://statistics.gov.scot/id/statistical-geography/S01003281,S01003281,41.18,31.58,38.89,44.44,47.37,38.89,27.78,27.27,30,20,0,0,"","","","","",""
http://statistics.gov.scot/id/statistical-geography/S01003282,S01003282,10,9.09,0,0,10,22.22,16.67,8.33,0,20,22.22,22.22,"","","","","",""
http://statistics.gov.scot/id/statistical-geography/S01003283,S01003283,20,16.67,0,12.5,11.11,22.22,33.33,25,12.5,0,0,9.09,"","","","","",""
http://statistics.gov.scot/id/statistical-geography/S01003284,S01003284,7.69,27.27,23.08,25,25,14.29,12.5,0,0,0,8.33,6.67,"","","","","",""
http://statistics.gov.scot/id/statistical-geography/S01003285,S01003285,11.11,27.27,15.38,20,25,18.18,19.23,9.52,21.05,13.33,13.33,10,"","","","","",""
http://statistics.gov.scot/id/statistical-geography/S01003286,S01003286,8.33,6.67,18.75,13.64,16.67,12.9,13.64,6.25,0,5.88,9.09,6.9,"","","","","",""
http://statistics.gov.scot/id/statistical-geography/S01003287,S01003287,50,62.5,44.44,57.14,20,33.33,30,33.33,30,25,33.33,22.22,"","","","","",""
http://statistics.gov.scot/id/statistical-geography/S01003288,S01003288,33.33,25,0,0,0,0,0,0,0,25,20,15.38,"","","","","",""
http://statistics.gov.scot/id/statistical-geography/S01003289,S01003289,0,0,18.18,26.67,31.25,25,25,22.22,36.36,33.33,28.57,16.67,"","","","","",""
http://statistics.gov.scot/id/statistical-geography/S01003290,S01003290,20,23.08,20,28.57,11.11,12.5,15,13.64,9.52,0,11.11,23.53,"","","","","",""
http://statistics.gov.scot/id/statistical-geography/S01003291,S01003291,50,42.86,40,33.33,25,25,30,21.43,23.08,23.08,27.27,28.57,"","","","","",""
http://statistics.gov.scot/id/statistical-geography/S01003292,S01003292,20,20,0,0,14.29,22.22,14.29,7.69,0,0,0,0,"","","","","",""
http://statistics.gov.scot/id/statistical-geography/S01003293,S01003293,9.09,33.33,33.33,42.86,14.29,33.33,14.29,22.22,21.05,18.75,9.52,4.76,"","","","","",""
http://statistics.gov.scot/id/statistical-geography/S01003294,S01003294,0,0,10,22.22,25,16.67,8.33,23.53,21.43,20,0,0,"","","","","",""
http://statistics.gov.scot/id/statistical-geography/S01003295,S01003295,0,0,0,0,0,0,0,0,0,0,0,0,"","","","","",""
http://statistics.gov.scot/id/statistical-geography/S01003296,S01003296,18.18,30.77,26.67,30.77,15.38,28.57,21.43,23.08,7.14,16.67,19.05,25,"","","","","",""
http://statistics.gov.scot/id/statistical-geography/S01003297,S01003297,44.44,50,25,25,22.22,28.57,26.67,27.27,0,8.33,6.25,6.25,"","","","","",""
http://statistics.gov.scot/id/statistical-geography/S01003298,S01003298,23.08,15.38,27.27,23.08,25,16.67,7.14,0,0,5.26,10,9.09,"","","","","",""
http://statistics.gov.scot/id/statistical-geography/S01003299,S01003299,14.29,9.09,14.29,16.67,25,30,28.57,16.67,0,18.18,20,40,"","","","","",""
http://statistics.gov.scot/id/statistical-geography/S01003300,S01003300,8.33,9.09,9.09,0,15.38,14.29,15.38,0,0,10.53,13.33,16.67,"","","","","",""
http://statistics.gov.scot/id/statistical-geography/S01003301,S01003301,22.22,33.33,35.29,41.18,35.29,27.27,9.09,8.33,0,15.38,15,13.04,"","","","","",""
http://statistics.gov.scot/id/statistical-geography/S01003302,S01003302,57.14,53.33,36.84,20,13.64,10,0,7.41,20.83,26.09,22.73,8.33,"","","","","",""
http://statistics.gov.scot/id/statistical-geography/S01003303,S01003303,14.29,9.09,6.9,3.57,0,2.94,2.7,2.44,0,0,0,2.13,"","","","","",""
http://statistics.gov.scot/id/statistical-geography/S01003304,S01003304,12.5,18.75,15,12.5,13.04,13.04,12,3.7,3.7,3.85,5.56,7.14,"","","","","",""
http://statistics.gov.scot/id/statistical-geography/S01003305,S01003305,5,4.76,0,0,0,0,4.35,5,4.35,4.55,3.85,9.09,"","","","","",""
http://statistics.gov.scot/id/statistical-geography/S01003306,S01003306,28.57,30,33.33,26.67,23.08,11.11,0,14.29,17.65,28.57,16.67,11.11,"","","","","",""
http://statistics.gov.scot/id/statistical-geography/S01003307,S01003307,30.77,31.25,17.65,6.67,10,41.67,38.46,23.53,6.67,9.09,10,0,"","","","","",""
http://statistics.gov.scot/id/statistical-geography/S01003308,S01003308,66.67,87.5,57.14,28.57,50,50,43.75,25,26.67,28.57,27.27,0,"","","","","",""
http://statistics.gov.scot/id/statistical-geography/S01003309,S01003309,36.84,35.29,38.46,30,23.08,16.67,11.76,10.53,5,11.76,14.29,15.38,"","","","","",""
http://statistics.gov.scot/id/statistical-geography/S01003310,S01003310,10,11.11,25,23.53,23.08,11.76,31.25,22.73,28.57,7.14,25,17.65,"","","","","",""
http://statistics.gov.scot/id/statistical-geography/S01003311,S01003311,0,0,0,0,16.67,12.5,12.5,0,12.5,11.11,10,0,"","","","","",""
http://statistics.gov.scot/id/statistical-geography/S01003312,S01003312,25,40,55.56,54.55,77.78,57.14,40,27.27,21.43,27.27,23.08,22.22,"","","","","",""
http://statistics.gov.scot/id/statistical-geography/S01003313,S01003313,45.45,36.36,50,23.08,18.75,26.32,29.41,28.57,8.33,12.5,21.05,21.05,"","","","","",""
http://statistics.gov.scot/id/statistical-geography/S01003314,S01003314,9.09,15.38,18.18,20,0,0,0,0,25,16.67,10,6.67,"","","","","",""
http://statistics.gov.scot/id/statistical-geography/S01003315,S01003315,28.57,0,0,0,0,0,0,6.25,5.88,5,6.67,6.67,"","","","","",""
http://statistics.gov.scot/id/statistical-geography/S01003316,S01003316,33.33,23.08,18.75,11.11,10.53,23.53,16.67,23.53,17.65,21.43,25,20,"","","","","",""
http://statistics.gov.scot/id/statistical-geography/S01003317,S01003317,26.32,25,15.79,21.05,5.56,14.29,16.67,18.75,9.09,0,13.33,16.67,"","","","","",""
http://statistics.gov.scot/id/statistical-geography/S01003318,S01003318,0,0,0,0,0,0,0,0,0,12.5,7.69,11.11,"","","","","",""
http://statistics.gov.scot/id/statistical-geography/S01003319,S01003319,63.64,63.16,43.75,54.55,60,62.5,50,50,100,100,50,0,"","","","","",""
http://statistics.gov.scot/id/statistical-geography/S01003320,S01003320,15.38,9.09,15.38,11.11,20,9.09,12.5,4.35,8.7,4.76,6.67,0,"","","","","",""
http://statistics.gov.scot/id/statistical-geography/S01003321,S01003321,14.29,16.67,25,0,0,0,20,14.29,25,20,20,0,"","","","","",""
http://statistics.gov.scot/id/statistical-geography/S01003322,S01003322,33.33,11.11,20,8.33,18.75,13.33,20,12.5,11.76,4.17,0,5.26,"","","","","",""
http://statistics.gov.scot/id/statistical-geography/S01003323,S01003323,16.67,12.5,11.11,8.33,10,7.69,10,15.38,11.11,20,20,20,"","","","","",""
http://statistics.gov.scot/id/statistical-geography/S01003324,S01003324,10,11.11,10,24,28.57,37.5,20,18.75,15.38,0,0,8.33,"","","","","",""
http://statistics.gov.scot/id/statistical-geography/S01003325,S01003325,20,12.5,12.5,6.25,8.33,0,0,0,7.14,9.09,9.09,25,"","","","","",""
http://statistics.gov.scot/id/statistical-geography/S01003326,S01003326,16.67,12.5,0,16.67,20,20,23.53,16.67,12.5,0,0,0,"","","","","",""
http://statistics.gov.scot/id/statistical-geography/S01003327,S01003327,18.75,16.67,6.67,0,0,9.09,10.53,13.64,9.09,7.14,7.14,5.88,"","","","","",""
http://statistics.gov.scot/id/statistical-geography/S01003328,S01003328,14.29,14.29,7.14,5.88,4.17,0,0,0,6.67,4.76,4.76,0,"","","","","",""
http://statistics.gov.scot/id/statistical-geography/S01003329,S01003329,26.32,11.76,0,9.09,12.5,12.5,0,0,0,0,0,0,"","","","","",""
http://statistics.gov.scot/id/statistical-geography/S01003330,S01003330,0,0,0,0,0,0,0,0,0,0,0,0,"","","","","",""
http://statistics.gov.scot/id/statistical-geography/S01003331,S01003331,16.67,16.67,12.5,0,0,0,20,16.67,14.29,0,14.29,20,"","","","","",""
http://statistics.gov.scot/id/statistical-geography/S01003332,S01003332,44.44,33.33,35.71,14.29,30.77,25,55.56,45.45,37.5,30.77,25,40,"","","","","",""
http://statistics.gov.scot/id/statistical-geography/S01003333,S01003333,23.08,28.57,16.67,0,16.67,18.18,27.27,16.67,11.11,7.14,20,26.32,"","","","","",""
http://statistics.gov.scot/id/statistical-geography/S01003334,S01003334,27.27,33.33,33.33,0,33.33,14.29,16.67,6.25,6.67,15.38,22.22,30.77,"","","","","",""
http://statistics.gov.scot/id/statistical-geography/S01003335,S01003335,50,28.57,10,0,9.09,9.09,14.29,0,0,0,0,0,"","","","","",""
http://statistics.gov.scot/id/statistical-geography/S01003336,S01003336,12.5,12.5,22.22,9.09,20,12.5,33.33,15.38,21.43,7.14,9.09,0,"","","","","",""
http://statistics.gov.scot/id/statistical-geography/S01003337,S01003337,41.67,23.08,40,29.41,27.78,11.76,10,5.26,9.09,14.29,16.28,17.78,"","","","","",""
http://statistics.gov.scot/id/statistical-geography/S01003338,S01003338,13.33,5.26,11.76,17.65,17.65,12.5,5.88,6.67,9.09,11.11,10,8.33,"","","","","",""
http://statistics.gov.scot/id/statistical-geography/S01003339,S01003339,15.38,20,37.5,28.57,12.5,0,0,12.5,16.67,17.65,8.33,0,"","","","","",""
http://statistics.gov.scot/id/statistical-geography/S01003340,S01003340,15.38,0,11.76,16.67,16.67,6.25,20,25,30.77,14.29,6.67,7.14,"","","","","",""
http://statistics.gov.scot/id/statistical-geography/S01003341,S01003341,16.67,9.09,0,0,0,0,0,0,5.56,5.56,11.11,12.5,"","","","","",""
http://statistics.gov.scot/id/statistical-geography/S01003342,S01003342,36.84,44,46.15,35,35.71,33.33,26.67,28.57,25,36.36,21.43,12.5,"","","","","",""
http://statistics.gov.scot/id/statistical-geography/S01003343,S01003343,50,50,46.67,43.75,27.78,33.33,21.05,15.79,8,20.83,17.39,22.73,"","","","","",""
http://statistics.gov.scot/id/statistical-geography/S01003344,S01003344,22.22,28.57,42.86,60,20,0,0,7.69,14.29,25,14.29,0,"","","","","",""
http://statistics.gov.scot/id/statistical-geography/S01003345,S01003345,13.33,12.5,14.29,12.5,6.67,5.56,0,5,5.56,10.53,6.25,12.5,"","","","","",""
http://statistics.gov.scot/id/statistical-geography/S01003346,S01003346,33.33,18.18,15.38,23.08,27.27,35.71,30.77,23.08,5.88,0,0,7.69,"","","","","",""
http://statistics.gov.scot/id/statistical-geography/S01003347,S01003347,14.29,25,35,37.5,31.58,37.5,31.82,27.27,20,25,19.05,10,"","","","","",""
http://statistics.gov.scot/id/statistical-geography/S01003348,S01003348,0,0,0,0,7.14,11.76,12.5,7.14,0,0,0,0,"","","","","",""
http://statistics.gov.scot/id/statistical-geography/S01003349,S01003349,15.38,20,15,13.33,7.14,13.64,12,21.88,14.29,20,10.34,14.29,"","","","","",""
http://statistics.gov.scot/id/statistical-geography/S01003350,S01003350,12.5,28.57,50,71.43,33.33,14.29,0,0,9.09,7.14,10,11.11,"","","","","",""
http://statistics.gov.scot/id/statistical-geography/S01003351,S01003351,15.38,17.39,16.13,16,16.13,19.35,18.92,15.15,16.67,16.13,10.81,8.57,"","","","","",""
http://statistics.gov.scot/id/statistical-geography/S01003352,S01003352,33.33,27.27,25,50,60,30.77,25,14.29,20.83,19.23,18.52,15,"","","","","",""
http://statistics.gov.scot/id/statistical-geography/S01003353,S01003353,33.33,22.22,27.78,33.33,43.75,35,33.33,26.32,28.57,28.57,25,16.67,"","","","","",""
http://statistics.gov.scot/id/statistical-geography/S01003354,S01003354,0,0,16.67,33.33,50,50,50,33.33,25,16.67,0,0,"","","","","",""
http://statistics.gov.scot/id/statistical-geography/S01003355,S01003355,15.79,11.11,5.88,11.76,13.64,20,17.65,26.67,23.53,28.57,20,11.76,"","","","","",""
http://statistics.gov.scot/id/statistical-geography/S01003356,S01003356,9.52,12,10.53,15,13.33,15.38,8.33,13.33,14.29,21.74,16.67,18.18,"","","","","",""
http://statistics.gov.scot/id/statistical-geography/S01003357,S01003357,40.91,43.48,36,36.67,36,33.33,28.57,30.77,13.33,17.65,18.75,36.36,"","","","","",""
http://statistics.gov.scot/id/statistical-geography/S01003358,S01003358,0,0,0,9.09,5.88,6.25,0,0,0,7.14,7.69,6.25,"","","","","",""
http://statistics.gov.scot/id/statistical-geography/S01003359,S01003359,0,0,4.17,5.56,5.88,6.25,5,4.17,0,0,0,6.67,"","","","","",""
http://statistics.gov.scot/id/statistical-geography/S01003360,S01003360,15.38,18.75,15.79,21.05,4.76,17.39,16.67,26.09,25,20,21.43,13.33,"","","","","",""
http://statistics.gov.scot/id/statistical-geography/S01003361,S01003361,18.75,13.33,0,0,33.33,36.36,40,20,11.11,22.22,30,28.57,"","","","","",""
http://statistics.gov.scot/id/statistical-geography/S01003362,S01003362,57.14,25,18.18,21.43,30,40,41.18,50,40,45.45,27.27,23.08,"","","","","",""
http://statistics.gov.scot/id/statistical-geography/S01003363,S01003363,22.22,20,33.33,20,12.5,0,20,27.27,40,16.67,8.33,0,"","","","","",""
http://statistics.gov.scot/id/statistical-geography/S01003364,S01003364,35.29,35.71,36.36,27.27,23.08,16.67,14.29,17.65,13.33,30,23.81,22.73,"","","","","",""
http://statistics.gov.scot/id/statistical-geography/S01003365,S01003365,30,44.44,45.45,55.56,50,50,53.33,35.71,35.71,11.11,9.09,5,"","","","","",""
http://statistics.gov.scot/id/statistical-geography/S01003366,S01003366,20,16.67,0,0,0,0,0,0,0,0,0,0,"","","","","",""
http://statistics.gov.scot/id/statistical-geography/S01003367,S01003367,32,34.62,33.33,19.05,26.09,25,29.41,21.43,21.43,25,20,18.18,"","","","","",""
http://statistics.gov.scot/id/statistical-geography/S01003368,S01003368,0,0,0,8.33,10,10,0,0,0,11.11,10,6.25,"","","","","",""
http://statistics.gov.scot/id/statistical-geography/S01003369,S01003369,25,40,25,14.29,0,0,0,11.11,12.5,12.5,0,0,"","","","","",""
http://statistics.gov.scot/id/statistical-geography/S01003370,S01003370,8.33,14.29,28.57,20,8.33,12.5,14.29,28.57,28.57,12.5,15,5.56,"","","","","",""
http://statistics.gov.scot/id/statistical-geography/S01003371,S01003371,7.14,21.43,17.65,14.29,0,9.09,12.5,10,0,10,11.76,9.52,"","","","","",""
http://statistics.gov.scot/id/statistical-geography/S01003372,S01003372,16.67,38.46,35.71,35.71,30,42.86,46.67,50,50,58.33,37.5,36.36,"","","","","",""
http://statistics.gov.scot/id/statistical-geography/S01003373,S01003373,20,13.33,12.5,11.11,11.11,15,16.67,12.5,4.35,0,0,0,"","","","","",""
http://statistics.gov.scot/id/statistical-geography/S01003374,S01003374,28.57,62.5,60,55.56,42.86,25,30,30,50,40,36.36,28.57,"","","","","",""
http://statistics.gov.scot/id/statistical-geography/S01003375,S01003375,9.09,12.5,10,10,0,11.11,10,18.18,12.5,12.5,0,0,"","","","","",""
http://statistics.gov.scot/id/statistical-geography/S01003376,S01003376,42.86,33.33,33.33,40,33.33,46.67,31.25,43.75,33.33,38.46,21.43,30.77,"","","","","",""
http://statistics.gov.scot/id/statistical-geography/S01003377,S01003377,11.11,25,60,66.67,28.57,0,0,33.33,50,50,42.86,11.11,"","","","","",""
http://statistics.gov.scot/id/statistical-geography/S01003378,S01003378,33.33,33.33,25,23.08,28.57,33.33,43.75,42.86,42.86,30.77,18.75,12.5,"","","","","",""
http://statistics.gov.scot/id/statistical-geography/S01003379,S01003379,50,33.33,33.33,33.33,50,47.37,42.11,35.29,30,50,54.55,38.46,"","","","","",""
http://statistics.gov.scot/id/statistical-geography/S01003380,S01003380,22.22,25,23.08,23.53,12.5,14.29,4.76,7.69,13.33,21.62,21.95,15.79,"","","","","",""
http://statistics.gov.scot/id/statistical-geography/S01003381,S01003381,16.67,14.29,15.38,0,0,8.33,20,27.27,25,20,7.69,9.09,"","","","","",""
http://statistics.gov.scot/id/statistical-geography/S01003382,S01003382,15.79,11.11,14.29,11.11,25,0,11.11,5.56,4.76,3.85,4.55,3.03,"","","","","",""
http://statistics.gov.scot/id/statistical-geography/S01003383,S01003383,21.43,22.22,20,25,27.27,28.57,18.18,9.09,13.33,9.09,7.69,7.69,"","","","","",""
http://statistics.gov.scot/id/statistical-geography/S01003384,S01003384,36.36,25,12.5,30,20,25,23.53,26.67,14.29,0,0,7.69,"","","","","",""
http://statistics.gov.scot/id/statistical-geography/S01003385,S01003385,10.53,0,0,6.25,5.88,4.35,0,0,0,0,0,0,"","","","","",""
http://statistics.gov.scot/id/statistical-geography/S01003386,S01003386,0,0,0,0,14.29,8.33,9.09,0,0,9.09,22.22,33.33,"","","","","",""
http://statistics.gov.scot/id/statistical-geography/S01003387,S01003387,32,20.83,33.33,25,42.86,18.18,15.38,21.43,23.08,14.29,6.25,0,"","","","","",""
http://statistics.gov.scot/id/statistical-geography/S01003388,S01003388,7.14,11.11,7.69,10,10,18.75,23.53,28.57,21.05,17.39,18.18,15,"","","","","",""
http://statistics.gov.scot/id/statistical-geography/S01003389,S01003389,18.75,24.14,25,27.27,22.22,12.5,20.83,25,18.18,9.09,3.7,7.69,"","","","","",""
http://statistics.gov.scot/id/statistical-geography/S01003390,S01003390,66.67,36.36,47.37,38.46,31.25,36.36,36.11,37.14,25.71,25.81,23.08,20.69,"","","","","",""
http://statistics.gov.scot/id/statistical-geography/S01003391,S01003391,40,30.77,25,20,22.22,20,13.33,22.22,23.81,31.25,13.33,10,"","","","","",""
http://statistics.gov.scot/id/statistical-geography/S01003392,S01003392,0,0,10,7.14,10,0,12.5,10,7.69,7.14,7.14,13.33,"","","","","",""
http://statistics.gov.scot/id/statistical-geography/S01003393,S01003393,16.67,20,0,16.67,28.57,66.67,25,0,10,9.09,8.33,7.69,"","","","","",""
http://statistics.gov.scot/id/statistical-geography/S01003394,S01003394,33.33,38.46,40,40,33.33,26.67,23.53,26.67,29.41,33.33,33.33,50,"","","","","",""
http://statistics.gov.scot/id/statistical-geography/S01003395,S01003395,23.08,30,11.11,10,6.67,6.25,6.67,6.25,6.25,0,0,0,"","","","","",""
http://statistics.gov.scot/id/statistical-geography/S01003396,S01003396,23.81,26.09,21.05,15.38,11.11,10.53,17.39,12.5,13.04,4.55,9.52,10.34,"","","","","",""
http://statistics.gov.scot/id/statistical-geography/S01003397,S01003397,50,45.45,58.33,47.06,33.33,13.64,5,5.56,6.67,15.79,19.05,19.05,"","","","","",""
http://statistics.gov.scot/id/statistical-geography/S01003398,S01003398,3.85,8,15.15,25,18.18,20,23.81,29.41,20,15,12.5,13.04,"","","","","",""
http://statistics.gov.scot/id/statistical-geography/S01003399,S01003399,0,20,25,33.33,21.05,29.41,13.33,20,6.25,23.08,11.11,23.81,"","","","","",""
http://statistics.gov.scot/id/statistical-geography/S01003400,S01003400,16.67,20,16.67,60,28.57,22.22,12.5,22.22,22.22,11.11,0,20,"","","","","",""
http://statistics.gov.scot/id/statistical-geography/S01003401,S01003401,42.86,44.44,21.43,23.08,33.33,31.58,30,17.65,28.57,21.43,16.67,7.69,"","","","","",""
http://statistics.gov.scot/id/statistical-geography/S01003402,S01003402,50,50,25,36.36,36.84,25.93,20.69,13.64,27.27,20,20.59,22.22,"","","","","",""
http://statistics.gov.scot/id/statistical-geography/S01003403,S01003403,27.78,20,11.11,16.67,20,20,0,25,12.5,9.09,5.56,5.26,"","","","","",""
http://statistics.gov.scot/id/statistical-geography/S01003404,S01003404,58.33,40,60,83.33,66.67,40,50,55.56,36.36,18.18,0,0,"","","","","",""
http://statistics.gov.scot/id/statistical-geography/S01003405,S01003405,9.09,8.33,0,0,0,0,22.22,20,30,25,20,25,"","","","","",""
http://statistics.gov.scot/id/statistical-geography/S01003406,S01003406,27.27,22.22,33.33,16.67,14.29,0,8.33,10,20,14.29,14.29,9.09,"","","","","",""
http://statistics.gov.scot/id/statistical-geography/S01003407,S01003407,0,0,0,0,20,12.5,7.14,18.18,21.43,25,6.25,0,"","","","","",""
http://statistics.gov.scot/id/statistical-geography/S01003408,S01003408,16.67,12.5,0,0,33.33,20,22.22,14.29,20,0,0,0,"","","","","",""
http://statistics.gov.scot/id/statistical-geography/S01003409,S01003409,23.53,17.65,20,20.83,20.83,25,18.18,16.28,18.18,23.81,18.18,16,"","","","","",""
http://statistics.gov.scot/id/statistical-geography/S01003410,S01003410,10,9.09,30.77,26.67,33.33,11.11,10,6.25,11.11,11.11,11.76,5,"","","","","",""
http://statistics.gov.scot/id/statistical-geography/S01003411,S01003411,30,45.45,38.46,45.83,40,30,16.67,23.08,36.36,50,50,33.33,"","","","","",""
http://statistics.gov.scot/id/statistical-geography/S01003412,S01003412,23.53,23.53,31.25,35.29,34.78,28,20.69,5.26,5.88,0,4.76,3.7,"","","","","",""
http://statistics.gov.scot/id/statistical-geography/S01003413,S01003413,42.11,36.84,27.78,41.67,37.5,37.5,15.38,20,10.53,16.67,10.53,21.05,"","","","","",""
http://statistics.gov.scot/id/statistical-geography/S01003414,S01003414,28.57,28.57,37.5,22.22,11.11,0,0,8.33,14.29,13.33,13.33,11.11,"","","","","",""
http://statistics.gov.scot/id/statistical-geography/S01003415,S01003415,27.27,30,27.27,27.27,21.43,18.75,15.38,13.33,7.14,6.67,14.29,11.11,"","","","","",""
http://statistics.gov.scot/id/statistical-geography/S01003416,S01003416,50,100,25,0,12.5,14.29,33.33,33.33,40,25,11.11,25,"","","","","",""
http://statistics.gov.scot/id/statistical-geography/S01003417,S01003417,10,11.11,0,0,0,0,0,0,0,0,0,0,"","","","","",""
http://statistics.gov.scot/id/statistical-geography/S01003418,S01003418,18.18,16.67,25,18.75,20,10,33.33,31.25,23.81,21.05,23.53,31.25,"","","","","",""
http://statistics.gov.scot/id/statistical-geography/S01003419,S01003419,36.36,47.83,56.52,70.83,52.38,36.36,18.18,40,45.45,52.63,40,33.33,"","","","","",""
http://statistics.gov.scot/id/statistical-geography/S01003420,S01003420,47.37,50,50,35.71,33.33,18.18,12.5,0,10,20,25,16.67,"","","","","",""
http://statistics.gov.scot/id/statistical-geography/S01003421,S01003421,50,20,42.86,44.44,37.5,14.29,30.77,40,40,23.53,16.67,23.08,"","","","","",""
http://statistics.gov.scot/id/statistical-geography/S01003422,S01003422,16.67,10,10,0,10,13.33,12.5,7.69,0,7.14,14.29,27.27,"","","","","",""
http://statistics.gov.scot/id/statistical-geography/S01003423,S01003423,0,0,0,0,0,0,0,0,0,0,0,0,"","","","","",""
http://statistics.gov.scot/id/statistical-geography/S01003424,S01003424,29.17,23.08,20,22.22,23.08,16,12.5,13.64,15.79,5.88,13.04,16,"","","","","",""
http://statistics.gov.scot/id/statistical-geography/S01003425,S01003425,0,0,0,0,0,0,0,0,6.67,16.67,17.65,12.5,"","","","","",""
http://statistics.gov.scot/id/statistical-geography/S01003426,S01003426,16.67,25,14.81,18.18,13.33,14.29,0,0,0,0,0,0,"","","","","",""
http://statistics.gov.scot/id/statistical-geography/S01003427,S01003427,33.33,50,50,33.33,14.29,9.09,10,0,0,0,0,16.67,"","","","","",""
http://statistics.gov.scot/id/statistical-geography/S01003428,S01003428,66.67,40.91,33.33,27.78,41.18,33.33,36.36,28.57,40,33.33,30,12.5,"","","","","",""
http://statistics.gov.scot/id/statistical-geography/S01003429,S01003429,0,0,0,0,0,0,0,0,16.67,25,9.09,0,"","","","","",""
http://statistics.gov.scot/id/statistical-geography/S01003430,S01003430,0,15.38,16.67,28.57,0,0,0,10,7.14,9.09,0,0,"","","","","",""
http://statistics.gov.scot/id/statistical-geography/S01003431,S01003431,11.11,12.5,0,0,0,0,0,0,0,10,10,9.09,"","","","","",""
http://statistics.gov.scot/id/statistical-geography/S01003432,S01003432,0,0,0,16.67,28.57,15.38,7.69,0,0,6.25,4.55,5.26,"","","","","",""
http://statistics.gov.scot/id/statistical-geography/S01003433,S01003433,8.33,8.33,0,0,0,0,0,9.09,6.25,5,0,0,"","","","","",""
http://statistics.gov.scot/id/statistical-geography/S01003434,S01003434,40,33.33,18.18,6.25,9.09,13.64,22.22,21.43,11.11,10,9.09,25,"","","","","",""
http://statistics.gov.scot/id/statistical-geography/S01003435,S01003435,47.37,52.94,53.33,41.67,28.57,40,38.1,38.1,30.43,21.05,22.22,35.71,"","","","","",""
http://statistics.gov.scot/id/statistical-geography/S01003436,S01003436,10,7.14,0,0,12.5,18.18,26.67,20,21.43,11.11,9.09,0,"","","","","",""
http://statistics.gov.scot/id/statistical-geography/S01003437,S01003437,0,0,0,0,0,0,0,0,0,0,0,0,"","","","","",""
http://statistics.gov.scot/id/statistical-geography/S01003438,S01003438,0,11.11,16.67,30,33.33,11.11,0,0,0,0,0,0,"","","","","",""
http://statistics.gov.scot/id/statistical-geography/S01003439,S01003439,33.33,16.67,20,14.29,0,0,0,0,0,0,0,0,"","","","","",""
http://statistics.gov.scot/id/statistical-geography/S01003440,S01003440,20,28.57,25,28.57,9.09,10,0,0,0,0,0,0,"","","","","",""
http://statistics.gov.scot/id/statistical-geography/S01003441,S01003441,43.48,29.17,23.81,5.26,17.65,21.74,33.33,33.33,29.63,20.59,11.11,13.16,"","","","","",""
http://statistics.gov.scot/id/statistical-geography/S01003442,S01003442,13.33,38.46,54.55,50,50,38.46,36.36,20.83,18.52,16.67,16.13,16,"","","","","",""
http://statistics.gov.scot/id/statistical-geography/S01003443,S01003443,40,25,35.29,47.37,50,27.27,8.33,4.35,13.64,22.73,26.92,26.09,"","","","","",""
http://statistics.gov.scot/id/statistical-geography/S01003444,S01003444,16.67,27.27,63.64,61.54,45.45,18.18,12.5,20,0,11.11,5.88,6.25,"","","","","",""
http://statistics.gov.scot/id/statistical-geography/S01003445,S01003445,32,28.57,5.88,10,13.04,20.83,21.74,14.29,4,11.54,21.43,25,"","","","","",""
http://statistics.gov.scot/id/statistical-geography/S01003446,S01003446,0,0,0,0,0,0,0,0,0,10,9.09,7.69,"","","","","",""
http://statistics.gov.scot/id/statistical-geography/S01003447,S01003447,50,44.44,25,25,20,23.53,22.22,15,15.38,6.67,18.75,10,"","","","","",""
http://statistics.gov.scot/id/statistical-geography/S01003448,S01003448,16.67,12.5,8.33,0,0,20,40,28.57,12.5,14.29,16.67,25,"","","","","",""
http://statistics.gov.scot/id/statistical-geography/S01003449,S01003449,12.5,10,10,12.5,0,16.67,16.67,12.5,0,10,12.5,12.5,"","","","","",""
http://statistics.gov.scot/id/statistical-geography/S01003450,S01003450,0,0,0,0,0,0,0,0,0,0,0,0,"","","","","",""
http://statistics.gov.scot/id/statistical-geography/S01003451,S01003451,0,0,0,0,0,0,0,6.67,7.14,9.09,0,7.69,"","","","","",""
http://statistics.gov.scot/id/statistical-geography/S01003452,S01003452,50,80,80,80,66.67,0,33.33,28.57,30,25,28.57,20,"","","","","",""
http://statistics.gov.scot/id/statistical-geography/S01003453,S01003453,4,5.88,5.88,0,9.09,5.88,8,5.56,5.13,2.44,0,0,"","","","","",""
http://statistics.gov.scot/id/statistical-geography/S01003454,S01003454,4.17,5.56,8.33,33.33,25,33.33,16.67,11.11,0,0,0,0,"","","","","",""
http://statistics.gov.scot/id/statistical-geography/S01003455,S01003455,55.56,52.94,43.75,42.86,54.55,66.67,61.54,53.33,44.44,25,29.41,33.33,"","","","","",""
http://statistics.gov.scot/id/statistical-geography/S01003456,S01003456,43.75,61.54,70,42.86,27.27,25,20,17.65,28.57,33.33,33.33,12.5,"","","","","",""
http://statistics.gov.scot/id/statistical-geography/S01003457,S01003457,35.71,29.41,17.39,18.52,18.75,18.18,9.52,5,6.06,6.52,4.26,2.94,"","","","","",""
http://statistics.gov.scot/id/statistical-geography/S01003458,S01003458,25,26.67,27.27,0,0,10.53,22.73,26.09,23.81,14.29,9.52,4.76,"","","","","",""
http://statistics.gov.scot/id/statistical-geography/S01003459,S01003459,38.89,21.05,12.5,11.76,17.65,29.17,19.23,29.03,24,27.27,15.79,17.65,"","","","","",""
http://statistics.gov.scot/id/statistical-geography/S01003460,S01003460,0,0,0,0,0,0,0,0,0,0,0,0,"","","","","",""
http://statistics.gov.scot/id/statistical-geography/S01003461,S01003461,0,0,0,0,0,0,0,20,21.05,25,23.53,18.18,"","","","","",""
http://statistics.gov.scot/id/statistical-geography/S01003462,S01003462,45.45,25,12.5,33.33,41.67,35.29,25,30.77,45.45,37.5,29.41,28.57,"","","","","",""
http://statistics.gov.scot/id/statistical-geography/S01003463,S01003463,18.18,13.64,8.33,8,14.29,28.95,26.83,20.93,12.9,7.41,9.09,0,"","","","","",""
http://statistics.gov.scot/id/statistical-geography/S01003464,S01003464,0,0,0,0,0,0,0,16.67,25,30,14.29,5.56,"","","","","",""
http://statistics.gov.scot/id/statistical-geography/S01003465,S01003465,6.67,10.53,13.33,10,14.29,9.09,6.25,3.7,3.03,4,1.92,1.69,"","","","","",""
http://statistics.gov.scot/id/statistical-geography/S01003466,S01003466,0,0,0,0,0,0,0,0,0,0,0,0,"","","","","",""
http://statistics.gov.scot/id/statistical-geography/S01003467,S01003467,12.5,18.18,14.29,7.69,11.11,23.08,30,33.33,25,21.43,8.33,0,"","","","","",""
http://statistics.gov.scot/id/statistical-geography/S01003468,S01003468,0,0,0,0,0,20,25,14.29,0,0,0,0,"","","","","",""
http://statistics.gov.scot/id/statistical-geography/S01003469,S01003469,7.69,0,0,0,0,0,0,0,0,0,0,0,"","","","","",""
http://statistics.gov.scot/id/statistical-geography/S01003470,S01003470,18.18,18.18,14.29,0,0,20,12.5,6.67,0,0,0,0,"","","","","",""
http://statistics.gov.scot/id/statistical-geography/S01003471,S01003471,45,43.48,30.43,28.57,42.86,41.18,25,8.33,15.38,25,45.45,57.14,"","","","","",""
http://statistics.gov.scot/id/statistical-geography/S01003472,S01003472,33.33,17.65,14.29,17.65,25,23.81,16.67,9.52,7.69,7.14,8.57,4.17,"","","","","",""
http://statistics.gov.scot/id/statistical-geography/S01003473,S01003473,25,16.67,11.11,0,11.11,9.09,15.38,8.33,16.67,23.08,29.41,29.41,"","","","","",""
http://statistics.gov.scot/id/statistical-geography/S01003474,S01003474,20,18.18,16.67,0,0,0,0,0,0,0,0,0,"","","","","",""
http://statistics.gov.scot/id/statistical-geography/S01003475,S01003475,16.67,20,22.22,11.11,0,0,0,0,0,0,0,0,"","","","","",""
http://statistics.gov.scot/id/statistical-geography/S01003476,S01003476,28.57,33.33,22.22,17.65,6.25,7.14,11.11,9.52,11.43,11.11,11.43,12.9,"","","","","",""
http://statistics.gov.scot/id/statistical-geography/S01003477,S01003477,5.56,0,0,0,14.29,20,14.29,11.11,10.53,10,4.76,4.55,"","","","","",""
http://statistics.gov.scot/id/statistical-geography/S01003478,S01003478,0,10,9.09,20,0,0,0,12.5,16.67,12.5,0,0,"","","","","",""
http://statistics.gov.scot/id/statistical-geography/S01003479,S01003479,8.33,0,0,0,0,0,0,0,0,0,0,0,"","","","","",""
http://statistics.gov.scot/id/statistical-geography/S01003480,S01003480,0,0,0,0,"",0,50,25,25,0,0,0,"","","","","",""
http://statistics.gov.scot/id/statistical-geography/S01003481,S01003481,40,30.77,11.11,0,0,0,0,0,0,0,5.88,4.35,"","","","","",""
http://statistics.gov.scot/id/statistical-geography/S01003482,S01003482,26.67,33.33,50,20,40,25,33.33,33.33,37.5,45.45,30.77,27.27,"","","","","",""
http://statistics.gov.scot/id/statistical-geography/S01003483,S01003483,25,12.5,0,12.5,22.22,18.18,8.33,0,0,0,6.67,14.29,"","","","","",""
http://statistics.gov.scot/id/statistical-geography/S01003484,S01003484,12.5,11.11,12.5,0,0,0,0,0,0,0,0,0,"","","","","",""
http://statistics.gov.scot/id/statistical-geography/S01003485,S01003485,0,0,0,0,0,0,0,0,0,0,0,0,"","","","","",""
http://statistics.gov.scot/id/statistical-geography/S01003486,S01003486,63.64,58.33,53.33,38.46,50,44.44,44.44,39.13,41.67,29.41,27.78,17.39,"","","","","",""
http://statistics.gov.scot/id/statistical-geography/S01003487,S01003487,7.69,0,0,0,0,20,12.5,15.38,7.69,7.69,0,0,"","","","","",""
http://statistics.gov.scot/id/statistical-geography/S01003488,S01003488,23.53,27.78,38.89,18.75,18.75,16.67,26.32,20,15,6.25,12.5,13.33,"","","","","",""
http://statistics.gov.scot/id/statistical-geography/S01003489,S01003489,33.33,44.44,35.29,43.75,38.89,41.18,28.13,17.14,15.22,12.82,20.51,17.65,"","","","","",""
http://statistics.gov.scot/id/statistical-geography/S01003490,S01003490,40,37.5,25,0,0,0,8.33,8.33,9.09,0,0,0,"","","","","",""
http://statistics.gov.scot/id/statistical-geography/S01003491,S01003491,27.78,20,28.57,25,25,22.22,0,0,0,0,0,"","","","","","",""
http://statistics.gov.scot/id/statistical-geography/S01003492,S01003492,23.08,26.92,20,17.39,13.04,5,4.17,12,8.33,7.32,2.38,2.94,"","","","","",""
http://statistics.gov.scot/id/statistical-geography/S01003493,S01003493,9.09,6.25,6.67,0,0,0,0,0,0,11.11,9.09,6.25,"","","","","",""
http://statistics.gov.scot/id/statistical-geography/S01003494,S01003494,12.5,16.67,25,50,0,0,0,0,0,0,0,0,"","","","","",""
http://statistics.gov.scot/id/statistical-geography/S01003495,S01003495,25,27.27,25,26.32,25,23.81,22.22,18.75,12.5,17.86,17.14,21.43,"","","","","",""
http://statistics.gov.scot/id/statistical-geography/S01003496,S01003496,0,0,0,0,0,0,0,0,9.09,14.29,18.75,18.18,"","","","","",""
http://statistics.gov.scot/id/statistical-geography/S01003497,S01003497,8.33,7.69,7.69,8.33,16.67,9.09,0,0,0,0,0,0,"","","","","",""
http://statistics.gov.scot/id/statistical-geography/S01003498,S01003498,11.11,0,0,0,0,11.11,11.11,9.09,0,0,0,6.67,"","","","","",""
http://statistics.gov.scot/id/statistical-geography/S01003499,S01003499,0,0,0,0,0,0,20,25,9.09,0,4,3.85,"","","","","",""
http://statistics.gov.scot/id/statistical-geography/S01003500,S01003500,57.14,40,28.57,27.27,25,23.08,27.27,15.38,33.33,22.22,28.57,20,"","","","","",""
http://statistics.gov.scot/id/statistical-geography/S01003501,S01003501,0,0,0,0,0,0,0,0,0,0,11.11,7.69,"","","","","",""
http://statistics.gov.scot/id/statistical-geography/S01003502,S01003502,37.5,27.27,14.29,16,14.29,11.43,10.53,7.69,7.55,4.76,6.67,7.94,"","","","","",""
http://statistics.gov.scot/id/statistical-geography/S01003503,S01003503,0,0,0,0,0,0,12.5,9.09,10,10.53,9.09,8.7,"","","","","",""
http://statistics.gov.scot/id/statistical-geography/S01003504,S01003504,9.09,0,0,0,0,0,0,0,0,0,0,0,"","","","","",""
http://statistics.gov.scot/id/statistical-geography/S01003505,S01003505,16.67,37.5,30,42.86,22.22,44.44,50,80,100,100,"","","","","","","",""
http://statistics.gov.scot/id/statistical-geography/S01003506,S01003506,14.29,0,0,0,0,0,0,0,0,5.26,11.76,10.53,"","","","","",""
http://statistics.gov.scot/id/statistical-geography/S01003507,S01003507,0,0,0,0,0,0,0,25,11.11,12.5,7.14,5.56,"","","","","",""
http://statistics.gov.scot/id/statistical-geography/S01003508,S01003508,0,0,0,0,0,50,33.33,16.67,8.33,0,14.29,11.11,"","","","","",""
http://statistics.gov.scot/id/statistical-geography/S01003509,S01003509,5.26,0,0,9.09,7.69,7.14,0,0,0,0,0,0,"","","","","",""
http://statistics.gov.scot/id/statistical-geography/S01003510,S01003510,15,10.53,7.69,13.33,25,35.71,36.36,18.18,7.69,0,8.33,10,"","","","","",""
http://statistics.gov.scot/id/statistical-geography/S01003511,S01003511,0,0,0,0,0,0,0,0,0,0,0,0,"","","","","",""
http://statistics.gov.scot/id/statistical-geography/S01003512,S01003512,0,16.67,16.67,20,0,20,16.67,16.67,0,11.11,11.11,12.5,"","","","","",""
http://statistics.gov.scot/id/statistical-geography/S01003513,S01003513,0,0,0,0,0,0,0,0,0,0,0,0,"","","","","",""
http://statistics.gov.scot/id/statistical-geography/S01003514,S01003514,0,0,0,0,0,0,0,0,0,0,0,0,"","","","","",""
http://statistics.gov.scot/id/statistical-geography/S01003515,S01003515,75,62.5,47.06,30.77,23.08,14.29,30,33.33,35.71,27.27,26.67,13.33,"","","","","",""
http://statistics.gov.scot/id/statistical-geography/S01003516,S01003516,15.79,17.65,13.33,0,11.11,14.29,11.11,0,0,0,0,10,"","","","","",""
http://statistics.gov.scot/id/statistical-geography/S01003517,S01003517,0,0,0,0,0,0,0,0,0,0,0,5.56,"","","","","",""
http://statistics.gov.scot/id/statistical-geography/S01003518,S01003518,12.5,28.57,16.67,28.57,22.22,36.36,15,18.18,16,19.05,11.76,5,"","","","","",""
http://statistics.gov.scot/id/statistical-geography/S01003519,S01003519,50,57.14,42.86,25,0,11.11,11.11,9.09,0,0,0,8.33,"","","","","",""
http://statistics.gov.scot/id/statistical-geography/S01003520,S01003520,0,0,0,0,0,0,0,0,0,0,0,0,"","","","","",""
http://statistics.gov.scot/id/statistical-geography/S01003521,S01003521,0,0,0,0,0,0,0,0,0,25,25,20,"","","","","",""
http://statistics.gov.scot/id/statistical-geography/S01003522,S01003522,0,0,0,0,0,0,0,0,0,6.25,7.69,6.67,"","","","","",""
http://statistics.gov.scot/id/statistical-geography/S01003523,S01003523,20,20,0,12.5,12.5,12.5,20,25,20,11.76,10.53,11.11,"","","","","",""
http://statistics.gov.scot/id/statistical-geography/S01003524,S01003524,0,0,0,0,0,0,0,0,0,0,0,0,"","","","","",""
http://statistics.gov.scot/id/statistical-geography/S01003525,S01003525,0,0,0,0,0,0,0,0,0,0,4.35,4.35,"","","","","",""
http://statistics.gov.scot/id/statistical-geography/S01003526,S01003526,4.76,0,6.25,14.29,25,0,0,0,0,4.35,3.45,3.23,"","","","","",""
http://statistics.gov.scot/id/statistical-geography/S01003527,S01003527,0,0,0,0,0,0,0,0,0,0,0,0,"","","","","",""
http://statistics.gov.scot/id/statistical-geography/S01003528,S01003528,30,9.09,8.33,7.69,20,30,23.08,16.67,9.09,14.29,8.33,0,"","","","","",""
http://statistics.gov.scot/id/statistical-geography/S01003529,S01003529,0,0,0,0,9.09,9.09,7.69,0,8.33,7.69,7.69,0,"","","","","",""
http://statistics.gov.scot/id/statistical-geography/S01003530,S01003530,0,0,0,0,0,0,0,0,0,0,0,0,"","","","","",""
http://statistics.gov.scot/id/statistical-geography/S01003531,S01003531,50,40,60,50,33.33,14.29,0,0,0,0,18.18,10,"","","","","",""
http://statistics.gov.scot/id/statistical-geography/S01003532,S01003532,7.14,0,0,0,0,0,0,0,0,0,0,0,"","","","","",""
http://statistics.gov.scot/id/statistical-geography/S01003533,S01003533,20.83,25,36,38.46,25.71,17.24,15.15,18.18,9.09,11.43,9.3,13.33,"","","","","",""
http://statistics.gov.scot/id/statistical-geography/S01003534,S01003534,0,4.35,8.7,12.9,12.9,11.43,15.38,12,12.5,12.5,11.11,11.54,"","","","","",""
http://statistics.gov.scot/id/statistical-geography/S01003535,S01003535,11.11,9.09,8.33,0,0,0,0,14.29,18.75,19.05,13.64,10.53,"","","","","",""
http://statistics.gov.scot/id/statistical-geography/S01003536,S01003536,4.55,0,0,0,0,0,0,0,0,0,0,0,"","","","","",""
http://statistics.gov.scot/id/statistical-geography/S01003537,S01003537,27.27,33.33,20,0,0,16.67,16.67,28.57,20,16.67,12.5,0,"","","","","",""
http://statistics.gov.scot/id/statistical-geography/S01003538,S01003538,0,25,28.57,60,16.67,12.5,9.09,14.29,14.29,16.67,8.33,12.5,"","","","","",""
http://statistics.gov.scot/id/statistical-geography/S01003539,S01003539,0,0,0,0,0,0,0,0,0,0,0,0,"","","","","",""
http://statistics.gov.scot/id/statistical-geography/S01003540,S01003540,5.26,10.53,13.64,16,23.81,28.57,28.57,25,15.38,15.38,8.33,0,"","","","","",""
http://statistics.gov.scot/id/statistical-geography/S01003541,S01003541,25,43.75,50,45.45,41.38,27.03,21.05,13.64,10.64,13.21,10.71,8.93,"","","","","",""
http://statistics.gov.scot/id/statistical-geography/S01003542,S01003542,0,5.26,7.14,14.29,0,0,0,0,0,0,0,0,"","","","","",""
http://statistics.gov.scot/id/statistical-geography/S01003543,S01003543,18.75,28.57,15.38,11.11,25,45.45,42.86,25,16.67,14.81,10,7.41,"","","","","",""
http://statistics.gov.scot/id/statistical-geography/S01003544,S01003544,0,0,0,0,0,0,0,0,0,0,0,0,"","","","","",""
http://statistics.gov.scot/id/statistical-geography/S01003545,S01003545,0,0,0,0,0,0,0,0,0,0,0,0,"","","","","",""
http://statistics.gov.scot/id/statistical-geography/S01003546,S01003546,27.27,20,17.65,21.05,17.86,12.9,9.68,11.11,26.09,27.27,26.32,5.88,"","","","","",""
http://statistics.gov.scot/id/statistical-geography/S01003547,S01003547,17.65,14.29,0,0,0,0,0,0,0,13.33,14.29,10,"","","","","",""
http://statistics.gov.scot/id/statistical-geography/S01003548,S01003548,33.33,33.33,38.46,33.33,30,15.38,11.11,0,"","","",0,"","","","","",""
http://statistics.gov.scot/id/statistical-geography/S01003549,S01003549,33.33,41.18,33.33,41.67,28.57,38.46,46.15,55.56,54.55,55.56,35.71,21.43,"","","","","",""
http://statistics.gov.scot/id/statistical-geography/S01003550,S01003550,0,0,7.14,7.69,7.69,0,0,7.14,14.29,12.5,0,0,"","","","","",""
http://statistics.gov.scot/id/statistical-geography/S01003551,S01003551,50,37.5,30.77,25,31.25,27.78,18.75,8.33,13.33,11.76,21.05,11.11,"","","","","",""
http://statistics.gov.scot/id/statistical-geography/S01003552,S01003552,0,0,0,0,0,0,0,0,0,0,0,0,"","","","","",""
http://statistics.gov.scot/id/statistical-geography/S01003553,S01003553,38.89,40,41.18,25,11.11,20,40,50,33.33,21.43,20,21.43,"","","","","",""
http://statistics.gov.scot/id/statistical-geography/S01003554,S01003554,10,6.67,0,0,0,11.11,11.11,8.33,0,0,0,0,"","","","","",""
http://statistics.gov.scot/id/statistical-geography/S01003555,S01003555,6.25,6.25,0,0,0,0,0,0,0,0,0,0,"","","","","",""
http://statistics.gov.scot/id/statistical-geography/S01003556,S01003556,0,0,0,0,0,0,0,0,0,0,0,0,"","","","","",""
http://statistics.gov.scot/id/statistical-geography/S01003557,S01003557,30.77,18.75,18.75,25,58.33,40,33.33,14.29,17.65,28.57,37.5,42.86,"","","","","",""
http://statistics.gov.scot/id/statistical-geography/S01003558,S01003558,0,0,0,0,0,0,0,4.76,5.88,5.56,0,0,"","","","","",""
http://statistics.gov.scot/id/statistical-geography/S01003559,S01003559,0,0,0,0,0,0,0,0,0,0,0,0,"","","","","",""
http://statistics.gov.scot/id/statistical-geography/S01003560,S01003560,0,0,0,0,0,0,0,0,0,0,5,4,"","","","","",""
http://statistics.gov.scot/id/statistical-geography/S01003561,S01003561,15.38,27.27,28.57,42.86,20,37.5,33.33,37.5,23.53,12.5,2.7,5.26,"","","","","",""
http://statistics.gov.scot/id/statistical-geography/S01003562,S01003562,14.29,33.33,36.36,33.33,25,25,28.57,14.29,22.22,22.22,33.33,25,"","","","","",""
http://statistics.gov.scot/id/statistical-geography/S01003563,S01003563,40,37.5,11.11,14.29,0,33.33,37.5,50,40,20,10,9.09,"","","","","",""
http://statistics.gov.scot/id/statistical-geography/S01003564,S01003564,23.08,33.33,40,28.57,26.67,25,25,6.67,10.53,13.33,13.33,0,"","","","","",""
http://statistics.gov.scot/id/statistical-geography/S01003565,S01003565,25,28.57,26.67,25,33.33,16.67,16.67,14.29,13.04,10.53,0,11.11,"","","","","",""
http://statistics.gov.scot/id/statistical-geography/S01003566,S01003566,0,0,0,0,0,20,25,20,0,0,0,0,"","","","","",""
http://statistics.gov.scot/id/statistical-geography/S01003567,S01003567,58.33,77.78,71.43,37.5,12.5,26.67,20,27.27,29.17,25.71,17.65,15.63,"","","","","",""
http://statistics.gov.scot/id/statistical-geography/S01003568,S01003568,0,0,0,0,0,0,0,0,0,0,0,0,"","","","","",""
http://statistics.gov.scot/id/statistical-geography/S01003569,S01003569,0,0,0,0,0,0,0,0,0,0,0,0,"","","","","",""
http://statistics.gov.scot/id/statistical-geography/S01003570,S01003570,6.25,0,0,0,0,0,0,0,0,0,0,8.33,"","","","","",""
http://statistics.gov.scot/id/statistical-geography/S01003571,S01003571,7.69,14.29,11.11,20,25,33.33,31.25,20.83,13.64,15.79,23.08,20,"","","","","",""
http://statistics.gov.scot/id/statistical-geography/S01003572,S01003572,29.41,28.57,21.43,25,28.57,25,29.41,12.5,14.29,7.14,16.67,11.76,"","","","","",""
http://statistics.gov.scot/id/statistical-geography/S01003573,S01003573,0,25,33.33,37.5,20,8.33,0,0,11.11,16.67,15.38,7.69,"","","","","",""
http://statistics.gov.scot/id/statistical-geography/S01003574,S01003574,0,0,0,0,0,0,0,0,0,0,0,0,"","","","","",""
http://statistics.gov.scot/id/statistical-geography/S01003575,S01003575,46.15,35.71,25,0,20,40,50,38.46,22.22,7.14,0,0,"","","","","",""
http://statistics.gov.scot/id/statistical-geography/S01003576,S01003576,0,0,0,0,0,0,0,0,0,0,0,0,"","","","","",""
http://statistics.gov.scot/id/statistical-geography/S01003577,S01003577,26.67,41.67,54.55,62.5,44.44,22.22,12.5,9.09,23.08,29.41,35.29,29.41,"","","","","",""
http://statistics.gov.scot/id/statistical-geography/S01003578,S01003578,22.22,37.5,25,20,20,11.11,12.5,33.33,60,60,0,0,"","","","","",""
http://statistics.gov.scot/id/statistical-geography/S01003579,S01003579,27.27,23.08,23.53,18.75,37.5,37.5,35.71,25,27.78,36.36,30,41.18,"","","","","",""
http://statistics.gov.scot/id/statistical-geography/S01003580,S01003580,6.67,6.67,5.88,8.33,16.67,23.53,23.53,13.64,14.29,7.14,9.38,15.15,"","","","","",""
http://statistics.gov.scot/id/statistical-geography/S01003581,S01003581,7.14,7.14,16.67,42.86,33.33,40,33.33,18.75,21.05,20,21.05,8.89,"","","","","",""
http://statistics.gov.scot/id/statistical-geography/S01003582,S01003582,27.27,30,36.36,36.36,25,36.36,36.84,40,30,25,13.33,11.76,"","","","","",""
http://statistics.gov.scot/id/statistical-geography/S01003583,S01003583,0,20,20,22.22,20,18.18,20,30,33.33,40,0,0,"","","","","",""
http://statistics.gov.scot/id/statistical-geography/S01003584,S01003584,57.14,66.67,60,50,66.67,50,36.36,16.67,21.43,23.08,20,8.33,"","","","","",""
http://statistics.gov.scot/id/statistical-geography/S01003585,S01003585,33.33,33.33,25,25,40,22.22,18.18,8.33,7.69,8.33,20,28.57,"","","","","",""
http://statistics.gov.scot/id/statistical-geography/S01003586,S01003586,18.18,22.22,10,0,14.29,8.33,7.69,6.67,11.11,14.29,20,30,"","","","","",""
http://statistics.gov.scot/id/statistical-geography/S01003587,S01003587,0,0,0,0,33.33,33.33,25,0,0,16.67,12.5,12.5,"","","","","",""
http://statistics.gov.scot/id/statistical-geography/S01003588,S01003588,13.33,14.29,8.33,0,0,0,0,0,4.35,5.56,11.11,0,"","","","","",""
http://statistics.gov.scot/id/statistical-geography/S01003589,S01003589,0,0,0,0,0,0,0,0,0,0,0,0,"","","","","",""
http://statistics.gov.scot/id/statistical-geography/S01003590,S01003590,15.79,18.75,22.22,30,28.57,33.33,28.57,50,57.14,37.5,23.81,16,"","","","","",""
http://statistics.gov.scot/id/statistical-geography/S01003591,S01003591,12.5,12.5,11.11,0,0,11.11,8.33,6.67,0,0,0,0,"","","","","",""
http://statistics.gov.scot/id/statistical-geography/S01003592,S01003592,31.58,17.65,21.43,18.75,18.18,9.09,9.09,0,13.64,13.04,14.81,6.67,"","","","","",""
http://statistics.gov.scot/id/statistical-geography/S01003593,S01003593,10,9.09,20,40,60,44.44,37.5,37.5,25,0,11.11,12.5,"","","","","",""
http://statistics.gov.scot/id/statistical-geography/S01003594,S01003594,0,0,0,0,0,0,0,0,0,0,0,0,"","","","","",""
http://statistics.gov.scot/id/statistical-geography/S01003595,S01003595,35.29,30.43,31.25,35.29,37.5,27.27,10,20,20,20.83,20,12.5,"","","","","",""
http://statistics.gov.scot/id/statistical-geography/S01003596,S01003596,0,20,16.67,20,11.11,11.11,18.18,20,20,6.25,7.14,6.25,"","","","","",""
http://statistics.gov.scot/id/statistical-geography/S01003597,S01003597,0,0,0,0,0,0,0,0,0,0,0,0,"","","","","",""
http://statistics.gov.scot/id/statistical-geography/S01003598,S01003598,37.5,40,33.33,25,25,33.33,50,25,0,0,0,27.27,"","","","","",""
http://statistics.gov.scot/id/statistical-geography/S01003599,S01003599,66.67,66.67,37.5,0,0,40,40,33.33,10,7.69,7.69,6.67,"","","","","",""
http://statistics.gov.scot/id/statistical-geography/S01003600,S01003600,40,38.46,33.33,18.18,12.5,22.22,14.29,18.18,30.77,33.33,28.57,15.38,"","","","","",""
http://statistics.gov.scot/id/statistical-geography/S01003601,S01003601,20,17.39,27.27,25,21.43,12.5,21.05,23.81,21.05,18.75,22.73,26.09,"","","","","",""
http://statistics.gov.scot/id/statistical-geography/S01003602,S01003602,40,38.46,36.36,30,16.67,66.67,75,50,42.86,40,25,11.11,"","","","","",""
http://statistics.gov.scot/id/statistical-geography/S01003603,S01003603,44.44,77.78,77.78,87.5,75,40,0,14.29,11.11,8.33,0,6.25,"","","","","",""
http://statistics.gov.scot/id/statistical-geography/S01003604,S01003604,16.67,0,0,0,12.5,12.5,14.29,0,20,20,30,13.33,"","","","","",""
http://statistics.gov.scot/id/statistical-geography/S01003605,S01003605,7.69,9.09,14.29,0,14.29,7.69,8.33,18.75,30,20,6.25,8.33,"","","","","",""
http://statistics.gov.scot/id/statistical-geography/S01003606,S01003606,10,0,6.67,14.29,12.5,7.69,0,11.11,10,6.25,0,0,"","","","","",""
http://statistics.gov.scot/id/statistical-geography/S01003607,S01003607,11.11,8.33,0,12.5,12.5,16.67,11.11,14.29,14.29,0,0,11.11,"","","","","",""
http://statistics.gov.scot/id/statistical-geography/S01003608,S01003608,12.5,0,0,0,0,0,0,0,0,0,0,0,"","","","","",""
http://statistics.gov.scot/id/statistical-geography/S01003609,S01003609,0,0,0,0,0,0,0,0,0,0,0,0,"","","","","",""
http://statistics.gov.scot/id/statistical-geography/S01003610,S01003610,22.22,18.75,23.08,0,0,10,6.67,10.53,11.76,23.81,20,18.18,"","","","","",""
http://statistics.gov.scot/id/statistical-geography/S01003611,S01003611,37.5,57.14,50,42.86,16.67,28.57,11.11,11.11,18.18,33.33,38.46,21.43,"","","","","",""
http://statistics.gov.scot/id/statistical-geography/S01003612,S01003612,8.33,0,0,0,0,0,0,0,0,0,0,0,"","","","","",""
http://statistics.gov.scot/id/statistical-geography/S01003613,S01003613,8.57,3.57,4.76,5,5.88,0,5.88,5.88,8.33,4.55,3.03,0,"","","","","",""
http://statistics.gov.scot/id/statistical-geography/S01003614,S01003614,0,0,0,0,0,0,0,0,0,0,0,0,"","","","","",""
http://statistics.gov.scot/id/statistical-geography/S01003615,S01003615,21.43,29.41,23.08,33.33,25,33.33,22.22,21.43,20,13.33,0,0,"","","","","",""
http://statistics.gov.scot/id/statistical-geography/S01003616,S01003616,3.23,2.78,0,0,0,4.35,4.35,5,0,0,0,0,"","","","","",""
http://statistics.gov.scot/id/statistical-geography/S01003617,S01003617,26.67,23.08,30,25,16.67,30,30.77,37.5,46.15,58.33,46.67,27.78,"","","","","",""
http://statistics.gov.scot/id/statistical-geography/S01003618,S01003618,10,0,0,0,0,0,0,20,20,27.27,20,23.08,"","","","","",""
http://statistics.gov.scot/id/statistical-geography/S01003619,S01003619,57.14,28.57,33.33,40,33.33,30,11.11,16.67,18.18,35.71,41.67,35.71,"","","","","",""
http://statistics.gov.scot/id/statistical-geography/S01003620,S01003620,0,0,0,12.5,20,20,0,0,0,0,0,0,"","","","","",""
http://statistics.gov.scot/id/statistical-geography/S01003621,S01003621,42.86,28.57,20,0,20,50,66.67,30,28.57,10,20,11.11,"","","","","",""
http://statistics.gov.scot/id/statistical-geography/S01003622,S01003622,25,11.11,0,0,0,0,14.29,12.5,25,25,25,18.18,"","","","","",""
http://statistics.gov.scot/id/statistical-geography/S01003623,S01003623,0,0,0,0,0,0,0,16.67,25,9.09,0,0,"","","","","",""
http://statistics.gov.scot/id/statistical-geography/S01003624,S01003624,61.54,43.75,35.29,21.43,6.25,5,6.9,20,28.57,22.58,15,9.76,"","","","","",""
http://statistics.gov.scot/id/statistical-geography/S01003625,S01003625,25.93,23.81,31.25,57.14,80,66.67,50,33.33,20,10,11.11,20,"","","","","",""
http://statistics.gov.scot/id/statistical-geography/S01003626,S01003626,12.5,0,6.67,6.25,4.55,0,0,0,0,0,0,0,"","","","","",""
http://statistics.gov.scot/id/statistical-geography/S01003627,S01003627,0,0,8.33,6.67,7.14,8.33,14.29,14.29,22.22,26.67,35.29,30.77,"","","","","",""
http://statistics.gov.scot/id/statistical-geography/S01003628,S01003628,66.67,50,54.55,44.44,54.55,40,50,42.86,57.14,33.33,30,25,"","","","","",""
http://statistics.gov.scot/id/statistical-geography/S01003629,S01003629,0,20,50,40,20,16.67,25,37.5,22.22,23.08,10,22.22,"","","","","",""
http://statistics.gov.scot/id/statistical-geography/S01003630,S01003630,30,50,33.33,66.67,0,0,0,14.29,11.11,20,8.33,13.33,"","","","","",""
http://statistics.gov.scot/id/statistical-geography/S01003631,S01003631,9.09,16.67,16.67,25,25,10,7.69,6.67,7.69,7.14,3.85,3.85,"","","","","",""
http://statistics.gov.scot/id/statistical-geography/S01003632,S01003632,0,0,0,0,0,0,0,0,0,0,0,4.17,"","","","","",""
http://statistics.gov.scot/id/statistical-geography/S01003633,S01003633,10,7.14,0,0,0,0,0,0,7.14,8,7.69,11.11,"","","","","",""
http://statistics.gov.scot/id/statistical-geography/S01003634,S01003634,40,40,42.86,60,50,35.71,20,21.43,25,9.09,0,0,"","","","","",""
http://statistics.gov.scot/id/statistical-geography/S01003635,S01003635,11.11,16.67,16.67,0,0,25,22.22,22.22,0,0,20,25,"","","","","",""
http://statistics.gov.scot/id/statistical-geography/S01003636,S01003636,28.57,16.67,18.18,18.18,23.08,40,25,21.43,14.29,25,14.29,16.67,"","","","","",""
http://statistics.gov.scot/id/statistical-geography/S01003637,S01003637,0,0,0,0,0,0,12.5,22.22,25,23.08,11.76,5.88,"","","","","",""
http://statistics.gov.scot/id/statistical-geography/S01003638,S01003638,0,0,0,0,0,0,0,0,0,0,0,0,"","","","","",""
http://statistics.gov.scot/id/statistical-geography/S01003639,S01003639,25,11.11,12.5,0,0,25,11.11,10,0,0,7.14,6.67,"","","","","",""
http://statistics.gov.scot/id/statistical-geography/S01003640,S01003640,25,33.33,22.22,40,30,33.33,20,33.33,18.18,7.69,0,6.67,"","","","","",""
http://statistics.gov.scot/id/statistical-geography/S01003641,S01003641,2.56,0,0,4.17,5,4.76,0,0,0,0,0,0,"","","","","",""
http://statistics.gov.scot/id/statistical-geography/S01003642,S01003642,0,16.67,16.67,20,0,0,0,0,0,0,0,11.11,"","","","","",""
http://statistics.gov.scot/id/statistical-geography/S01003643,S01003643,9.09,28.57,27.78,42.86,28.57,22.22,0,0,0,12.5,23.08,23.53,"","","","","",""
http://statistics.gov.scot/id/statistical-geography/S01003644,S01003644,7.14,18.18,11.11,9.09,0,5.88,11.11,10.53,5,8,13.64,19.05,"","","","","",""
http://statistics.gov.scot/id/statistical-geography/S01003645,S01003645,33.33,20,0,0,0,0,0,16.67,14.29,11.11,12.5,16.67,"","","","","",""
http://statistics.gov.scot/id/statistical-geography/S01003646,S01003646,37.5,38.46,10,14.29,37.5,38.46,38.46,33.33,26.67,31.58,22.22,30,"","","","","",""
http://statistics.gov.scot/id/statistical-geography/S01003647,S01003647,33.33,20,0,0,0,0,0,33.33,20,16.67,0,9.09,"","","","","",""
http://statistics.gov.scot/id/statistical-geography/S01003648,S01003648,6.67,22.22,14.29,16.67,28.57,36.36,35.71,33.33,21.43,11.76,0,0,"","","","","",""
http://statistics.gov.scot/id/statistical-geography/S01003649,S01003649,16.67,25,25,11.11,10,10,11.76,10.53,6.25,18.18,22.22,21.43,"","","","","",""
http://statistics.gov.scot/id/statistical-geography/S01003650,S01003650,31.25,23.08,16.67,0,0,33.33,66.67,62.5,55.56,42.86,16.67,15.38,"","","","","",""
http://statistics.gov.scot/id/statistical-geography/S01003651,S01003651,30,22.22,27.27,33.33,40,20,14.29,0,0,0,0,0,"","","","","",""
http://statistics.gov.scot/id/statistical-geography/S01003652,S01003652,27.27,40,25,25,0,0,20,13.33,13.33,6.67,5.26,4.76,"","","","","",""
http://statistics.gov.scot/id/statistical-geography/S01003653,S01003653,55.56,62.5,42.86,33.33,33.33,60,33.33,44.44,40,44.44,28.57,12.5,"","","","","",""
http://statistics.gov.scot/id/statistical-geography/S01003654,S01003654,23.53,16.67,28.57,20,40,28.57,33.33,23.08,37.5,31.25,36.84,20,"","","","","",""
http://statistics.gov.scot/id/statistical-geography/S01003655,S01003655,53.33,46.67,47.06,43.75,46.67,33.33,30.77,23.53,16.67,8.33,25,20,"","","","","",""
http://statistics.gov.scot/id/statistical-geography/S01003656,S01003656,62.5,33.33,25,28.57,33.33,50,25,33.33,25,33.33,28.57,21.43,"","","","","",""
http://statistics.gov.scot/id/statistical-geography/S01003657,S01003657,70,27.27,23.53,15.38,18.18,9.09,0,12.5,33.33,30,20,20,"","","","","",""
http://statistics.gov.scot/id/statistical-geography/S01003658,S01003658,10,15.38,9.09,37.5,33.33,33.33,11.11,11.11,0,28.57,18.18,13.33,"","","","","",""
http://statistics.gov.scot/id/statistical-geography/S01003659,S01003659,0,0,0,0,0,0,0,0,0,0,0,0,"","","","","",""
http://statistics.gov.scot/id/statistical-geography/S01003660,S01003660,3.7,3.45,2.94,2.78,5.13,6.25,3.13,0,0,0,0,0,"","","","","",""
http://statistics.gov.scot/id/statistical-geography/S01003661,S01003661,0,0,0,0,0,0,6.25,10.53,13.33,5.88,0,0,"","","","","",""
http://statistics.gov.scot/id/statistical-geography/S01003662,S01003662,25,22.22,0,33.33,40,28.57,0,11.11,11.11,12.5,0,0,"","","","","",""
http://statistics.gov.scot/id/statistical-geography/S01003663,S01003663,17.65,37.5,50,75,28.57,20,18.18,33.33,45.45,33.33,25,0,"","","","","",""
http://statistics.gov.scot/id/statistical-geography/S01003664,S01003664,25,0,40,40,66.67,50,20,14.29,0,0,0,0,"","","","","",""
http://statistics.gov.scot/id/statistical-geography/S01003665,S01003665,20,16.67,16.67,45.45,46.15,42.11,33.33,30.77,18.18,7.69,0,12.5,"","","","","",""
http://statistics.gov.scot/id/statistical-geography/S01003666,S01003666,53.33,42.86,30.77,42.86,50,35.71,25,7.14,13.33,6.67,10,0,"","","","","",""
http://statistics.gov.scot/id/statistical-geography/S01003667,S01003667,29.41,25,0,28.57,40,60,50,33.33,0,0,0,0,"","","","","",""
http://statistics.gov.scot/id/statistical-geography/S01003668,S01003668,16.67,14.29,0,0,0,0,33.33,50,33.33,25,22.22,18.18,"","","","","",""
http://statistics.gov.scot/id/statistical-geography/S01003669,S01003669,42.86,33.33,50,0,0,0,0,7.69,7.69,5.88,9.52,8.33,"","","","","",""
http://statistics.gov.scot/id/statistical-geography/S01003670,S01003670,27.27,28.57,33.33,37.5,33.33,37.5,31.58,31.25,11.11,8.33,15,13.64,"","","","","",""
http://statistics.gov.scot/id/statistical-geography/S01003671,S01003671,16.67,16.67,0,0,0,20,16.67,25,16.67,12.5,11.11,11.11,"","","","","",""
http://statistics.gov.scot/id/statistical-geography/S01003672,S01003672,46.15,33.33,37.5,26.67,15.38,15.38,14.29,38.46,26.67,25,0,6.67,"","","","","",""
http://statistics.gov.scot/id/statistical-geography/S01003673,S01003673,64.71,66.67,72.73,36.36,27.27,30.77,45.45,44.44,60,25,0,0,"","","","","",""
http://statistics.gov.scot/id/statistical-geography/S01003674,S01003674,0,16.67,22.22,25,22.22,16.67,20,0,14.29,10,11.11,8.33,"","","","","",""
http://statistics.gov.scot/id/statistical-geography/S01003675,S01003675,5,5.88,0,0,0,0,0,0,0,0,0,0,"","","","","",""
http://statistics.gov.scot/id/statistical-geography/S01003676,S01003676,11.11,10,9.09,0,0,0,0,0,3.85,3.13,2.33,0,"","","","","",""
http://statistics.gov.scot/id/statistical-geography/S01003677,S01003677,60,40,28.57,33.33,23.08,26.67,18.75,35.71,33.33,44.44,29.41,25,"","","","","",""
http://statistics.gov.scot/id/statistical-geography/S01003678,S01003678,0,0,0,50,50,66.67,20,28.57,28.57,50,28.57,14.29,"","","","","",""
http://statistics.gov.scot/id/statistical-geography/S01003679,S01003679,6.67,10.53,7.69,12.5,33.33,50,50,22.22,25,13.33,11.11,4.55,"","","","","",""
http://statistics.gov.scot/id/statistical-geography/S01003680,S01003680,41.67,50,50,28.57,14.29,22.22,16.67,28.57,28.57,23.08,17.65,18.75,"","","","","",""
http://statistics.gov.scot/id/statistical-geography/S01003681,S01003681,11.11,0,0,0,0,0,0,0,0,0,0,0,"","","","","",""
http://statistics.gov.scot/id/statistical-geography/S01003682,S01003682,4.55,14.29,6.67,7.14,0,0,0,0,0,0,5.88,13.33,"","","","","",""
http://statistics.gov.scot/id/statistical-geography/S01003683,S01003683,0,0,0,0,"",50,33.33,33.33,40,28.57,33.33,12.5,"","","","","",""
http://statistics.gov.scot/id/statistical-geography/S01003684,S01003684,18.18,11.11,12.5,0,0,0,0,0,0,0,0,0,"","","","","",""
http://statistics.gov.scot/id/statistical-geography/S01003685,S01003685,33.33,33.33,0,0,0,0,20,20,20,0,0,0,"","","","","",""
http://statistics.gov.scot/id/statistical-geography/S01003686,S01003686,20,22.22,35.71,42.86,37.5,25,23.08,33.33,20,14.29,0,0,"","","","","",""
http://statistics.gov.scot/id/statistical-geography/S01003687,S01003687,20,33.33,18.18,20,25,31.58,29.41,17.65,8.33,20,38.46,33.33,"","","","","",""
http://statistics.gov.scot/id/statistical-geography/S01003688,S01003688,45.45,33.33,0,28.57,28.57,40,20,12.5,27.27,23.08,21.43,15.38,"","","","","",""
http://statistics.gov.scot/id/statistical-geography/S01003689,S01003689,0,0,0,0,0,25,16.67,20,0,12.5,10,10,"","","","","",""
http://statistics.gov.scot/id/statistical-geography/S01003690,S01003690,0,0,0,0,"",0,0,0,8.33,12.5,12.5,5.26,"","","","","",""
http://statistics.gov.scot/id/statistical-geography/S01003691,S01003691,9.09,5.88,6.67,0,11.11,10,8.33,0,0,0,0,0,"","","","","",""
http://statistics.gov.scot/id/statistical-geography/S01003692,S01003692,0,11.11,22.22,37.5,33.33,10,0,0,0,0,0,0,"","","","","",""
http://statistics.gov.scot/id/statistical-geography/S01003693,S01003693,45.45,33.33,42.86,0,0,0,40,50,75,28.57,30,22.22,"","","","","",""
http://statistics.gov.scot/id/statistical-geography/S01003694,S01003694,25,20,25,0,0,0,0,0,0,0,12.5,11.11,"","","","","",""
http://statistics.gov.scot/id/statistical-geography/S01003695,S01003695,38.89,41.18,31.25,31.25,23.08,35.71,30.77,50,29.41,32,23.33,20.69,"","","","","",""
http://statistics.gov.scot/id/statistical-geography/S01003696,S01003696,12.5,25,33.33,33.33,0,0,0,0,10,23.08,13.64,7.69,"","","","","",""
http://statistics.gov.scot/id/statistical-geography/S01003697,S01003697,11.11,16.67,25,33.33,0,0,0,11.11,20,25,12.5,14.29,"","","","","",""
http://statistics.gov.scot/id/statistical-geography/S01003698,S01003698,0,0,16.67,50,100,25,20,0,0,23.08,26.67,26.67,"","","","","",""
http://statistics.gov.scot/id/statistical-geography/S01003699,S01003699,10.53,16.67,16.67,20,0,0,0,7.14,7.69,10.53,6.67,6.67,"","","","","",""
http://statistics.gov.scot/id/statistical-geography/S01003700,S01003700,25,9.09,0,0,0,0,0,18.18,22.22,20,11.11,18.18,"","","","","",""
http://statistics.gov.scot/id/statistical-geography/S01003701,S01003701,17.65,9.09,9.09,22.22,40,40,14.29,7.14,0,0,0,6.67,"","","","","",""
http://statistics.gov.scot/id/statistical-geography/S01003702,S01003702,35,40,41.67,50,75,33.33,36.36,22.22,26.67,28.57,30,31.82,"","","","","",""
http://statistics.gov.scot/id/statistical-geography/S01003703,S01003703,18.18,33.33,44.44,45.45,37.5,16.67,14.29,12.5,11.11,0,8.33,6.67,"","","","","",""
http://statistics.gov.scot/id/statistical-geography/S01003704,S01003704,37.5,44.44,50,50,50,33.33,25,37.5,37.5,50,22.22,33.33,"","","","","",""
http://statistics.gov.scot/id/statistical-geography/S01003705,S01003705,66.67,62.5,33.33,20,33.33,45.45,50,46.15,23.08,25,15,21.05,"","","","","",""
http://statistics.gov.scot/id/statistical-geography/S01003706,S01003706,53.85,53.85,60,75,28.57,44.44,38.46,58.33,46.15,46.67,35.71,28.57,"","","","","",""
http://statistics.gov.scot/id/statistical-geography/S01003707,S01003707,75,75,64.29,42.86,50,56.25,47.06,46.67,28.57,11.11,8.33,10.53,"","","","","",""
http://statistics.gov.scot/id/statistical-geography/S01003708,S01003708,33.33,30,40,66.67,71.43,66.67,53.85,50,45.83,39.29,25.93,17.24,"","","","","",""
http://statistics.gov.scot/id/statistical-geography/S01003709,S01003709,33.33,50,66.67,66.67,50,0,0,11.11,19.05,19.05,16.67,14.29,"","","","","",""
http://statistics.gov.scot/id/statistical-geography/S01003710,S01003710,33.33,12.5,0,10,8.33,14.29,7.69,6.67,6.67,5.56,6.67,11.11,"","","","","",""
http://statistics.gov.scot/id/statistical-geography/S01003711,S01003711,52.63,35.71,35.71,30.77,35.71,31.25,31.58,40,43.75,41.18,30.77,37.5,"","","","","",""
http://statistics.gov.scot/id/statistical-geography/S01003712,S01003712,22.22,14.29,9.09,11.11,20,25,22.22,20,11.11,18.18,21.43,22.22,"","","","","",""
http://statistics.gov.scot/id/statistical-geography/S01003713,S01003713,75,75,62.5,66.67,50,0,0,"",0,50,66.67,42.86,"","","","","",""
http://statistics.gov.scot/id/statistical-geography/S01003714,S01003714,31.58,37.5,58.33,50,27.27,20,28.57,44.44,20,28.57,23.08,25,"","","","","",""
http://statistics.gov.scot/id/statistical-geography/S01003715,S01003715,25,12.5,6.67,0,0,25,28.57,40,8.33,18.18,20,25,"","","","","",""
http://statistics.gov.scot/id/statistical-geography/S01003716,S01003716,60,71.43,75,100,37.5,45.45,28.57,37.5,0,30,43.75,53.85,"","","","","",""
http://statistics.gov.scot/id/statistical-geography/S01003717,S01003717,56.25,46.15,22.22,0,25,71.43,50,38.46,23.08,28.57,18.18,9.09,"","","","","",""
http://statistics.gov.scot/id/statistical-geography/S01003718,S01003718,44.44,50,38.46,55.56,40,20,20,40,25,30,33.33,28.57,"","","","","",""
http://statistics.gov.scot/id/statistical-geography/S01003719,S01003719,0,0,0,12.5,11.11,12.5,0,0,10,7.69,11.11,0,"","","","","",""
http://statistics.gov.scot/id/statistical-geography/S01003720,S01003720,0,0,0,0,0,0,0,0,0,0,0,22.22,"","","","","",""
http://statistics.gov.scot/id/statistical-geography/S01003721,S01003721,18.18,7.69,7.14,0,0,0,0,0,0,9.09,9.09,9.09,"","","","","",""
http://statistics.gov.scot/id/statistical-geography/S01003722,S01003722,64.29,53.33,35.71,15.38,8.33,0,20,18.18,23.53,15.38,20,20,"","","","","",""
http://statistics.gov.scot/id/statistical-geography/S01003723,S01003723,0,0,0,0,0,0,14.29,11.11,12.5,0,0,16.67,"","","","","",""
http://statistics.gov.scot/id/statistical-geography/S01003724,S01003724,14.29,7.69,0,0,0,9.09,22.22,14.29,10,5.26,0,16.67,"","","","","",""
http://statistics.gov.scot/id/statistical-geography/S01003725,S01003725,18.18,9.09,0,0,0,12.5,10,7.69,0,0,0,0,"","","","","",""
http://statistics.gov.scot/id/statistical-geography/S01003726,S01003726,14.29,30,12.5,9.09,0,8.33,10,9.09,0,11.11,13.33,13.33,"","","","","",""
http://statistics.gov.scot/id/statistical-geography/S01003727,S01003727,30.77,30,25,16.67,16.67,9.09,14.29,0,11.11,5.88,5.88,6.25,"","","","","",""
http://statistics.gov.scot/id/statistical-geography/S01003728,S01003728,0,0,25,14.29,11.11,0,0,20,28.57,33.33,16.67,0,"","","","","",""
http://statistics.gov.scot/id/statistical-geography/S01003729,S01003729,27.27,0,15.38,20,29.41,33.33,33.33,18.75,11.76,11.11,16.67,10.53,"","","","","",""
http://statistics.gov.scot/id/statistical-geography/S01003730,S01003730,25,40,37.5,47.06,35.29,28.57,9.09,18.18,22.22,16.67,12.5,37.5,"","","","","",""
http://statistics.gov.scot/id/statistical-geography/S01003731,S01003731,0,0,0,11.11,12.5,9.09,8.33,16.67,23.08,16.67,9.09,16.67,"","","","","",""
http://statistics.gov.scot/id/statistical-geography/S01003732,S01003732,8.33,0,0,30,23.53,27.27,17.65,20,16.67,23.08,25,25,"","","","","",""
http://statistics.gov.scot/id/statistical-geography/S01003733,S01003733,35.71,23.08,27.78,22.22,25,18.75,18.75,29.41,31.25,37.5,21.05,23.53,"","","","","",""
http://statistics.gov.scot/id/statistical-geography/S01003734,S01003734,14.29,25,25,25,23.08,25,16.67,12.5,8.33,10,16.67,14.29,"","","","","",""
http://statistics.gov.scot/id/statistical-geography/S01003735,S01003735,14.29,25,50,40,20,20,16.67,27.27,40,46.15,38.46,14.29,"","","","","",""
http://statistics.gov.scot/id/statistical-geography/S01003736,S01003736,33.33,28.57,33.33,33.33,33.33,33.33,18.75,17.65,22.22,27.27,28.57,25,"","","","","",""
http://statistics.gov.scot/id/statistical-geography/S01003737,S01003737,0,0,15.38,15.38,21.43,8.33,16.67,0,0,0,0,15.38,"","","","","",""
http://statistics.gov.scot/id/statistical-geography/S01003738,S01003738,28.57,33.33,0,0,0,0,0,0,0,0,0,0,"","","","","",""
http://statistics.gov.scot/id/statistical-geography/S01003739,S01003739,0,0,0,0,0,0,0,0,16.67,33.33,50,0,"","","","","",""
http://statistics.gov.scot/id/statistical-geography/S01003740,S01003740,25,25,0,0,12.5,42.86,45.45,33.33,18.18,0,0,0,"","","","","",""
http://statistics.gov.scot/id/statistical-geography/S01003741,S01003741,15.38,0,18.18,16.67,13.33,0,0,12.5,14.29,12.5,0,0,"","","","","",""
http://statistics.gov.scot/id/statistical-geography/S01003742,S01003742,33.33,20,20,0,16.67,20,20,0,0,0,0,0,"","","","","",""
http://statistics.gov.scot/id/statistical-geography/S01003743,S01003743,0,0,0,7.69,7.14,7.69,0,0,0,0,0,50,"","","","","",""
http://statistics.gov.scot/id/statistical-geography/S01003744,S01003744,0,0,0,12.5,16.67,10,0,0,0,0,0,0,"","","","","",""
http://statistics.gov.scot/id/statistical-geography/S01003745,S01003745,15.38,23.08,30,18.18,20,10,16.67,0,0,0,0,0,"","","","","",""
http://statistics.gov.scot/id/statistical-geography/S01003746,S01003746,0,0,0,0,0,0,0,0,0,0,0,0,"","","","","",""
http://statistics.gov.scot/id/statistical-geography/S01003747,S01003747,7.14,0,11.11,12.5,14.29,0,0,0,0,0,18.18,16.67,"","","","","",""
http://statistics.gov.scot/id/statistical-geography/S01003748,S01003748,0,0,0,0,0,0,0,0,"","","",0,"","","","","",""
http://statistics.gov.scot/id/statistical-geography/S01003749,S01003749,0,0,50,33.33,20,0,20,27.27,30,14.29,0,0,"","","","","",""
http://statistics.gov.scot/id/statistical-geography/S01003750,S01003750,11.11,14.29,16.67,0,0,10,11.11,6.67,0,0,0,0,"","","","","",""
http://statistics.gov.scot/id/statistical-geography/S01003751,S01003751,9.09,7.69,6.67,0,7.14,15,13.04,14.29,6.67,5.56,0,0,"","","","","",""
http://statistics.gov.scot/id/statistical-geography/S01003752,S01003752,0,0,0,0,0,0,0,0,0,0,0,0,"","","","","",""
http://statistics.gov.scot/id/statistical-geography/S01003753,S01003753,0,0,8.33,22.22,40,25,0,7.69,7.69,16.67,22.22,20,"","","","","",""
http://statistics.gov.scot/id/statistical-geography/S01003754,S01003754,21.43,28.57,23.53,7.14,0,7.69,13.33,11.76,5.56,6.25,9.09,10,"","","","","",""
http://statistics.gov.scot/id/statistical-geography/S01003755,S01003755,6.25,0,0,0,9.09,5.56,5.26,3.85,3.45,7.14,12,12,"","","","","",""
http://statistics.gov.scot/id/statistical-geography/S01003756,S01003756,10,14.29,0,0,0,0,0,0,0,0,0,0,"","","","","",""
http://statistics.gov.scot/id/statistical-geography/S01003757,S01003757,12.5,16.67,25,0,0,0,0,0,25,33.33,66.67,50,"","","","","",""
http://statistics.gov.scot/id/statistical-geography/S01003758,S01003758,21.43,6.67,11.11,0,0,16.67,14.29,23.08,16.67,25,0,0,"","","","","",""
http://statistics.gov.scot/id/statistical-geography/S01003759,S01003759,0,0,0,0,0,0,0,20,12.5,27.27,16.67,15.38,"","","","","",""
http://statistics.gov.scot/id/statistical-geography/S01003760,S01003760,0,0,0,0,14.29,25,30,25,14.29,0,0,12.5,"","","","","",""
http://statistics.gov.scot/id/statistical-geography/S01003761,S01003761,0,0,0,0,0,0,0,0,20,18.18,16.67,0,"","","","","",""
http://statistics.gov.scot/id/statistical-geography/S01003762,S01003762,0,12.5,11.11,9.09,0,0,0,0,0,7.69,7.14,6.25,"","","","","",""
http://statistics.gov.scot/id/statistical-geography/S01003763,S01003763,40,50,41.67,18.18,10,12.5,9.09,10,12.5,16.67,7.69,12.5,"","","","","",""
http://statistics.gov.scot/id/statistical-geography/S01003764,S01003764,33.33,25,25,25,22.22,22.22,23.08,9.09,20,16.67,30,20,"","","","","",""
http://statistics.gov.scot/id/statistical-geography/S01003765,S01003765,7.69,8.33,22.22,28.57,33.33,9.09,8.33,18.18,42.86,57.14,25,12.5,"","","","","",""
http://statistics.gov.scot/id/statistical-geography/S01003766,S01003766,12.5,10,16.67,0,12.5,9.09,9.09,0,0,0,0,11.11,"","","","","",""
http://statistics.gov.scot/id/statistical-geography/S01003767,S01003767,33.33,28.57,40,28.57,28.57,14.29,0,10,7.69,11.11,7.14,9.09,"","","","","",""
http://statistics.gov.scot/id/statistical-geography/S01003768,S01003768,20,28.57,28.57,0,0,0,0,0,0,0,0,0,"","","","","",""
http://statistics.gov.scot/id/statistical-geography/S01003769,S01003769,0,0,0,10,9.09,9.09,0,11.11,14.29,12.5,0,0,"","","","","",""
http://statistics.gov.scot/id/statistical-geography/S01003770,S01003770,14.29,12.5,11.11,0,0,0,0,0,0,0,0,0,"","","","","",""
http://statistics.gov.scot/id/statistical-geography/S01003771,S01003771,0,16.67,28.57,50,28.57,25,15.38,15.38,9.09,0,0,0,"","","","","",""
http://statistics.gov.scot/id/statistical-geography/S01003772,S01003772,33.33,66.67,25,25,0,0,0,0,0,0,0,0,"","","","","",""
http://statistics.gov.scot/id/statistical-geography/S01003773,S01003773,15.38,0,0,0,0,0,0,0,0,0,0,0,"","","","","",""
http://statistics.gov.scot/id/statistical-geography/S01003774,S01003774,0,0,0,0,0,0,0,0,0,0,0,0,"","","","","",""
http://statistics.gov.scot/id/statistical-geography/S01003775,S01003775,14.29,28.57,20,10,0,0,0,0,0,0,0,0,"","","","","",""
http://statistics.gov.scot/id/statistical-geography/S01003776,S01003776,0,0,0,0,0,0,0,0,0,0,14.29,9.09,"","","","","",""
http://statistics.gov.scot/id/statistical-geography/S01003777,S01003777,0,0,0,15.38,23.53,25,23.08,7.69,5.26,5.56,6.25,9.09,"","","","","",""
http://statistics.gov.scot/id/statistical-geography/S01003778,S01003778,0,0,0,0,0,0,0,1.92,2.56,3.37,2.2,2.38,"","","","","",""
http://statistics.gov.scot/id/statistical-geography/S01003779,S01003779,0,0,0,0,0,0,0,0,0,0,0,0,"","","","","",""
http://statistics.gov.scot/id/statistical-geography/S01003780,S01003780,22.22,28.57,22.22,0,15.38,20,26.67,13.33,14.29,9.09,20,14.29,"","","","","",""
http://statistics.gov.scot/id/statistical-geography/S01003781,S01003781,5.26,6.25,5,0,0,0,2.94,4.17,7.14,0,5,8.33,"","","","","",""
http://statistics.gov.scot/id/statistical-geography/S01003782,S01003782,0,25,25,40,20,14.29,0,0,0,16.67,20,14.29,"","","","","",""
http://statistics.gov.scot/id/statistical-geography/S01003783,S01003783,11.76,15.79,11.11,17.65,14.29,16.67,10.53,4.55,4.35,6.67,12.5,15.79,"","","","","",""
http://statistics.gov.scot/id/statistical-geography/S01003784,S01003784,0,0,0,0,0,0,3.85,8.82,10.34,17.39,14.29,20,"","","","","",""
http://statistics.gov.scot/id/statistical-geography/S01003785,S01003785,0,0,9.09,12.5,14.29,0,0,0,0,0,0,0,"","","","","",""
http://statistics.gov.scot/id/statistical-geography/S01003786,S01003786,0,16.67,20,25,0,0,16.67,14.29,12.5,0,0,0,"","","","","",""
http://statistics.gov.scot/id/statistical-geography/S01003787,S01003787,25,28.57,20,0,14.29,25,33.33,33.33,0,0,0,0,"","","","","",""
http://statistics.gov.scot/id/statistical-geography/S01003788,S01003788,20,0,0,0,12.5,11.11,12.5,0,11.11,9.09,11.11,0,"","","","","",""
http://statistics.gov.scot/id/statistical-geography/S01003789,S01003789,0,0,0,0,0,0,0,0,0,0,0,0,"","","","","",""
http://statistics.gov.scot/id/statistical-geography/S01003790,S01003790,50,31.25,30.77,27.27,36.36,23.08,25,16.67,21.43,6.67,8.33,16.67,"","","","","",""
http://statistics.gov.scot/id/statistical-geography/S01003791,S01003791,7.14,8.33,7.41,5.88,3.33,3.23,3.57,0,3.45,3.57,11.76,20,"","","","","",""
http://statistics.gov.scot/id/statistical-geography/S01003792,S01003792,8,4.35,4.35,3.33,4.17,3.23,4.41,5.56,4.17,5.71,6.45,9.84,"","","","","",""
http://statistics.gov.scot/id/statistical-geography/S01003793,S01003793,37.5,12.5,14.29,27.27,25,36.36,33.33,36.36,37.5,20,9.09,7.69,"","","","","",""
http://statistics.gov.scot/id/statistical-geography/S01003794,S01003794,0,0,0,12.5,20,15.38,7.69,0,0,14.29,10,12.5,"","","","","",""
http://statistics.gov.scot/id/statistical-geography/S01003795,S01003795,25,0,0,0,25,33.33,50,33.33,0,0,0,0,"","","","","",""
http://statistics.gov.scot/id/statistical-geography/S01003796,S01003796,18.18,27.27,17.65,11.11,15.79,25,40,37.5,38.46,46.15,40,30,"","","","","",""
http://statistics.gov.scot/id/statistical-geography/S01003797,S01003797,14.29,7.69,0,0,6.67,6.25,14.29,13.04,16.67,15.38,21.74,20,"","","","","",""
http://statistics.gov.scot/id/statistical-geography/S01003798,S01003798,12.5,14.29,20,0,12.5,9.09,11.11,11.11,20,12.5,20,18.18,"","","","","",""
http://statistics.gov.scot/id/statistical-geography/S01003799,S01003799,21.43,14.29,15.38,5.88,16.67,14.29,17.65,6.67,0,9.09,8.33,8.33,"","","","","",""
http://statistics.gov.scot/id/statistical-geography/S01003800,S01003800,11.11,25,12.5,11.11,0,0,0,14.29,22.22,20,8.33,0,"","","","","",""
http://statistics.gov.scot/id/statistical-geography/S01003801,S01003801,0,5.88,11.11,13.33,7.69,28.57,25,28.57,8.33,16.67,14.29,9.09,"","","","","",""
http://statistics.gov.scot/id/statistical-geography/S01003802,S01003802,40,37.5,20,8.33,0,0,0,0,0,0,6.67,7.69,"","","","","",""
http://statistics.gov.scot/id/statistical-geography/S01003803,S01003803,12.5,14.29,11.11,12.5,12.5,0,12.5,20,20,20,16.67,25,"","","","","",""
http://statistics.gov.scot/id/statistical-geography/S01003804,S01003804,6.67,8.33,8.33,0,0,14.29,11.11,17.65,18.75,23.53,21.43,18.18,"","","","","",""
http://statistics.gov.scot/id/statistical-geography/S01003805,S01003805,29.41,33.33,27.78,18.75,19.05,28.57,33.33,40,33.33,25,20,16.13,"","","","","",""
http://statistics.gov.scot/id/statistical-geography/S01003806,S01003806,80,37.5,33.33,11.11,33.33,20,66.67,10,8.33,0,0,0,"","","","","",""
http://statistics.gov.scot/id/statistical-geography/S01003807,S01003807,27.27,30,28.57,26.32,12,16.67,11.76,18.18,9.09,9.09,25,25,"","","","","",""
http://statistics.gov.scot/id/statistical-geography/S01003808,S01003808,30,16.67,0,0,0,0,0,0,9.09,5.56,10.53,6.25,"","","","","",""
http://statistics.gov.scot/id/statistical-geography/S01003809,S01003809,57.14,28.57,37.5,27.27,36.36,30,30,41.67,33.33,23.08,9.09,11.11,"","","","","",""
http://statistics.gov.scot/id/statistical-geography/S01003810,S01003810,0,0,0,0,16.67,16.67,16.67,16.67,16.67,16.67,0,0,"","","","","",""
http://statistics.gov.scot/id/statistical-geography/S01003811,S01003811,0,0,14.29,25,16.67,25,20,20,0,0,0,0,"","","","","",""
http://statistics.gov.scot/id/statistical-geography/S01003812,S01003812,9.09,14.29,20,16.67,18.18,30.77,33.33,25,15.38,15.38,22.22,21.43,"","","","","",""
http://statistics.gov.scot/id/statistical-geography/S01003813,S01003813,20,40,14.29,0,0,0,0,0,0,0,0,0,"","","","","",""
http://statistics.gov.scot/id/statistical-geography/S01003814,S01003814,20,14.29,0,0,0,0,33.33,16.67,9.09,0,0,0,"","","","","",""
http://statistics.gov.scot/id/statistical-geography/S01003815,S01003815,16.67,20,0,0,0,7.69,5.88,11.76,10.53,12.5,11.76,7.69,"","","","","",""
http://statistics.gov.scot/id/statistical-geography/S01003816,S01003816,0,0,4.55,5.26,6.25,8.33,13.33,11.11,11.11,5.56,16.67,12.5,"","","","","",""
http://statistics.gov.scot/id/statistical-geography/S01003817,S01003817,37.5,33.33,40,0,0,0,14.29,16.67,17.65,20,22.22,33.33,"","","","","",""
http://statistics.gov.scot/id/statistical-geography/S01003818,S01003818,20,8.33,27.27,38.46,43.75,37.5,41.67,30.77,26.67,18.75,8.33,0,"","","","","",""
http://statistics.gov.scot/id/statistical-geography/S01003819,S01003819,12.5,0,0,0,10,9.09,5.88,4.35,5.56,4.92,3.13,0,"","","","","",""
http://statistics.gov.scot/id/statistical-geography/S01003820,S01003820,23.08,7.69,6.67,0,0,0,0,7.14,5.26,10.53,4.55,13.04,"","","","","",""
http://statistics.gov.scot/id/statistical-geography/S01003821,S01003821,42.86,30,33.33,22.22,22.22,16.67,28.57,28.57,22.22,14.29,25,28.57,"","","","","",""
http://statistics.gov.scot/id/statistical-geography/S01003822,S01003822,12.5,9.09,0,9.09,25,30.77,33.33,26.32,29.41,8.33,27.27,27.27,"","","","","",""
http://statistics.gov.scot/id/statistical-geography/S01003823,S01003823,0,9.09,10,9.09,20,28.57,33.33,12.5,6.67,0,0,0,"","","","","",""
http://statistics.gov.scot/id/statistical-geography/S01003824,S01003824,27.27,0,9.09,11.11,15,8.7,5.26,0,0,8.33,15.38,12.5,"","","","","",""
http://statistics.gov.scot/id/statistical-geography/S01003825,S01003825,19.05,15.79,18.18,6.06,8.33,5.88,6.45,10.71,14.81,24,26.09,17.39,"","","","","",""
http://statistics.gov.scot/id/statistical-geography/S01003826,S01003826,14.29,25,15.38,15.79,7.14,7.69,0,0,16.67,18.18,25,0,"","","","","",""
http://statistics.gov.scot/id/statistical-geography/S01003827,S01003827,10,11.11,8.33,7.14,5.56,0,0,0,0,4.76,5.56,5,"","","","","",""
http://statistics.gov.scot/id/statistical-geography/S01003828,S01003828,0,0,0,0,0,5.56,5.88,11.76,5,5.26,0,0,"","","","","",""
http://statistics.gov.scot/id/statistical-geography/S01003829,S01003829,44.44,54.55,57.14,66.67,66.67,50,50,30,27.27,8.33,0,12.5,"","","","","",""
http://statistics.gov.scot/id/statistical-geography/S01003830,S01003830,36.36,0,21.43,22.22,26.32,20,28.57,30,18.18,10,17.65,28.57,"","","","","",""
http://statistics.gov.scot/id/statistical-geography/S01003831,S01003831,0,5.88,15.38,25,14.29,0,0,14.29,16.67,11.11,11.11,11.11,"","","","","",""
http://statistics.gov.scot/id/statistical-geography/S01003832,S01003832,0,0,0,6.67,18.75,15.79,26.32,22.22,30.77,10,0,0,"","","","","",""
http://statistics.gov.scot/id/statistical-geography/S01003833,S01003833,0,0,0,12.5,25,33.33,28.57,15.38,13.33,9.09,20,23.53,"","","","","",""
http://statistics.gov.scot/id/statistical-geography/S01003834,S01003834,13.33,6.67,6.25,0,0,0,0,11.11,16.67,37.5,28.57,20,"","","","","",""
http://statistics.gov.scot/id/statistical-geography/S01003835,S01003835,0,0,9.09,10,9.09,0,0,0,0,0,7.69,15.38,"","","","","",""
http://statistics.gov.scot/id/statistical-geography/S01003836,S01003836,15.38,16.67,27.27,27.27,27.27,11.11,10,5.26,11.54,21.43,37.5,40.91,"","","","","",""
http://statistics.gov.scot/id/statistical-geography/S01003837,S01003837,33.33,44.44,46.15,33.33,29.41,9.09,28.57,30,30,0,9.09,7.14,"","","","","",""
http://statistics.gov.scot/id/statistical-geography/S01003838,S01003838,0,0,0,0,0,14.29,11.11,8.33,16.67,37.5,55.56,33.33,"","","","","",""
http://statistics.gov.scot/id/statistical-geography/S01003839,S01003839,36.84,33.33,15.38,23.53,26.67,27.27,0,11.11,14.29,13.33,6.67,14.29,"","","","","",""
http://statistics.gov.scot/id/statistical-geography/S01003840,S01003840,27.27,14.29,25,16.67,20,0,0,0,10,20,21.43,18.18,"","","","","",""
http://statistics.gov.scot/id/statistical-geography/S01003841,S01003841,11.11,11.11,12.5,12.5,0,50,60,57.14,33.33,16.67,0,0,"","","","","",""
http://statistics.gov.scot/id/statistical-geography/S01003842,S01003842,27.27,16.67,16.67,0,14.29,14.29,20,0,20,16.67,20,0,"","","","","",""
http://statistics.gov.scot/id/statistical-geography/S01003843,S01003843,0,0,0,0,0,0,9.09,11.11,20,0,14.29,12.5,"","","","","",""
http://statistics.gov.scot/id/statistical-geography/S01003844,S01003844,8.33,10,11.11,9.09,0,7.14,6.67,15.79,15.79,22.22,18.18,14.29,"","","","","",""
http://statistics.gov.scot/id/statistical-geography/S01003845,S01003845,31.82,33.33,36.36,28.57,27.27,24.14,25,19.35,18.75,19.44,22.58,29.17,"","","","","",""
http://statistics.gov.scot/id/statistical-geography/S01003846,S01003846,20,33.33,0,0,0,0,0,0,0,0,0,0,"","","","","",""
http://statistics.gov.scot/id/statistical-geography/S01003847,S01003847,28.57,50,40,0,0,0,0,25,20,44.44,33.33,33.33,"","","","","",""
http://statistics.gov.scot/id/statistical-geography/S01003848,S01003848,0,0,20,16.67,14.29,14.29,11.11,12.5,0,0,0,0,"","","","","",""
http://statistics.gov.scot/id/statistical-geography/S01003849,S01003849,40,36.84,35.71,33.33,40,35,45,35,22.22,5.26,21.43,30.77,"","","","","",""
http://statistics.gov.scot/id/statistical-geography/S01003850,S01003850,7.69,9.09,14.29,15,20,17.39,16.67,11.11,21.05,20,25,23.08,"","","","","",""
http://statistics.gov.scot/id/statistical-geography/S01003851,S01003851,0,8.33,10,20,0,12.5,20,20,14.29,0,0,0,"","","","","",""
http://statistics.gov.scot/id/statistical-geography/S01003852,S01003852,0,0,16.67,9.09,10,0,0,0,0,0,0,0,"","","","","",""
http://statistics.gov.scot/id/statistical-geography/S01003853,S01003853,21.05,14.29,15.38,12.5,22.22,18.18,23.08,17.14,20,18.37,18,16.28,"","","","","",""
http://statistics.gov.scot/id/statistical-geography/S01003854,S01003854,16.67,12.5,0,0,0,0,0,12.5,11.11,10,12.5,33.33,"","","","","",""
http://statistics.gov.scot/id/statistical-geography/S01003855,S01003855,33.33,27.78,16.67,16,14.81,30,40,38.1,38.1,35.29,35.71,30,"","","","","",""
http://statistics.gov.scot/id/statistical-geography/S01003856,S01003856,13.04,23.81,20,26.67,20,31.58,23.81,17.86,12.5,10,6.67,0,"","","","","",""
http://statistics.gov.scot/id/statistical-geography/S01003857,S01003857,7.69,16.67,30,28.57,33.33,33.33,33.33,0,0,0,0,0,"","","","","",""
http://statistics.gov.scot/id/statistical-geography/S01003858,S01003858,25,16.67,0,16.67,11.11,9.09,10,18.18,15.38,7.69,0,10,"","","","","",""
http://statistics.gov.scot/id/statistical-geography/S01003859,S01003859,12.5,11.11,16.67,0,0,0,0,7.69,7.69,9.09,14.29,12.5,"","","","","",""
http://statistics.gov.scot/id/statistical-geography/S01003860,S01003860,64.71,52.94,30,36,33.33,36.84,44.44,50,69.23,77.78,80,75,"","","","","",""
http://statistics.gov.scot/id/statistical-geography/S01003861,S01003861,0,0,0,0,0,0,0,5,5.56,10,7.14,13.33,"","","","","",""
http://statistics.gov.scot/id/statistical-geography/S01003862,S01003862,56.52,63.64,70,53.33,41.18,43.75,64.71,61.54,63.64,37.5,50,33.33,"","","","","",""
http://statistics.gov.scot/id/statistical-geography/S01003863,S01003863,0,16.67,33.33,16.67,0,0,25,50,40,33.33,0,0,"","","","","",""
http://statistics.gov.scot/id/statistical-geography/S01003864,S01003864,0,0,0,0,0,0,0,0,0,20,14.29,11.11,"","","","","",""
http://statistics.gov.scot/id/statistical-geography/S01003865,S01003865,0,0,7.69,13.33,15.79,25,21.43,22.22,20,25,27.27,11.11,"","","","","",""
http://statistics.gov.scot/id/statistical-geography/S01003866,S01003866,0,0,0,0,0,0,0,12.5,7.69,11.76,11.11,25,"","","","","",""
http://statistics.gov.scot/id/statistical-geography/S01003867,S01003867,11.76,0,0,0,0,5.56,5.26,22.22,23.81,22.73,21.05,11.76,"","","","","",""
http://statistics.gov.scot/id/statistical-geography/S01003868,S01003868,0,14.29,16.67,12.5,0,0,0,0,0,0,0,0,"","","","","",""
http://statistics.gov.scot/id/statistical-geography/S01003869,S01003869,0,16.67,14.29,14.29,0,0,0,0,0,16.67,50,20,"","","","","",""
http://statistics.gov.scot/id/statistical-geography/S01003870,S01003870,22.22,0,0,12.5,20,14.29,8.33,6.67,12.5,25,22.22,29.41,"","","","","",""
http://statistics.gov.scot/id/statistical-geography/S01003871,S01003871,0,0,0,10,9.09,11.11,0,0,0,20,20,20,"","","","","",""
http://statistics.gov.scot/id/statistical-geography/S01003872,S01003872,21.43,15.38,14.29,16.67,22.22,18.18,10,23.08,22.22,16.67,0,0,"","","","","",""
http://statistics.gov.scot/id/statistical-geography/S01003873,S01003873,0,0,8.33,5.26,5.56,5.56,12.5,11.11,12.5,8.33,14.29,0,"","","","","",""
http://statistics.gov.scot/id/statistical-geography/S01003874,S01003874,0,0,0,0,0,0,0,0,0,0,6.25,9.09,"","","","","",""
http://statistics.gov.scot/id/statistical-geography/S01003875,S01003875,0,0,0,0,0,0,0,0,0,20,33.33,33.33,"","","","","",""
http://statistics.gov.scot/id/statistical-geography/S01003876,S01003876,0,0,20,9.09,11.11,0,0,0,20,16.67,14.29,0,"","","","","",""
http://statistics.gov.scot/id/statistical-geography/S01003877,S01003877,0,0,0,0,0,25,20,12.5,0,0,0,14.29,"","","","","",""
http://statistics.gov.scot/id/statistical-geography/S01003878,S01003878,14.29,35.71,29.41,38.89,33.33,33.33,45.45,36.36,35.71,17.65,23.81,25,"","","","","",""
http://statistics.gov.scot/id/statistical-geography/S01003879,S01003879,0,0,0,0,0,0,0,0,0,0,14.29,25,"","","","","",""
http://statistics.gov.scot/id/statistical-geography/S01003880,S01003880,7.14,6.25,6.25,8.33,14.29,7.69,5.88,0,7.69,9.09,7.69,0,"","","","","",""
http://statistics.gov.scot/id/statistical-geography/S01003881,S01003881,0,0,0,0,0,0,0,0,0,0,0,8.33,"","","","","",""
http://statistics.gov.scot/id/statistical-geography/S01003882,S01003882,22.22,18.18,25,33.33,0,20,28.57,33.33,25,14.29,25,28.57,"","","","","",""
http://statistics.gov.scot/id/statistical-geography/S01003883,S01003883,20,16.67,33.33,33.33,25,20,25,25,0,0,9.09,14.29,"","","","","",""
http://statistics.gov.scot/id/statistical-geography/S01003884,S01003884,33.33,27.27,38.46,37.5,37.5,20,27.27,36.36,63.64,70,50,38.46,"","","","","",""
http://statistics.gov.scot/id/statistical-geography/S01003885,S01003885,14.29,0,0,12.5,12.5,10,0,0,12.5,12.5,11.11,11.11,"","","","","",""
http://statistics.gov.scot/id/statistical-geography/S01003886,S01003886,66.67,60,60,50,25,0,11.11,16.67,14.29,0,14.29,33.33,"","","","","",""
http://statistics.gov.scot/id/statistical-geography/S01003887,S01003887,50,50,25,37.5,36.36,36.36,27.27,30,29.41,31.82,23.81,21.43,"","","","","",""
http://statistics.gov.scot/id/statistical-geography/S01003888,S01003888,0,0,0,0,0,8.33,8.33,4.35,0,0,0,0,"","","","","",""
http://statistics.gov.scot/id/statistical-geography/S01003889,S01003889,0,0,11.11,11.11,42.86,33.33,50,25,25,20,40,50,"","","","","",""
http://statistics.gov.scot/id/statistical-geography/S01003890,S01003890,0,50,100,50,0,0,0,20,16.67,33.33,0,0,"","","","","",""
http://statistics.gov.scot/id/statistical-geography/S01003891,S01003891,16.67,20,8.33,16.67,15.38,37.5,18.18,28.57,22.22,25,8.33,0,"","","","","",""
http://statistics.gov.scot/id/statistical-geography/S01003892,S01003892,9.09,0,0,0,0,0,0,22.22,15.38,15.38,0,0,"","","","","",""
http://statistics.gov.scot/id/statistical-geography/S01003893,S01003893,0,0,0,0,0,0,0,0,9.09,11.11,16.67,12.5,"","","","","",""
http://statistics.gov.scot/id/statistical-geography/S01003894,S01003894,21.43,44.44,50,40,20,5.88,5.26,0,4.55,8,13.79,16.67,"","","","","",""
http://statistics.gov.scot/id/statistical-geography/S01003895,S01003895,18.18,15.38,9.09,0,12.5,10,9.09,8.33,8.33,7.14,0,0,"","","","","",""
http://statistics.gov.scot/id/statistical-geography/S01003896,S01003896,0,0,100,100,66.67,25,0,0,0,16.67,20,16.67,"","","","","",""
http://statistics.gov.scot/id/statistical-geography/S01003897,S01003897,14.29,0,0,0,0,0,0,0,0,0,0,20,"","","","","",""
http://statistics.gov.scot/id/statistical-geography/S01003898,S01003898,0,0,0,0,0,"",100,25,16.67,16.67,20,25,"","","","","",""
http://statistics.gov.scot/id/statistical-geography/S01003899,S01003899,9.09,10,11.11,16.67,20,0,0,0,0,20,33.33,20,"","","","","",""
http://statistics.gov.scot/id/statistical-geography/S01003900,S01003900,0,0,0,0,0,0,0,0,0,7.69,8.33,5.88,"","","","","",""
http://statistics.gov.scot/id/statistical-geography/S01003901,S01003901,0,0,0,0,0,0,16.67,12.5,14.29,0,0,0,"","","","","",""
http://statistics.gov.scot/id/statistical-geography/S01003902,S01003902,20,9.09,18.18,12.5,9.09,0,6.67,6.67,11.11,7.69,10,0,"","","","","",""
http://statistics.gov.scot/id/statistical-geography/S01003903,S01003903,0,0,0,0,0,0,0,0,0,0,0,0,"","","","","",""
http://statistics.gov.scot/id/statistical-geography/S01003904,S01003904,20,15.38,0,8.33,9.09,7.69,7.14,11.76,18.18,12.5,8,9.09,"","","","","",""
http://statistics.gov.scot/id/statistical-geography/S01003905,S01003905,0,0,0,22.22,15.38,12.5,0,0,0,0,0,0,"","","","","",""
http://statistics.gov.scot/id/statistical-geography/S01003906,S01003906,18.18,20,18.18,27.27,18.75,14.29,23.08,30.77,23.08,7.69,0,7.69,"","","","","",""
http://statistics.gov.scot/id/statistical-geography/S01003907,S01003907,37.5,61.11,59.09,62.5,62.5,33.33,0,14.29,12.5,25,30,36.36,"","","","","",""
http://statistics.gov.scot/id/statistical-geography/S01003908,S01003908,0,16.67,28.57,20,18.18,10,11.11,0,0,16.67,18.18,25,"","","","","",""
http://statistics.gov.scot/id/statistical-geography/S01003909,S01003909,10,25,28.57,28.57,16.67,25,0,0,0,0,20,16.67,"","","","","",""
http://statistics.gov.scot/id/statistical-geography/S01003910,S01003910,50,33.33,40,50,55.56,66.67,50,33.33,33.33,25,14.29,10,"","","","","",""
http://statistics.gov.scot/id/statistical-geography/S01003911,S01003911,40,33.33,33.33,0,0,0,25,25,20,0,0,0,"","","","","",""
http://statistics.gov.scot/id/statistical-geography/S01003912,S01003912,0,0,0,22.22,15.38,14.29,14.29,16.67,18.18,10,11.11,15,"","","","","",""
http://statistics.gov.scot/id/statistical-geography/S01003913,S01003913,0,0,0,11.11,12.5,28.57,16.67,25,0,42.86,33.33,33.33,"","","","","",""
http://statistics.gov.scot/id/statistical-geography/S01003914,S01003914,0,0,25,20,20,21.43,17.65,14.29,0,9.09,14.29,12.5,"","","","","",""
http://statistics.gov.scot/id/statistical-geography/S01003915,S01003915,16.67,0,0,0,0,0,0,0,0,14.29,18.18,16.67,"","","","","",""
http://statistics.gov.scot/id/statistical-geography/S01003916,S01003916,0,0,0,8.33,15.38,16.67,14.29,0,0,0,0,0,"","","","","",""
http://statistics.gov.scot/id/statistical-geography/S01003917,S01003917,33.33,45.45,50,27.27,11.11,9.09,12.5,0,0,0,0,22.22,"","","","","",""
http://statistics.gov.scot/id/statistical-geography/S01003918,S01003918,26.09,26.32,17.65,16.67,33.33,30,23.53,17.65,13.33,12.5,11.11,20,"","","","","",""
http://statistics.gov.scot/id/statistical-geography/S01003919,S01003919,14.29,14.29,0,0,0,25,25,22.22,7.69,7.14,20,20,"","","","","",""
http://statistics.gov.scot/id/statistical-geography/S01003920,S01003920,30.77,40,42.86,46.15,36.36,42.86,42.86,40,33.33,25,16.67,18.18,"","","","","",""
http://statistics.gov.scot/id/statistical-geography/S01003921,S01003921,11.11,13.33,16.67,10,33.33,22.22,20,7.14,5.88,5.26,15,15,"","","","","",""
http://statistics.gov.scot/id/statistical-geography/S01003922,S01003922,30.43,31.25,23.08,30.77,30.77,20,10,0,0,14.29,40,41.18,"","","","","",""
http://statistics.gov.scot/id/statistical-geography/S01003923,S01003923,45.45,44.44,16.67,33.33,40,50,40,50,53.85,50,44.44,50,"","","","","",""
http://statistics.gov.scot/id/statistical-geography/S01003924,S01003924,22.22,22.22,28.57,33.33,50,25,16.67,33.33,50,57.14,80,100,"","","","","",""
http://statistics.gov.scot/id/statistical-geography/S01003925,S01003925,45.45,40,44.44,14.29,10,6.25,6.25,21.43,37.5,41.67,30.77,23.08,"","","","","",""
http://statistics.gov.scot/id/statistical-geography/S01003926,S01003926,37.5,44.44,37.5,42.86,20,14.29,16.67,25,31.58,33.33,35.71,30.77,"","","","","",""
http://statistics.gov.scot/id/statistical-geography/S01003927,S01003927,10,20,0,11.11,18.18,20,14.29,0,0,0,0,0,"","","","","",""
http://statistics.gov.scot/id/statistical-geography/S01003928,S01003928,44.44,50,41.67,40,41.18,42.11,31.58,31.58,26.67,30.77,14.29,14.29,"","","","","",""
http://statistics.gov.scot/id/statistical-geography/S01003929,S01003929,0,0,0,0,25,28.57,25,16.67,0,0,0,50,"","","","","",""
http://statistics.gov.scot/id/statistical-geography/S01003930,S01003930,14.29,23.53,26.32,25,20,23.08,20,13.33,11.76,11.76,17.65,18.18,"","","","","",""
http://statistics.gov.scot/id/statistical-geography/S01003931,S01003931,60,46.15,42.86,47.06,44.44,33.33,11.76,10.53,11.76,13.33,23.08,23.08,"","","","","",""
http://statistics.gov.scot/id/statistical-geography/S01003932,S01003932,8.33,8.33,12.5,0,0,12.5,14.29,20,25,36.36,37.5,28.57,"","","","","",""
http://statistics.gov.scot/id/statistical-geography/S01003933,S01003933,11.11,12.5,0,14.29,11.11,10,0,25,100,50,33.33,16.67,"","","","","",""
http://statistics.gov.scot/id/statistical-geography/S01003934,S01003934,14.29,25,36.36,27.27,25,0,18.18,25,25,27.27,15.38,13.33,"","","","","",""
http://statistics.gov.scot/id/statistical-geography/S01003935,S01003935,28.57,11.11,0,28.57,40,55.56,40,30,35.71,38.46,30.77,25,"","","","","",""
http://statistics.gov.scot/id/statistical-geography/S01003936,S01003936,16.67,15.38,12.5,7.14,0,0,33.33,16.67,33.33,22.22,25,0,"","","","","",""
http://statistics.gov.scot/id/statistical-geography/S01003937,S01003937,50,61.54,63.64,62.5,28.57,28.57,20,33.33,33.33,57.14,44.44,41.67,"","","","","",""
http://statistics.gov.scot/id/statistical-geography/S01003938,S01003938,0,0,0,0,0,0,0,11.11,11.11,11.11,0,0,"","","","","",""
http://statistics.gov.scot/id/statistical-geography/S01003939,S01003939,14.29,12.5,0,0,0,0,0,0,0,0,0,0,"","","","","",""
http://statistics.gov.scot/id/statistical-geography/S01003940,S01003940,22.22,25,35.71,46.67,50,54.55,33.33,42.86,37.5,33.33,30,28.57,"","","","","",""
http://statistics.gov.scot/id/statistical-geography/S01003941,S01003941,25,50,25,16.67,0,0,14.29,25,50,28.57,25,12.5,"","","","","",""
http://statistics.gov.scot/id/statistical-geography/S01003942,S01003942,26.67,30,35.29,26.67,25,0,0,0,0,0,8.33,29.41,"","","","","",""
http://statistics.gov.scot/id/statistical-geography/S01003943,S01003943,20,0,0,0,0,20,21.43,40,25,30,14.29,10,"","","","","",""
http://statistics.gov.scot/id/statistical-geography/S01003944,S01003944,9.09,10,11.11,16.67,20,40,22.22,14.29,0,16.67,12.5,9.09,"","","","","",""
http://statistics.gov.scot/id/statistical-geography/S01003945,S01003945,0,0,0,0,0,9.09,20,18.18,12.5,11.11,14.29,14.29,"","","","","",""
http://statistics.gov.scot/id/statistical-geography/S01003946,S01003946,0,0,0,0,0,0,0,0,0,10,12.5,33.33,"","","","","",""
http://statistics.gov.scot/id/statistical-geography/S01003947,S01003947,0,0,14.29,25,33.33,0,0,0,0,0,0,0,"","","","","",""
http://statistics.gov.scot/id/statistical-geography/S01003948,S01003948,16.67,0,0,0,0,0,0,20,14.29,16.67,0,0,"","","","","",""
http://statistics.gov.scot/id/statistical-geography/S01003949,S01003949,0,16.67,16.67,20,0,0,0,0,0,14.29,11.11,12.5,"","","","","",""
http://statistics.gov.scot/id/statistical-geography/S01003950,S01003950,25,0,100,33.33,28.57,12.5,14.29,20,16.67,20,0,0,"","","","","",""
http://statistics.gov.scot/id/statistical-geography/S01003951,S01003951,"",0,0,0,"",0,0,12.5,12.5,16.67,0,0,"","","","","",""
http://statistics.gov.scot/id/statistical-geography/S01003952,S01003952,0,0,0,0,0,0,0,0,0,0,0,0,"","","","","",""
http://statistics.gov.scot/id/statistical-geography/S01003953,S01003953,25,40,50,33.33,0,20,20,14.29,0,0,"",0,"","","","","",""
http://statistics.gov.scot/id/statistical-geography/S01003954,S01003954,60,42.86,37.5,16.67,66.67,100,100,25,0,0,12.5,12.5,"","","","","",""
http://statistics.gov.scot/id/statistical-geography/S01003955,S01003955,50,50,20,0,0,20,20,33.33,16.67,12.5,12.5,14.29,"","","","","",""
http://statistics.gov.scot/id/statistical-geography/S01003956,S01003956,22.22,12.5,0,14.29,14.29,10,8.33,9.09,7.69,0,0,0,"","","","","",""
http://statistics.gov.scot/id/statistical-geography/S01003957,S01003957,42.86,0,0,0,0,14.29,20,25,22.22,11.11,0,0,"","","","","",""
http://statistics.gov.scot/id/statistical-geography/S01003958,S01003958,14.29,22.22,27.27,40,42.86,33.33,0,0,0,0,16.67,50,"","","","","",""
http://statistics.gov.scot/id/statistical-geography/S01003959,S01003959,0,66.67,25,22.22,0,0,0,0,0,0,0,0,"","","","","",""
http://statistics.gov.scot/id/statistical-geography/S01003960,S01003960,23.08,18.18,11.11,0,0,11.11,14.29,18.18,18.18,22.22,12.5,0,"","","","","",""
http://statistics.gov.scot/id/statistical-geography/S01003961,S01003961,0,33.33,50,100,"",0,0,0,0,0,0,0,"","","","","",""
http://statistics.gov.scot/id/statistical-geography/S01003962,S01003962,12.5,16.67,14.29,20,28.57,22.22,37.5,16.67,33.33,0,25,20,"","","","","",""
http://statistics.gov.scot/id/statistical-geography/S01003963,S01003963,0,0,0,0,0,0,0,0,0,0,0,0,"","","","","",""
http://statistics.gov.scot/id/statistical-geography/S01003964,S01003964,0,0,0,0,33.33,20,20,0,0,0,0,0,"","","","","",""
http://statistics.gov.scot/id/statistical-geography/S01003965,S01003965,50,0,"",0,0,0,0,0,0,0,50,40,"","","","","",""
http://statistics.gov.scot/id/statistical-geography/S01003966,S01003966,0,0,25,25,33.33,0,0,20,33.33,50,40,16.67,"","","","","",""
http://statistics.gov.scot/id/statistical-geography/S01003967,S01003967,0,0,0,0,0,0,0,0,0,0,0,0,"","","","","",""
http://statistics.gov.scot/id/statistical-geography/S01003968,S01003968,44.44,14.29,11.11,10,25,40,33.33,16.67,28.57,40,33.33,20,"","","","","",""
http://statistics.gov.scot/id/statistical-geography/S01003969,S01003969,16.67,11.11,22.22,20,10,11.11,11.11,16.67,0,0,0,0,"","","","","",""
http://statistics.gov.scot/id/statistical-geography/S01003970,S01003970,0,0,0,0,16.67,14.29,16.67,0,0,0,0,0,"","","","","",""
http://statistics.gov.scot/id/statistical-geography/S01003971,S01003971,0,0,0,0,0,0,20,50,66.67,71.43,42.86,28.57,"","","","","",""
http://statistics.gov.scot/id/statistical-geography/S01003972,S01003972,25,0,0,0,0,16.67,16.67,25,16.67,22.22,20,14.29,"","","","","",""
http://statistics.gov.scot/id/statistical-geography/S01003973,S01003973,0,0,0,25,40,100,0,0,0,0,0,0,"","","","","",""
http://statistics.gov.scot/id/statistical-geography/S01003974,S01003974,0,0,0,0,0,0,0,0,20,12.5,9.09,0,"","","","","",""
http://statistics.gov.scot/id/statistical-geography/S01003975,S01003975,0,0,12.5,9.09,10,0,9.09,9.09,10,0,0,12.5,"","","","","",""
http://statistics.gov.scot/id/statistical-geography/S01003976,S01003976,57.14,55.56,55.56,54.55,54.55,63.64,70,55.56,45.45,38.46,37.5,37.5,"","","","","",""
http://statistics.gov.scot/id/statistical-geography/S01003977,S01003977,23.08,18.75,14.29,28.57,45.45,53.85,52.63,47.37,50,33.33,41.67,41.67,"","","","","",""
http://statistics.gov.scot/id/statistical-geography/S01003978,S01003978,66.67,40,22.22,18.18,22.22,30,25,12.5,33.33,30.77,50,36.36,"","","","","",""
http://statistics.gov.scot/id/statistical-geography/S01003979,S01003979,28.57,33.33,0,0,0,0,"",100,50,66.67,66.67,57.14,"","","","","",""
http://statistics.gov.scot/id/statistical-geography/S01003980,S01003980,10,30,66.67,42.86,22.22,25,14.29,14.29,8.33,9.09,0,0,"","","","","",""
http://statistics.gov.scot/id/statistical-geography/S01003981,S01003981,11.11,9.09,11.11,10,33.33,33.33,28.57,0,11.11,20,22.22,9.09,"","","","","",""
http://statistics.gov.scot/id/statistical-geography/S01003982,S01003982,20,22.22,22.22,0,7.14,10,9.09,11.11,12.5,20,14.29,11.76,"","","","","",""
http://statistics.gov.scot/id/statistical-geography/S01003983,S01003983,0,0,50,40,37.5,20,23.08,16.67,23.08,20,27.27,10,"","","","","",""
http://statistics.gov.scot/id/statistical-geography/S01003984,S01003984,0,0,0,0,0,0,8.33,18.18,18.18,16.67,42.86,37.5,"","","","","",""
http://statistics.gov.scot/id/statistical-geography/S01003985,S01003985,28.57,21.05,30.77,22.22,44.44,27.27,26.67,14.29,17.65,40,46.67,66.67,"","","","","",""
http://statistics.gov.scot/id/statistical-geography/S01003986,S01003986,30,37.5,80,40,30.77,26.67,20,28.57,23.08,33.33,15.38,8.33,"","","","","",""
http://statistics.gov.scot/id/statistical-geography/S01003987,S01003987,20,16.67,16.67,0,0,0,0,0,0,0,0,0,"","","","","",""
http://statistics.gov.scot/id/statistical-geography/S01003988,S01003988,20,16.67,25,25,50,66.67,57.14,50,25,33.33,0,0,"","","","","",""
http://statistics.gov.scot/id/statistical-geography/S01003989,S01003989,11.11,14.29,10,16.67,0,16.67,15.38,15.38,25,33.33,50,16.67,"","","","","",""
http://statistics.gov.scot/id/statistical-geography/S01003990,S01003990,0,0,0,0,0,0,25,33.33,33.33,0,100,100,"","","","","",""
http://statistics.gov.scot/id/statistical-geography/S01003991,S01003991,25,25,22.22,11.11,10,0,0,0,0,14.29,14.29,12.5,"","","","","",""
http://statistics.gov.scot/id/statistical-geography/S01003992,S01003992,25,33.33,0,14.29,15.79,23.53,23.08,20,10,0,0,0,"","","","","",""
http://statistics.gov.scot/id/statistical-geography/S01003993,S01003993,7.69,11.11,12.5,0,0,0,0,0,0,0,0,0,"","","","","",""
http://statistics.gov.scot/id/statistical-geography/S01003994,S01003994,20,30,14.29,14.29,0,0,0,0,0,0,0,12.5,"","","","","",""
http://statistics.gov.scot/id/statistical-geography/S01003995,S01003995,9.09,0,7.69,20,18.75,11.76,0,0,0,0,7.69,17.65,"","","","","",""
http://statistics.gov.scot/id/statistical-geography/S01003996,S01003996,0,11.11,28.57,37.5,33.33,28.57,14.29,0,0,0,0,0,"","","","","",""
http://statistics.gov.scot/id/statistical-geography/S01003997,S01003997,29.17,33.33,28.57,33.33,27.78,25,21.43,25,23.81,26.32,21.05,22.73,"","","","","",""
http://statistics.gov.scot/id/statistical-geography/S01003998,S01003998,12.5,18.18,10,10,0,0,0,22.22,37.5,27.27,16.67,11.11,"","","","","",""
http://statistics.gov.scot/id/statistical-geography/S01003999,S01003999,30,25,37.5,20,27.27,30.77,33.33,18.18,9.09,11.11,11.11,0,"","","","","",""
http://statistics.gov.scot/id/statistical-geography/S01004000,S01004000,10,25,18.75,23.08,11.11,28.57,50,44.44,27.27,18.18,36.36,66.67,"","","","","",""
http://statistics.gov.scot/id/statistical-geography/S01004001,S01004001,21.05,23.08,0,0,0,0,7.69,15.38,20,16.67,18.18,20,"","","","","",""
http://statistics.gov.scot/id/statistical-geography/S01004002,S01004002,12.5,12.5,0,0,18.18,22.22,40,16.67,12.5,15.38,7.14,8.33,"","","","","",""
http://statistics.gov.scot/id/statistical-geography/S01004003,S01004003,10,12.5,33.33,33.33,33.33,0,40,40,25,16.67,15.38,20,"","","","","",""
http://statistics.gov.scot/id/statistical-geography/S01004004,S01004004,28.57,7.69,12.5,18.18,14.29,0,0,7.69,25,45.45,38.46,21.43,"","","","","",""
http://statistics.gov.scot/id/statistical-geography/S01004005,S01004005,40,25,14.29,0,0,0,0,0,25,28.57,28.57,20,"","","","","",""
http://statistics.gov.scot/id/statistical-geography/S01004006,S01004006,0,0,0,0,0,0,0,12.5,28.57,28.57,25,0,"","","","","",""
http://statistics.gov.scot/id/statistical-geography/S01004007,S01004007,37.5,36.36,36.36,20,28.57,50,50,12.5,0,10,16.67,42.86,"","","","","",""
http://statistics.gov.scot/id/statistical-geography/S01004008,S01004008,0,0,0,0,0,0,0,12.5,7.69,7.14,0,0,"","","","","",""
http://statistics.gov.scot/id/statistical-geography/S01004009,S01004009,0,0,0,0,11.11,8.33,9.09,7.14,7.14,7.14,0,0,"","","","","",""
http://statistics.gov.scot/id/statistical-geography/S01004010,S01004010,0,0,16.67,25,16.67,0,0,0,0,0,0,0,"","","","","",""
http://statistics.gov.scot/id/statistical-geography/S01004011,S01004011,0,0,0,0,0,0,0,0,0,0,0,0,"","","","","",""
http://statistics.gov.scot/id/statistical-geography/S01004012,S01004012,27.27,42.86,40,25,14.29,12.5,14.29,0,0,0,0,0,"","","","","",""
http://statistics.gov.scot/id/statistical-geography/S01004013,S01004013,0,0,16.67,20,12.5,0,0,0,0,0,0,0,"","","","","",""
http://statistics.gov.scot/id/statistical-geography/S01004014,S01004014,0,20,16.67,11.11,0,0,0,0,0,0,0,0,"","","","","",""
http://statistics.gov.scot/id/statistical-geography/S01004015,S01004015,0,0,0,0,0,0,0,0,0,0,0,0,"","","","","",""
http://statistics.gov.scot/id/statistical-geography/S01004016,S01004016,28.57,25,33.33,33.33,33.33,0,0,0,0,12.5,25,22.22,"","","","","",""
http://statistics.gov.scot/id/statistical-geography/S01004017,S01004017,0,0,0,4.76,5.56,5.56,0,0,0,10,10,10,"","","","","",""
http://statistics.gov.scot/id/statistical-geography/S01004018,S01004018,20,11.11,10,0,0,0,0,14.29,11.11,12.5,0,0,"","","","","",""
http://statistics.gov.scot/id/statistical-geography/S01004019,S01004019,8.33,10,0,0,0,0,0,0,0,0,0,0,"","","","","",""
http://statistics.gov.scot/id/statistical-geography/S01004020,S01004020,0,12.5,33.33,40,14.29,9.09,8.33,8.33,0,0,0,0,"","","","","",""
http://statistics.gov.scot/id/statistical-geography/S01004021,S01004021,0,0,0,0,0,0,0,0,5.56,15.38,25,22.22,"","","","","",""
http://statistics.gov.scot/id/statistical-geography/S01004022,S01004022,0,0,16.67,20,14.29,11.11,16.67,15.38,13.33,6.25,10,6.67,"","","","","",""
http://statistics.gov.scot/id/statistical-geography/S01004023,S01004023,11.11,12.5,0,0,0,0,16.67,12.5,16.67,0,0,0,"","","","","",""
http://statistics.gov.scot/id/statistical-geography/S01004024,S01004024,18.18,20,15.38,0,5.26,8,8.33,8.7,6.25,6.25,0,0,"","","","","",""
http://statistics.gov.scot/id/statistical-geography/S01004025,S01004025,0,25,27.27,27.27,16.67,9.09,20,14.29,14.29,0,0,0,"","","","","",""
http://statistics.gov.scot/id/statistical-geography/S01004026,S01004026,20,28.57,42.86,44.44,50,42.86,57.14,42.86,40,0,0,0,"","","","","",""
http://statistics.gov.scot/id/statistical-geography/S01004027,S01004027,0,0,8.33,15.38,27.27,20,9.09,0,0,0,0,0,"","","","","",""
http://statistics.gov.scot/id/statistical-geography/S01004028,S01004028,60,50,50,57.14,66.67,41.67,25,7.69,11.11,23.53,17.65,15,"","","","","",""
http://statistics.gov.scot/id/statistical-geography/S01004029,S01004029,55.56,71.43,36.36,30,25,18.18,10,9.09,11.11,16.67,11.11,20,"","","","","",""
http://statistics.gov.scot/id/statistical-geography/S01004030,S01004030,40,40,33.33,37.5,35.71,45.45,50,41.67,41.67,40,36.36,28.57,"","","","","",""
http://statistics.gov.scot/id/statistical-geography/S01004031,S01004031,45.45,50,50,33.33,50,0,0,0,0,33.33,14.29,22.22,"","","","","",""
http://statistics.gov.scot/id/statistical-geography/S01004032,S01004032,62.5,63.64,70,54.55,50,33.33,20,20,11.11,9.09,7.69,15.38,"","","","","",""
http://statistics.gov.scot/id/statistical-geography/S01004033,S01004033,41.67,40,33.33,42.86,42.11,50,37.5,42.11,29.41,29.41,20,28.57,"","","","","",""
http://statistics.gov.scot/id/statistical-geography/S01004034,S01004034,0,0,20,16.67,25,12.5,27.27,20,13.33,7.14,7.69,16.67,"","","","","",""
http://statistics.gov.scot/id/statistical-geography/S01004035,S01004035,62.5,40,12.5,11.11,37.5,37.5,30,25,33.33,37.5,12.5,0,"","","","","",""
http://statistics.gov.scot/id/statistical-geography/S01004036,S01004036,55.56,50,61.54,47.06,33.33,11.11,12.5,27.27,42.86,50,37.5,0,"","","","","",""
http://statistics.gov.scot/id/statistical-geography/S01004037,S01004037,30.77,33.33,36.36,30.77,23.08,17.65,11.11,17.65,30.77,50,25,0,"","","","","",""
http://statistics.gov.scot/id/statistical-geography/S01004038,S01004038,40,0,14.29,12.5,33.33,27.27,36.36,28.57,25,18.18,0,11.11,"","","","","",""
http://statistics.gov.scot/id/statistical-geography/S01004039,S01004039,50,63.64,57.14,53.85,43.75,30.77,22.22,16.67,20,25,16.67,16.67,"","","","","",""
http://statistics.gov.scot/id/statistical-geography/S01004040,S01004040,0,9.09,15.38,11.76,5.26,0,0,0,0,0,0,0,"","","","","",""
http://statistics.gov.scot/id/statistical-geography/S01004041,S01004041,30,42.86,42.86,25,12.5,0,12.5,15.38,30.77,18.75,20,15.38,"","","","","",""
http://statistics.gov.scot/id/statistical-geography/S01004042,S01004042,26.67,26.67,12.5,11.11,11.11,22.22,55.56,45.45,35.71,18.18,42.86,100,"","","","","",""
http://statistics.gov.scot/id/statistical-geography/S01004043,S01004043,14.29,10,8.33,13.33,18.75,20,16.67,5.56,0,7.14,11.11,12.5,"","","","","",""
http://statistics.gov.scot/id/statistical-geography/S01004044,S01004044,45.45,40,30,25,16.67,15.38,33.33,31.25,35.71,25,20,14.29,"","","","","",""
http://statistics.gov.scot/id/statistical-geography/S01004045,S01004045,44.44,25,14.29,11.11,22.22,22.22,40,44.44,37.5,36.36,27.27,42.86,"","","","","",""
http://statistics.gov.scot/id/statistical-geography/S01004046,S01004046,0,0,0,25,57.14,57.14,33.33,14.29,12.5,25,16.67,22.22,"","","","","",""
http://statistics.gov.scot/id/statistical-geography/S01004047,S01004047,27.78,21.05,29.41,18.75,15,5,10,5.88,15,8.33,9.52,5.56,"","","","","",""
http://statistics.gov.scot/id/statistical-geography/S01004048,S01004048,10,22.73,18.18,20.59,20,23.08,13.64,4.76,5.26,14.29,21.43,15.38,"","","","","",""
http://statistics.gov.scot/id/statistical-geography/S01004049,S01004049,0,0,0,16.67,25,14.29,12.5,18.75,13.64,9.52,9.52,11.76,"","","","","",""
http://statistics.gov.scot/id/statistical-geography/S01004050,S01004050,55.56,36.36,33.33,23.81,28.57,25,55.56,75,70,71.43,28.57,28.57,"","","","","",""
http://statistics.gov.scot/id/statistical-geography/S01004051,S01004051,27.78,27.78,30.77,41.67,31.25,33.33,31.25,41.67,42.86,30.77,21.43,7.14,"","","","","",""
http://statistics.gov.scot/id/statistical-geography/S01004052,S01004052,33.33,38.89,35.29,35,40,27.27,27.78,9.09,22.22,33.33,28.57,46.15,"","","","","",""
http://statistics.gov.scot/id/statistical-geography/S01004053,S01004053,9.09,9.09,8.33,20,9.09,18.18,20,22.22,18.18,15.38,18.18,25,"","","","","",""
http://statistics.gov.scot/id/statistical-geography/S01004054,S01004054,40,27.27,11.11,10,20,35.71,26.32,20,6.67,0,14.29,16.67,"","","","","",""
http://statistics.gov.scot/id/statistical-geography/S01004055,S01004055,52.63,37.5,28.57,33.33,35.71,36.36,20,22.22,16.67,50,0,0,"","","","","",""
http://statistics.gov.scot/id/statistical-geography/S01004056,S01004056,30.77,52.94,53.85,53.85,25,14.29,10,25,30,30,12.5,25,"","","","","",""
http://statistics.gov.scot/id/statistical-geography/S01004057,S01004057,16.67,14.29,5.88,5.88,8.7,22.73,20,34.78,20.83,24.14,11.43,11.43,"","","","","",""
http://statistics.gov.scot/id/statistical-geography/S01004058,S01004058,25,40,53.85,60,16.67,20,33.33,45.45,42.86,46.15,30.77,25,"","","","","",""
http://statistics.gov.scot/id/statistical-geography/S01004059,S01004059,71.43,50,50,33.33,50,66.67,20,0,11.11,22.22,30,25,"","","","","",""
http://statistics.gov.scot/id/statistical-geography/S01004060,S01004060,50,37.5,53.85,50,25,0,0,0,0,0,0,25,"","","","","",""
http://statistics.gov.scot/id/statistical-geography/S01004061,S01004061,12.5,44.44,30.77,40,33.33,33.33,26.32,20,22.22,33.33,27.27,25,"","","","","",""
http://statistics.gov.scot/id/statistical-geography/S01004062,S01004062,8.33,15.38,25,27.27,23.08,14.29,15.38,12.5,14.29,0,0,0,"","","","","",""
http://statistics.gov.scot/id/statistical-geography/S01004063,S01004063,28.57,19.05,22.22,26.32,41.18,30,26.67,10,14.29,12.5,16.67,23.53,"","","","","",""
http://statistics.gov.scot/id/statistical-geography/S01004064,S01004064,16.67,20,33.33,16.67,14.29,0,0,14.29,16.67,37.5,22.22,18.18,"","","","","",""
http://statistics.gov.scot/id/statistical-geography/S01004065,S01004065,21.43,20,21.43,12.5,9.09,5.88,7.69,23.08,20,24,18.52,19.05,"","","","","",""
http://statistics.gov.scot/id/statistical-geography/S01004066,S01004066,23.53,35.29,50,53.33,40,22.22,0,0,12.5,10,14.29,12.5,"","","","","",""
http://statistics.gov.scot/id/statistical-geography/S01004067,S01004067,18.75,18.75,13.33,14.29,7.69,9.09,9.09,12.5,12.5,0,11.11,10,"","","","","",""
http://statistics.gov.scot/id/statistical-geography/S01004068,S01004068,33.33,33.33,31.25,31.25,33.33,33.33,40,46.67,30,20,23.08,50,"","","","","",""
http://statistics.gov.scot/id/statistical-geography/S01004069,S01004069,13.33,20,16.67,12.5,16.67,33.33,40,27.27,12.5,10,25,28.57,"","","","","",""
http://statistics.gov.scot/id/statistical-geography/S01004070,S01004070,57.14,66.67,52.94,45.45,36.36,33.33,14.29,10,7.41,9.09,14.29,14.29,"","","","","",""
http://statistics.gov.scot/id/statistical-geography/S01004071,S01004071,15.38,25,11.11,20,0,33.33,25,18.18,20,22.22,28.57,18.18,"","","","","",""
http://statistics.gov.scot/id/statistical-geography/S01004072,S01004072,14.29,13.33,0,0,0,11.11,16.67,18.18,12.5,7.14,0,7.69,"","","","","",""
http://statistics.gov.scot/id/statistical-geography/S01004073,S01004073,57.14,85.71,60,58.82,42.86,50,36.36,33.33,23.08,38.46,28.57,31.25,"","","","","",""
http://statistics.gov.scot/id/statistical-geography/S01004074,S01004074,21.43,21.43,47.37,43.48,47.83,29.41,25,41.67,36.36,38.46,16.67,25,"","","","","",""
http://statistics.gov.scot/id/statistical-geography/S01004075,S01004075,28.57,40,33.33,0,0,0,0,0,14.29,12.5,8.33,0,"","","","","",""
http://statistics.gov.scot/id/statistical-geography/S01004076,S01004076,16.67,20,16.67,0,28.57,60,63.64,66.67,42.86,50,40,33.33,"","","","","",""
http://statistics.gov.scot/id/statistical-geography/S01004077,S01004077,10.53,5.56,23.53,25,26.67,8.33,20,15.38,26.67,23.08,21.43,7.14,"","","","","",""
http://statistics.gov.scot/id/statistical-geography/S01004078,S01004078,0,0,0,0,0,7.69,15.38,16.67,7.14,0,0,0,"","","","","",""
http://statistics.gov.scot/id/statistical-geography/S01004079,S01004079,58.33,46.15,30.77,29.41,26.67,28.57,38.46,46.15,58.33,66.67,63.64,55.56,"","","","","",""
http://statistics.gov.scot/id/statistical-geography/S01004080,S01004080,30,16.67,14.29,11.11,16.67,11.11,12.5,16.67,28.57,28.57,12.5,0,"","","","","",""
http://statistics.gov.scot/id/statistical-geography/S01004081,S01004081,4.17,11.11,11.11,15,9.52,4.76,0,5.26,13.33,15.38,8.33,6.67,"","","","","",""
http://statistics.gov.scot/id/statistical-geography/S01004082,S01004082,0,0,0,0,0,0,0,0,0,0,0,0,"","","","","",""
http://statistics.gov.scot/id/statistical-geography/S01004083,S01004083,20,28.57,20,26.67,26.67,23.53,21.43,21.43,28.57,16.67,17.65,6.25,"","","","","",""
http://statistics.gov.scot/id/statistical-geography/S01004084,S01004084,0,0,9.09,7.69,13.33,5.56,20,21.74,22.73,9.52,0,4.76,"","","","","",""
http://statistics.gov.scot/id/statistical-geography/S01004085,S01004085,0,7.14,10,11.11,14.29,25,37.5,20,16.67,8.33,8.33,0,"","","","","",""
http://statistics.gov.scot/id/statistical-geography/S01004086,S01004086,0,0,0,0,28.57,22.22,37.5,25,22.22,20,11.11,14.29,"","","","","",""
http://statistics.gov.scot/id/statistical-geography/S01004087,S01004087,37.5,28.57,30,25,20,22.22,16.67,28.57,28.57,37.5,28.57,20,"","","","","",""
http://statistics.gov.scot/id/statistical-geography/S01004088,S01004088,57.14,60,33.33,28.57,33.33,83.33,55.56,33.33,14.29,10,33.33,50,"","","","","",""
http://statistics.gov.scot/id/statistical-geography/S01004089,S01004089,25,40,16.67,15.38,7.69,25,33.33,30.77,18.18,13.33,18.18,15.38,"","","","","",""
http://statistics.gov.scot/id/statistical-geography/S01004090,S01004090,64.71,50,50,57.14,57.14,50,20,0,0,0,0,30,"","","","","",""
http://statistics.gov.scot/id/statistical-geography/S01004091,S01004091,20,14.29,0,11.11,7.69,7.14,0,0,0,8.33,10,25,"","","","","",""
http://statistics.gov.scot/id/statistical-geography/S01004092,S01004092,13.33,25,12.5,11.11,26.67,21.43,37.5,26.67,22.22,13.33,6.67,11.76,"","","","","",""
http://statistics.gov.scot/id/statistical-geography/S01004093,S01004093,9.09,9.09,0,20,20,28.57,12.5,12.5,16.67,33.33,28.57,30,"","","","","",""
http://statistics.gov.scot/id/statistical-geography/S01004094,S01004094,50,33.33,0,0,0,0,0,11.11,25,22.22,20,16.67,"","","","","",""
http://statistics.gov.scot/id/statistical-geography/S01004095,S01004095,0,0,0,0,0,0,0,14.29,25,22.22,16.67,0,"","","","","",""
http://statistics.gov.scot/id/statistical-geography/S01004096,S01004096,16.67,33.33,33.33,0,16.67,16.67,20,0,0,0,0,10,"","","","","",""
http://statistics.gov.scot/id/statistical-geography/S01004097,S01004097,56.25,50,50,52.38,52.38,44.44,42.86,46.67,33.33,28.57,12.5,12.5,"","","","","",""
http://statistics.gov.scot/id/statistical-geography/S01004098,S01004098,0,0,0,20,25,28.57,16.67,0,0,0,0,0,"","","","","",""
http://statistics.gov.scot/id/statistical-geography/S01004099,S01004099,0,7.69,12.5,16.67,0,0,0,0,0,0,0,25,"","","","","",""
http://statistics.gov.scot/id/statistical-geography/S01004100,S01004100,42.86,0,14.29,20,23.08,28.57,28.57,27.27,11.11,14.29,10,12.5,"","","","","",""
http://statistics.gov.scot/id/statistical-geography/S01004101,S01004101,0,9.09,7.14,5.88,0,0,0,7.14,11.76,14.29,7.69,0,"","","","","",""
http://statistics.gov.scot/id/statistical-geography/S01004102,S01004102,0,0,0,0,0,0,0,0,0,0,11.11,10,"","","","","",""
http://statistics.gov.scot/id/statistical-geography/S01004103,S01004103,33.33,0,0,0,0,0,0,0,0,25,22.22,25,"","","","","",""
http://statistics.gov.scot/id/statistical-geography/S01004104,S01004104,25,16.67,0,0,0,16.67,16.67,14.29,0,15.38,25,33.33,"","","","","",""
http://statistics.gov.scot/id/statistical-geography/S01004105,S01004105,16.67,0,33.33,50,37.5,25,12.5,11.11,0,25,33.33,30,"","","","","",""
http://statistics.gov.scot/id/statistical-geography/S01004106,S01004106,16.67,15.38,14.29,16.67,10,9.09,7.14,6.67,0,0,5.88,6.67,"","","","","",""
http://statistics.gov.scot/id/statistical-geography/S01004107,S01004107,0,0,0,0,16.67,12.5,25,11.11,16.67,0,0,0,"","","","","",""
http://statistics.gov.scot/id/statistical-geography/S01004108,S01004108,0,0,0,0,0,0,16.67,25,25,16.67,14.29,14.29,"","","","","",""
http://statistics.gov.scot/id/statistical-geography/S01004109,S01004109,20,20,0,0,0,0,12.5,12.5,20,0,0,12.5,"","","","","",""
http://statistics.gov.scot/id/statistical-geography/S01004110,S01004110,0,0,12.5,28.57,25,20,16.67,30.77,18.75,23.08,7.14,10,"","","","","",""
http://statistics.gov.scot/id/statistical-geography/S01004111,S01004111,9.09,20,16.67,9.09,8.33,11.11,8.33,7.69,7.14,9.09,0,0,"","","","","",""
http://statistics.gov.scot/id/statistical-geography/S01004112,S01004112,20,28.57,12.5,20,14.29,12.5,0,0,0,0,0,0,"","","","","",""
http://statistics.gov.scot/id/statistical-geography/S01004113,S01004113,0,16.67,18.18,20,12.5,8.33,0,0,11.11,14.29,16.67,0,"","","","","",""
http://statistics.gov.scot/id/statistical-geography/S01004114,S01004114,8.33,0,0,0,0,0,22.22,28.57,40,0,12.5,11.11,"","","","","",""
http://statistics.gov.scot/id/statistical-geography/S01004115,S01004115,20,20,0,0,0,0,0,0,0,0,0,14.29,"","","","","",""
http://statistics.gov.scot/id/statistical-geography/S01004116,S01004116,11.11,22.22,12.5,40,33.33,16.67,0,10,11.11,11.11,12.5,11.11,"","","","","",""
http://statistics.gov.scot/id/statistical-geography/S01004117,S01004117,7.14,16.67,22.22,20,11.11,8.33,7.14,0,10.53,11.76,16.67,8.33,"","","","","",""
http://statistics.gov.scot/id/statistical-geography/S01004118,S01004118,8.33,13.33,13.33,16.67,20,15.38,7.69,0,9.09,11.11,10,0,"","","","","",""
http://statistics.gov.scot/id/statistical-geography/S01004119,S01004119,0,0,0,0,0,9.09,11.11,10,0,12.5,28.57,25,"","","","","",""
http://statistics.gov.scot/id/statistical-geography/S01004120,S01004120,0,0,0,0,25,20,10,0,0,0,0,0,"","","","","",""
http://statistics.gov.scot/id/statistical-geography/S01004121,S01004121,12.5,15.38,0,10,10,16.67,0,0,0,0,0,25,"","","","","",""
http://statistics.gov.scot/id/statistical-geography/S01004122,S01004122,11.11,0,0,0,0,0,0,0,0,0,0,0,"","","","","",""
http://statistics.gov.scot/id/statistical-geography/S01004123,S01004123,12.5,16.67,9.09,10,0,0,0,0,0,7.14,10,14.29,"","","","","",""
http://statistics.gov.scot/id/statistical-geography/S01004124,S01004124,11.11,0,0,4.17,9.09,7.69,4,0,0,0,0,0,"","","","","",""
http://statistics.gov.scot/id/statistical-geography/S01004125,S01004125,10,20,16.67,14.29,0,0,0,0,0,0,0,0,"","","","","",""
http://statistics.gov.scot/id/statistical-geography/S01004126,S01004126,0,0,0,0,0,0,0,20,25,16.67,0,0,"","","","","",""
http://statistics.gov.scot/id/statistical-geography/S01004127,S01004127,28.57,20,15.38,0,0,14.29,14.29,10,8.33,8.33,20,16.67,"","","","","",""
http://statistics.gov.scot/id/statistical-geography/S01004128,S01004128,0,16.67,40,66.67,33.33,0,0,0,0,0,0,0,"","","","","",""
http://statistics.gov.scot/id/statistical-geography/S01004129,S01004129,25,22.22,0,0,0,0,14.29,18.18,16.67,7.69,0,0,"","","","","",""
http://statistics.gov.scot/id/statistical-geography/S01004130,S01004130,0,0,20,16.67,20,0,20,20,33.33,16.67,16.67,14.29,"","","","","",""
http://statistics.gov.scot/id/statistical-geography/S01004131,S01004131,20,16.67,33.33,16.67,33.33,20,25,23.08,33.33,41.67,33.33,22.22,"","","","","",""
http://statistics.gov.scot/id/statistical-geography/S01004132,S01004132,0,0,0,20,20,12.5,0,30,33.33,42.86,0,0,"","","","","",""
http://statistics.gov.scot/id/statistical-geography/S01004133,S01004133,20,12.5,22.22,22.22,25,14.29,9.09,0,0,8.33,14.29,20,"","","","","",""
http://statistics.gov.scot/id/statistical-geography/S01004134,S01004134,0,0,0,0,0,0,0,0,0,0,0,0,"","","","","",""
http://statistics.gov.scot/id/statistical-geography/S01004135,S01004135,22.22,33.33,25,28.57,0,20,16.67,16.67,0,0,0,14.29,"","","","","",""
http://statistics.gov.scot/id/statistical-geography/S01004136,S01004136,40,42.86,38.46,22.22,0,10,28.57,22.22,10,9.09,12.5,20,"","","","","",""
http://statistics.gov.scot/id/statistical-geography/S01004137,S01004137,0,0,0,0,0,0,0,0,0,0,0,0,"","","","","",""
http://statistics.gov.scot/id/statistical-geography/S01004138,S01004138,12.5,9.09,27.27,14.29,20,7.69,25,40,36.36,25,9.09,11.11,"","","","","",""
http://statistics.gov.scot/id/statistical-geography/S01004139,S01004139,15.38,20,14.29,25,0,20,20,20,0,15.38,18.18,33.33,"","","","","",""
http://statistics.gov.scot/id/statistical-geography/S01004140,S01004140,22.22,36.36,44.44,40,33.33,33.33,33.33,28.57,27.27,25,33.33,14.29,"","","","","",""
http://statistics.gov.scot/id/statistical-geography/S01004141,S01004141,20,11.11,0,0,0,20,20,25,8.33,10,0,0,"","","","","",""
http://statistics.gov.scot/id/statistical-geography/S01004142,S01004142,10,25,16.67,20,0,0,16.67,14.29,22.22,16.67,25,0,"","","","","",""
http://statistics.gov.scot/id/statistical-geography/S01004143,S01004143,23.08,28.57,25,20,10,10,0,16.67,40,33.33,20,10,"","","","","",""
http://statistics.gov.scot/id/statistical-geography/S01004144,S01004144,17.65,5.26,5.26,7.14,6.25,0,4.17,4.55,8.33,7.69,10,0,"","","","","",""
http://statistics.gov.scot/id/statistical-geography/S01004145,S01004145,0,11.11,9.09,27.27,25,18.18,10,7.69,15.38,10,10,0,"","","","","",""
http://statistics.gov.scot/id/statistical-geography/S01004146,S01004146,5.88,7.14,0,0,0,0,7.69,10,14.29,14.29,14.29,16.67,"","","","","",""
http://statistics.gov.scot/id/statistical-geography/S01004147,S01004147,26.67,25,35.29,31.25,22.22,7.14,5.56,11.11,11.11,7.14,0,0,"","","","","",""
http://statistics.gov.scot/id/statistical-geography/S01004148,S01004148,0,0,0,0,0,0,12.5,20,33.33,0,0,0,"","","","","",""
http://statistics.gov.scot/id/statistical-geography/S01004149,S01004149,25,33.33,33.33,33.33,25,16.67,28.57,28.57,26.67,21.43,20,0,"","","","","",""
http://statistics.gov.scot/id/statistical-geography/S01004150,S01004150,0,0,0,0,0,0,0,11.11,8.33,10,0,0,"","","","","",""
http://statistics.gov.scot/id/statistical-geography/S01004151,S01004151,0,0,0,0,0,0,5.56,8.7,7.41,4.76,5,11.76,"","","","","",""
http://statistics.gov.scot/id/statistical-geography/S01004152,S01004152,46.67,57.14,50,50,30,44.44,30,36.36,10,33.33,33.33,40,"","","","","",""
http://statistics.gov.scot/id/statistical-geography/S01004153,S01004153,16.67,15.79,12.5,20,0,0,0,0,0,0,0,0,"","","","","",""
http://statistics.gov.scot/id/statistical-geography/S01004154,S01004154,22.22,37.5,42.86,28.57,20,0,0,0,0,0,20,33.33,"","","","","",""
http://statistics.gov.scot/id/statistical-geography/S01004155,S01004155,41.18,33.33,40,35.29,42.86,40.91,47.62,42.11,42.86,23.08,8.33,0,"","","","","",""
http://statistics.gov.scot/id/statistical-geography/S01004156,S01004156,23.08,27.27,33.33,25,30,16.67,15.38,12.5,18.75,18.18,25,20,"","","","","",""
http://statistics.gov.scot/id/statistical-geography/S01004157,S01004157,0,0,0,0,0,0,0,0,0,0,20,20,"","","","","",""
http://statistics.gov.scot/id/statistical-geography/S01004158,S01004158,6.67,15.38,16.67,11.11,0,0,0,0,11.11,25,20,20,"","","","","",""
http://statistics.gov.scot/id/statistical-geography/S01004159,S01004159,11.11,28.57,33.33,37.5,30,33.33,11.11,12.5,25,30,22.22,0,"","","","","",""
http://statistics.gov.scot/id/statistical-geography/S01004160,S01004160,28.57,6.67,0,0,0,0,9.09,8.33,12.5,0,0,0,"","","","","",""
http://statistics.gov.scot/id/statistical-geography/S01004161,S01004161,11.11,0,0,0,0,0,0,7.69,6.67,7.14,10,14.29,"","","","","",""
http://statistics.gov.scot/id/statistical-geography/S01004162,S01004162,0,5.88,5,4.17,0,0,0,6.67,13.33,12.5,6.25,0,"","","","","",""
http://statistics.gov.scot/id/statistical-geography/S01004163,S01004163,23.08,18.18,22.22,10,8.33,0,0,0,10,16.67,20,0,"","","","","",""
http://statistics.gov.scot/id/statistical-geography/S01004164,S01004164,0,12.5,9.09,15.38,7.69,27.27,20,25,15.38,16.67,14.29,0,"","","","","",""
http://statistics.gov.scot/id/statistical-geography/S01004165,S01004165,28.57,10,20,25,21.05,22.73,17.39,35.29,22.22,20,0,14.29,"","","","","",""
http://statistics.gov.scot/id/statistical-geography/S01004166,S01004166,42.86,50,14.29,0,0,16.67,16.67,30,22.22,28.57,20,16.67,"","","","","",""
http://statistics.gov.scot/id/statistical-geography/S01004167,S01004167,0,0,0,9.09,11.11,20,16.67,18.75,10,6.67,0,33.33,"","","","","",""
http://statistics.gov.scot/id/statistical-geography/S01004168,S01004168,27.27,23.08,11.11,12.5,25,20,20,22.22,16.67,9.09,0,28.57,"","","","","",""
http://statistics.gov.scot/id/statistical-geography/S01004169,S01004169,0,16.67,14.29,16.67,0,0,0,0,10,12.5,11.11,0,"","","","","",""
http://statistics.gov.scot/id/statistical-geography/S01004170,S01004170,20,33.33,40,16.67,12.5,14.29,16.67,12.5,0,0,0,0,"","","","","",""
http://statistics.gov.scot/id/statistical-geography/S01004171,S01004171,5.26,11.11,15.38,9.09,0,20,28.57,22.22,8.33,0,0,0,"","","","","",""
http://statistics.gov.scot/id/statistical-geography/S01004172,S01004172,25,18.18,16.67,20,20,37.5,36.36,45.45,23.08,28.57,14.29,18.18,"","","","","",""
http://statistics.gov.scot/id/statistical-geography/S01004173,S01004173,0,10,20,30,18.18,0,0,0,0,0,0,33.33,"","","","","",""
http://statistics.gov.scot/id/statistical-geography/S01004174,S01004174,25,33.33,9.09,0,0,0,0,0,0,0,33.33,40,"","","","","",""
http://statistics.gov.scot/id/statistical-geography/S01004175,S01004175,28.57,0,20,33.33,40,27.27,18.18,7.69,14.29,21.43,30,50,"","","","","",""
http://statistics.gov.scot/id/statistical-geography/S01004176,S01004176,5.56,7.14,14.29,16.67,14.29,8.33,8.33,7.69,7.69,0,0,0,"","","","","",""
http://statistics.gov.scot/id/statistical-geography/S01004177,S01004177,20,28.57,50,57.14,75,50,25,14.29,0,0,0,0,"","","","","",""
http://statistics.gov.scot/id/statistical-geography/S01004178,S01004178,20,33.33,33.33,14.29,0,0,0,0,0,0,16.67,25,"","","","","",""
http://statistics.gov.scot/id/statistical-geography/S01004179,S01004179,14.29,16.67,0,0,0,0,0,0,0,0,0,0,"","","","","",""
http://statistics.gov.scot/id/statistical-geography/S01004180,S01004180,0,0,0,0,0,0,0,0,7.69,20,28.57,25,"","","","","",""
http://statistics.gov.scot/id/statistical-geography/S01004181,S01004181,7.69,7.69,11.11,20,14.29,0,12.5,14.29,22.22,14.29,14.29,0,"","","","","",""
http://statistics.gov.scot/id/statistical-geography/S01004182,S01004182,20,13.33,0,16.67,30.77,35,30,22.73,11.11,25,25,28.57,"","","","","",""
http://statistics.gov.scot/id/statistical-geography/S01004183,S01004183,0,0,5.56,5.88,7.69,15.38,14.29,23.08,10,18.18,11.11,9.09,"","","","","",""
http://statistics.gov.scot/id/statistical-geography/S01004184,S01004184,16.67,28.57,30,30.77,27.27,23.08,22.22,17.65,22.22,23.08,18.18,12.5,"","","","","",""
http://statistics.gov.scot/id/statistical-geography/S01004185,S01004185,30.77,20,28.57,16.67,22.22,10,15.38,7.69,4.76,4.76,18.18,26.67,"","","","","",""
http://statistics.gov.scot/id/statistical-geography/S01004186,S01004186,0,33.33,37.5,40,25,33.33,20,20,16.67,18.18,14.29,0,"","","","","",""
http://statistics.gov.scot/id/statistical-geography/S01004187,S01004187,10,12.5,16.67,33.33,40,46.15,41.67,25,7.14,0,12.5,42.86,"","","","","",""
http://statistics.gov.scot/id/statistical-geography/S01004188,S01004188,40,45.45,42.86,20,25,20,23.08,31.25,22.73,23.53,14.29,50,"","","","","",""
http://statistics.gov.scot/id/statistical-geography/S01004189,S01004189,0,0,0,6.25,8.33,9.09,0,0,0,0,0,0,"","","","","",""
http://statistics.gov.scot/id/statistical-geography/S01004190,S01004190,50,57.14,45.45,25,25,25,20,0,0,0,0,0,"","","","","",""
http://statistics.gov.scot/id/statistical-geography/S01004191,S01004191,0,7.69,7.14,15.38,11.11,11.11,9.09,9.09,11.11,0,0,0,"","","","","",""
http://statistics.gov.scot/id/statistical-geography/S01004192,S01004192,30,12.5,9.09,0,0,16.67,23.53,29.41,35.71,30,40,28.57,"","","","","",""
http://statistics.gov.scot/id/statistical-geography/S01004193,S01004193,25,14.29,22.22,10,15.38,12.5,14.29,0,0,0,0,0,"","","","","",""
http://statistics.gov.scot/id/statistical-geography/S01004194,S01004194,30,33.33,42.86,33.33,50,14.29,11.11,0,12.5,21.43,25,11.11,"","","","","",""
http://statistics.gov.scot/id/statistical-geography/S01004195,S01004195,20,0,0,0,0,0,0,12.5,16.67,16.67,0,0,"","","","","",""
http://statistics.gov.scot/id/statistical-geography/S01004196,S01004196,28.57,42.86,14.29,37.5,22.22,33.33,28.57,36.36,33.33,33.33,28.57,36.36,"","","","","",""
http://statistics.gov.scot/id/statistical-geography/S01004197,S01004197,25,37.5,37.5,30,25,10,15.38,6.25,13.33,18.18,33.33,33.33,"","","","","",""
http://statistics.gov.scot/id/statistical-geography/S01004198,S01004198,11.11,8.33,16.67,11.11,16.67,0,0,0,9.09,14.29,20,0,"","","","","",""
http://statistics.gov.scot/id/statistical-geography/S01004199,S01004199,0,7.69,10,8.33,0,0,7.14,7.14,14.29,7.69,11.11,0,"","","","","",""
http://statistics.gov.scot/id/statistical-geography/S01004200,S01004200,0,0,0,0,0,25,22.22,33.33,23.08,27.27,12.5,16.67,"","","","","",""
http://statistics.gov.scot/id/statistical-geography/S01004201,S01004201,35.71,25,18.18,14.29,20,0,0,0,0,0,11.11,33.33,"","","","","",""
http://statistics.gov.scot/id/statistical-geography/S01004202,S01004202,0,0,0,0,0,0,50,25,20,0,0,0,"","","","","",""
http://statistics.gov.scot/id/statistical-geography/S01004203,S01004203,11.11,0,0,0,8.33,9.09,20,10,10,0,14.29,20,"","","","","",""
http://statistics.gov.scot/id/statistical-geography/S01004204,S01004204,20,10,20,14.29,16.67,12.5,18.18,22.22,14.29,0,0,0,"","","","","",""
http://statistics.gov.scot/id/statistical-geography/S01004205,S01004205,57.14,64.29,55.56,60,37.5,25,20,20,22.22,18.18,18.18,12.5,"","","","","",""
http://statistics.gov.scot/id/statistical-geography/S01004206,S01004206,0,14.29,14.29,16.67,0,0,0,0,0,0,0,0,"","","","","",""
http://statistics.gov.scot/id/statistical-geography/S01004207,S01004207,38.46,25,22.22,28.57,28.57,22.22,46.15,58.33,50,27.27,15.38,18.18,"","","","","",""
http://statistics.gov.scot/id/statistical-geography/S01004208,S01004208,13.04,12.5,12.5,5.88,11.76,13.04,12.5,10,20,33.33,25,0,"","","","","",""
http://statistics.gov.scot/id/statistical-geography/S01004209,S01004209,0,0,0,0,0,0,0,0,0,0,0,0,"","","","","",""
http://statistics.gov.scot/id/statistical-geography/S01004210,S01004210,12.5,16.67,0,0,0,0,0,0,0,0,33.33,16.67,"","","","","",""
http://statistics.gov.scot/id/statistical-geography/S01004211,S01004211,0,0,0,0,0,0,0,0,0,0,0,0,"","","","","",""
http://statistics.gov.scot/id/statistical-geography/S01004212,S01004212,0,0,0,0,0,0,0,0,4.17,9.09,9.09,0,"","","","","",""
http://statistics.gov.scot/id/statistical-geography/S01004213,S01004213,0,75,75,100,"",50,50,50,0,0,0,0,"","","","","",""
http://statistics.gov.scot/id/statistical-geography/S01004214,S01004214,0,0,0,0,16.67,14.29,16.67,0,0,0,0,0,"","","","","",""
http://statistics.gov.scot/id/statistical-geography/S01004215,S01004215,40,16.67,12.5,0,0,0,0,0,0,0,"",0,"","","","","",""
http://statistics.gov.scot/id/statistical-geography/S01004216,S01004216,11.11,14.29,22.22,10,9.09,0,0,0,0,0,0,14.29,"","","","","",""
http://statistics.gov.scot/id/statistical-geography/S01004217,S01004217,12.5,12.5,0,0,25,25,16.67,0,0,0,0,0,"","","","","",""
http://statistics.gov.scot/id/statistical-geography/S01004218,S01004218,16.67,42.86,50,42.86,0,18.18,22.22,30,14.29,9.09,12.5,28.57,"","","","","",""
http://statistics.gov.scot/id/statistical-geography/S01004219,S01004219,0,0,9.09,12.5,11.11,16.67,14.29,17.65,12.5,20,66.67,75,"","","","","",""
http://statistics.gov.scot/id/statistical-geography/S01004220,S01004220,0,0,0,6.25,6.25,5.26,0,0,0,0,0,0,"","","","","",""
http://statistics.gov.scot/id/statistical-geography/S01004221,S01004221,50,42.86,40,33.33,33.33,10,20,13.33,13.33,0,11.11,14.29,"","","","","",""
http://statistics.gov.scot/id/statistical-geography/S01004222,S01004222,38.46,27.27,22.22,20,10,22.22,28.57,36.36,17.65,13.33,15.38,20,"","","","","",""
http://statistics.gov.scot/id/statistical-geography/S01004223,S01004223,27.27,40,44.44,40,41.67,43.75,38.46,35.29,29.41,38.1,35.71,30,"","","","","",""
http://statistics.gov.scot/id/statistical-geography/S01004224,S01004224,22.22,30,33.33,50,44.44,35.71,23.08,16.67,16.67,20,33.33,0,"","","","","",""
http://statistics.gov.scot/id/statistical-geography/S01004225,S01004225,0,0,6.67,25,27.27,37.5,23.08,20,14.29,0,0,20,"","","","","",""
http://statistics.gov.scot/id/statistical-geography/S01004226,S01004226,16.67,26.67,23.08,25,18.18,18.18,11.11,6.67,6.25,10,8.33,12.5,"","","","","",""
http://statistics.gov.scot/id/statistical-geography/S01004227,S01004227,0,0,12.5,11.11,37.5,28.57,28.57,23.08,20,25,18.18,15.38,"","","","","",""
http://statistics.gov.scot/id/statistical-geography/S01004228,S01004228,21.43,16.67,0,0,9.09,16.67,13.33,25,26.67,36.36,25,0,"","","","","",""
http://statistics.gov.scot/id/statistical-geography/S01004229,S01004229,0,0,0,0,0,0,33.33,20,14.29,0,0,0,"","","","","",""
http://statistics.gov.scot/id/statistical-geography/S01004230,S01004230,33.33,28.57,50,55.56,54.55,38.46,18.75,9.09,16.67,28.57,25,0,"","","","","",""
http://statistics.gov.scot/id/statistical-geography/S01004231,S01004231,10,10,15.38,7.14,8.33,0,20,17.65,16.67,14.29,33.33,33.33,"","","","","",""
http://statistics.gov.scot/id/statistical-geography/S01004232,S01004232,9.09,18.18,8.33,9.09,0,0,0,9.09,25,27.27,22.22,0,"","","","","",""
http://statistics.gov.scot/id/statistical-geography/S01004349,S01004349,37.5,22.22,0,0,0,0,0,0,0,0,0,0,"","","","","",""
http://statistics.gov.scot/id/statistical-geography/S01004350,S01004350,0,0,0,0,"",0,0,0,0,0,0,0,"","","","","",""
http://statistics.gov.scot/id/statistical-geography/S01004351,S01004351,0,33.33,33.33,28.57,0,0,0,0,0,0,0,20,"","","","","",""
http://statistics.gov.scot/id/statistical-geography/S01004352,S01004352,0,25,16.67,12.5,0,0,0,0,0,0,0,0,"","","","","",""
http://statistics.gov.scot/id/statistical-geography/S01004353,S01004353,0,0,20,14.29,14.29,0,0,0,0,0,0,12.5,"","","","","",""
http://statistics.gov.scot/id/statistical-geography/S01004354,S01004354,0,0,0,11.11,28.57,25,25,0,0,0,6.67,7.14,"","","","","",""
http://statistics.gov.scot/id/statistical-geography/S01004355,S01004355,66.67,33.33,16.67,12.5,0,0,0,20,16.67,14.29,0,16.67,"","","","","",""
http://statistics.gov.scot/id/statistical-geography/S01004356,S01004356,16.67,38.46,26.67,23.08,7.69,15.38,16.67,22.22,14.29,12.5,16.67,14.29,"","","","","",""
http://statistics.gov.scot/id/statistical-geography/S01004357,S01004357,5.88,14.29,13.33,16.67,7.14,7.14,0,0,0,0,12.5,25,"","","","","",""
http://statistics.gov.scot/id/statistical-geography/S01004358,S01004358,16.67,16.67,0,0,0,20,25,20,0,0,0,0,"","","","","",""
http://statistics.gov.scot/id/statistical-geography/S01004359,S01004359,0,0,0,0,9.09,12.5,28.57,12.5,11.11,9.52,13.04,14.29,"","","","","",""
http://statistics.gov.scot/id/statistical-geography/S01004360,S01004360,33.33,14.29,20,25,18.18,14.29,6.25,13.33,30.77,40,27.27,11.11,"","","","","",""
http://statistics.gov.scot/id/statistical-geography/S01004361,S01004361,40,0,0,0,0,22.22,25,28.57,20,25,11.76,6.67,"","","","","",""
http://statistics.gov.scot/id/statistical-geography/S01004362,S01004362,36.36,33.33,44.44,40,100,100,57.14,46.15,35.71,20,0,11.11,"","","","","",""
http://statistics.gov.scot/id/statistical-geography/S01004363,S01004363,52.63,42.11,33.33,25,29.41,42.86,33.33,20,7.14,6.67,7.14,13.33,"","","","","",""
http://statistics.gov.scot/id/statistical-geography/S01004364,S01004364,14.29,8.33,8.33,12.5,18.75,23.53,33.33,26.32,30,22.22,18.75,7.69,"","","","","",""
http://statistics.gov.scot/id/statistical-geography/S01004365,S01004365,45.45,42.86,50,50,37.5,27.27,18.18,7.69,8.33,29.41,47.62,50,"","","","","",""
http://statistics.gov.scot/id/statistical-geography/S01004366,S01004366,25,22.22,20,14.29,25,28.57,28.57,11.11,0,6.67,14.29,18.18,"","","","","",""
http://statistics.gov.scot/id/statistical-geography/S01004367,S01004367,23.08,21.43,18.18,7.69,15.38,21.43,25,13.33,20,18.18,30,12.5,"","","","","",""
http://statistics.gov.scot/id/statistical-geography/S01004368,S01004368,44.44,30,28.57,20,50,0,25,27.27,38.46,36.36,36.36,15.38,"","","","","",""
http://statistics.gov.scot/id/statistical-geography/S01004369,S01004369,30.77,16.67,7.69,9.09,20,30.77,33.33,26.32,40,28.57,30.77,12.5,"","","","","",""
http://statistics.gov.scot/id/statistical-geography/S01004370,S01004370,0,0,14.29,25,20,0,0,0,20,25,25,0,"","","","","",""
http://statistics.gov.scot/id/statistical-geography/S01004371,S01004371,22.22,30,23.08,33.33,18.18,10,35.29,40,45,28.57,18.75,21.43,"","","","","",""
http://statistics.gov.scot/id/statistical-geography/S01004372,S01004372,0,0,0,22.22,22.22,28.57,0,0,14.29,12.5,14.29,0,"","","","","",""
http://statistics.gov.scot/id/statistical-geography/S01004373,S01004373,42.86,42.86,14.29,20,0,42.86,42.86,54.55,66.67,66.67,80,100,"","","","","",""
http://statistics.gov.scot/id/statistical-geography/S01004374,S01004374,27.27,33.33,11.11,0,0,0,0,10,25,33.33,8.33,0,"","","","","",""
http://statistics.gov.scot/id/statistical-geography/S01004375,S01004375,20,33.33,0,20,16.67,20,10,16.67,25,20,14.29,0,"","","","","",""
http://statistics.gov.scot/id/statistical-geography/S01004376,S01004376,23.08,31.25,21.43,31.25,27.78,27.78,23.08,30.77,33.33,37.5,27.27,21.43,"","","","","",""
http://statistics.gov.scot/id/statistical-geography/S01004377,S01004377,21.43,25,20,22.22,28.57,33.33,21.43,25,23.08,40,25,23.08,"","","","","",""
http://statistics.gov.scot/id/statistical-geography/S01004378,S01004378,25,14.29,14.29,20,22.22,18.18,10,12.5,15.38,13.33,6.25,9.09,"","","","","",""
http://statistics.gov.scot/id/statistical-geography/S01004379,S01004379,14.29,18.75,14.29,15.38,16.67,20,22.22,22.22,22.22,33.33,36.36,30,"","","","","",""
http://statistics.gov.scot/id/statistical-geography/S01004380,S01004380,14.29,33.33,38.46,44.44,25,33.33,33.33,38.46,27.27,50,36.36,33.33,"","","","","",""
http://statistics.gov.scot/id/statistical-geography/S01004381,S01004381,0,0,0,0,13.33,12.5,31.25,21.43,25,18.18,16.67,11.11,"","","","","",""
http://statistics.gov.scot/id/statistical-geography/S01004382,S01004382,75,40,0,0,0,16.67,22.22,20,11.11,0,11.11,9.09,"","","","","",""
http://statistics.gov.scot/id/statistical-geography/S01004383,S01004383,30,25,22.22,18.18,16.67,7.14,8.33,16.67,37.5,18.18,10,0,"","","","","",""
http://statistics.gov.scot/id/statistical-geography/S01004384,S01004384,20,28.57,16.67,22.22,22.22,22.22,14.29,16.67,33.33,50,40,25,"","","","","",""
http://statistics.gov.scot/id/statistical-geography/S01004385,S01004385,10,14.29,0,11.11,22.22,50,30,20,8.33,0,0,6.67,"","","","","",""
http://statistics.gov.scot/id/statistical-geography/S01004386,S01004386,14.29,16.67,14.29,0,0,7.69,9.09,9.09,0,0,7.14,11.11,"","","","","",""
http://statistics.gov.scot/id/statistical-geography/S01004387,S01004387,16.67,17.65,9.52,5.26,4.76,5.88,6.25,7.69,14.29,28.57,15,16.67,"","","","","",""
http://statistics.gov.scot/id/statistical-geography/S01004388,S01004388,57.14,68.75,61.11,57.14,48.15,53.13,47.22,51.52,43.33,38.46,36,26.09,"","","","","",""
http://statistics.gov.scot/id/statistical-geography/S01004389,S01004389,11.11,11.11,9.09,18.18,16.67,25,15.38,16.67,14.29,16.67,37.5,25,"","","","","",""
http://statistics.gov.scot/id/statistical-geography/S01004390,S01004390,33.33,11.11,11.11,20,14.29,21.05,20,22.22,17.65,18.75,21.43,27.27,"","","","","",""
http://statistics.gov.scot/id/statistical-geography/S01004391,S01004391,10,11.11,33.33,25,33.33,25,33.33,20,25,0,0,0,"","","","","",""
http://statistics.gov.scot/id/statistical-geography/S01004392,S01004392,0,15.38,21.43,16.67,16.67,11.11,11.76,6.67,5.56,14.29,10,14.29,"","","","","",""
http://statistics.gov.scot/id/statistical-geography/S01004393,S01004393,0,0,15.79,21.05,30,30.77,33.33,25,15,20.83,18.18,23.81,"","","","","",""
http://statistics.gov.scot/id/statistical-geography/S01004394,S01004394,46.15,41.67,50,37.5,41.67,50,66.67,53.85,44.44,28.57,27.27,20,"","","","","",""
http://statistics.gov.scot/id/statistical-geography/S01004395,S01004395,16.67,0,33.33,37.5,71.43,42.86,41.67,31.25,28.57,26.67,26.67,50,"","","","","",""
http://statistics.gov.scot/id/statistical-geography/S01004396,S01004396,0,9.09,10,7.69,10,18.18,37.5,41.67,26.67,18.75,0,8.33,"","","","","",""
http://statistics.gov.scot/id/statistical-geography/S01004397,S01004397,6.25,22.22,17.65,18.75,0,0,7.14,18.75,18.75,12.5,0,0,"","","","","",""
http://statistics.gov.scot/id/statistical-geography/S01004398,S01004398,50,37.5,9.09,20,22.22,28.57,15.79,11.11,9.52,11.76,12.5,15.38,"","","","","",""
http://statistics.gov.scot/id/statistical-geography/S01004399,S01004399,35.29,26.67,25,25,50,36.36,27.78,21.05,14.29,25,16.67,21.43,"","","","","",""
http://statistics.gov.scot/id/statistical-geography/S01004400,S01004400,25,25,40,0,50,50,25,25,33.33,41.67,36.36,37.5,"","","","","",""
http://statistics.gov.scot/id/statistical-geography/S01004401,S01004401,6.67,17.65,21.43,20,10,18.18,23.08,21.43,14.29,0,0,0,"","","","","",""
http://statistics.gov.scot/id/statistical-geography/S01004402,S01004402,41.67,50,42.86,20,38.46,50,57.89,53.33,33.33,25,25,38.46,"","","","","",""
http://statistics.gov.scot/id/statistical-geography/S01004403,S01004403,33.33,50,25,16.67,33.33,22.22,33.33,25,27.27,30.77,16.67,20,"","","","","",""
http://statistics.gov.scot/id/statistical-geography/S01004404,S01004404,0,6.25,7.69,6.67,7.69,7.69,9.09,0,0,0,0,0,"","","","","",""
http://statistics.gov.scot/id/statistical-geography/S01004405,S01004405,10,0,0,0,0,0,20,18.18,22.22,22.22,25,23.08,"","","","","",""
http://statistics.gov.scot/id/statistical-geography/S01004406,S01004406,34.78,36.84,25,23.53,22.73,35,35.29,41.67,50,57.89,50,25,"","","","","",""
http://statistics.gov.scot/id/statistical-geography/S01004407,S01004407,22.22,25,28.57,14.29,12.5,10,18.18,11.11,16.67,42.86,37.5,37.5,"","","","","",""
http://statistics.gov.scot/id/statistical-geography/S01004408,S01004408,0,0,0,0,0,4.55,3.85,10,6.45,7.41,4,4.35,"","","","","",""
http://statistics.gov.scot/id/statistical-geography/S01004409,S01004409,0,0,0,0,"","","",0,0,50,20,14.29,"","","","","",""
http://statistics.gov.scot/id/statistical-geography/S01004410,S01004410,36.36,33.33,21.05,10.53,4.76,17.39,28.57,45.45,42.86,40,23.08,21.43,"","","","","",""
http://statistics.gov.scot/id/statistical-geography/S01004411,S01004411,0,7.14,13.33,20,12.5,10,30,46.15,62.5,40,25,27.27,"","","","","",""
http://statistics.gov.scot/id/statistical-geography/S01004412,S01004412,20,31.58,40,33.33,0,6.67,18.75,22.22,23.53,26.67,36.36,35.71,"","","","","",""
http://statistics.gov.scot/id/statistical-geography/S01004413,S01004413,28.57,40,38.46,30.77,7.69,18.18,22.22,18.18,0,0,8.33,20,"","","","","",""
http://statistics.gov.scot/id/statistical-geography/S01004414,S01004414,22.22,37.5,50,38.46,11.11,9.09,30,33.33,35.71,25,29.41,17.65,"","","","","",""
http://statistics.gov.scot/id/statistical-geography/S01004415,S01004415,0,8.33,7.14,14.29,9.09,20,16.67,18.18,11.11,11.11,7.14,14.29,"","","","","",""
http://statistics.gov.scot/id/statistical-geography/S01004416,S01004416,33.33,27.27,23.08,37.5,33.33,33.33,37.5,36.36,30,12.5,25,50,"","","","","",""
http://statistics.gov.scot/id/statistical-geography/S01004417,S01004417,40,57.14,60,57.14,50,46.67,52.94,57.14,71.43,60,46.67,26.09,"","","","","",""
http://statistics.gov.scot/id/statistical-geography/S01004418,S01004418,27.27,33.33,33.33,50,30,30.77,15.38,18.18,14.29,37.5,50,60,"","","","","",""
http://statistics.gov.scot/id/statistical-geography/S01004419,S01004419,30.77,30,12.5,11.11,20,30.77,35.71,30,11.11,12.5,11.11,10,"","","","","",""
http://statistics.gov.scot/id/statistical-geography/S01004420,S01004420,0,0,0,0,0,6.67,7.69,9.09,14.29,20,20,0,"","","","","",""
http://statistics.gov.scot/id/statistical-geography/S01004421,S01004421,44.44,46.67,56.25,50,42.86,30.77,23.08,23.08,11.76,27.78,31.58,42.86,"","","","","",""
http://statistics.gov.scot/id/statistical-geography/S01004422,S01004422,14.29,42.86,40,45.45,30.77,40,33.33,38.46,27.27,27.27,28.57,20,"","","","","",""
http://statistics.gov.scot/id/statistical-geography/S01004423,S01004423,7.14,10,10,16.67,0,11.11,20,20,9.09,10,9.09,22.22,"","","","","",""
http://statistics.gov.scot/id/statistical-geography/S01004424,S01004424,47.06,46.15,46.67,58.82,64.71,56.25,43.75,37.5,38.46,41.67,28.57,30.77,"","","","","",""
http://statistics.gov.scot/id/statistical-geography/S01004425,S01004425,28.57,16.67,14.29,0,9.09,9.09,10,0,0,0,0,0,"","","","","",""
http://statistics.gov.scot/id/statistical-geography/S01004426,S01004426,0,14.29,11.11,12.5,0,0,0,0,0,0,0,0,"","","","","",""
http://statistics.gov.scot/id/statistical-geography/S01004427,S01004427,0,0,14.29,33.33,50,11.11,18.75,21.05,27.78,33.33,50,43.75,"","","","","",""
http://statistics.gov.scot/id/statistical-geography/S01004428,S01004428,26.67,22.22,16.67,20,15.38,18.18,8.33,20,16.67,13.64,17.65,15.38,"","","","","",""
http://statistics.gov.scot/id/statistical-geography/S01004429,S01004429,20,20,33.33,50,46.67,50,46.67,40,22.22,18.18,7.69,0,"","","","","",""
http://statistics.gov.scot/id/statistical-geography/S01004430,S01004430,16.67,20,50,40,40,33.33,0,0,0,0,0,0,"","","","","",""
http://statistics.gov.scot/id/statistical-geography/S01004431,S01004431,25,24,31.82,26.32,14.29,20,43.75,56.25,53.33,37.5,35.29,23.53,"","","","","",""
http://statistics.gov.scot/id/statistical-geography/S01004432,S01004432,18.75,11.11,17.65,33.33,40,40,33.33,21.43,18.75,28.57,28.57,30.77,"","","","","",""
http://statistics.gov.scot/id/statistical-geography/S01004433,S01004433,33.33,18.18,33.33,30,33.33,20,22.22,22.22,16.67,30.77,28.57,27.27,"","","","","",""
http://statistics.gov.scot/id/statistical-geography/S01004434,S01004434,20,8.33,14.29,15.38,27.27,30,12.5,10,15.79,25,20,17.65,"","","","","",""
http://statistics.gov.scot/id/statistical-geography/S01004435,S01004435,12.5,0,0,0,12.5,11.11,7.14,0,0,0,0,0,"","","","","",""
http://statistics.gov.scot/id/statistical-geography/S01004436,S01004436,8.33,15.38,20,27.27,11.11,0,0,6.25,5.88,23.53,22.22,35.71,"","","","","",""
http://statistics.gov.scot/id/statistical-geography/S01004437,S01004437,9.09,38.89,43.75,45,35,38.1,34.78,26.32,35.29,46.15,54.55,44.44,"","","","","",""
http://statistics.gov.scot/id/statistical-geography/S01004438,S01004438,15.79,6.25,27.78,33.33,29.41,25,25,25,25,22.22,22.22,0,"","","","","",""
http://statistics.gov.scot/id/statistical-geography/S01004439,S01004439,55.56,50,50,58.33,58.33,54.55,37.5,30,30.77,41.18,50,41.67,"","","","","",""
http://statistics.gov.scot/id/statistical-geography/S01004440,S01004440,22.22,22.22,11.11,21.43,18.18,22.22,40,44.44,36.36,16.67,12.5,11.11,"","","","","",""
http://statistics.gov.scot/id/statistical-geography/S01004441,S01004441,9.09,6.67,5.26,0,0,0,0,6.67,9.52,8.33,4.35,0,"","","","","",""
http://statistics.gov.scot/id/statistical-geography/S01004442,S01004442,30.77,27.27,32,29.17,30.43,29.41,16.67,20,25,29.41,33.33,28.57,"","","","","",""
http://statistics.gov.scot/id/statistical-geography/S01004443,S01004443,66.67,44.44,37.5,27.27,15.38,16.67,20,16.67,0,22.22,33.33,41.67,"","","","","",""
http://statistics.gov.scot/id/statistical-geography/S01004444,S01004444,20,37.5,37.5,30,21.43,23.53,11.76,11.76,5.56,10.53,13.04,17.65,"","","","","",""
http://statistics.gov.scot/id/statistical-geography/S01004445,S01004445,28.57,33.33,10,9.09,8.33,33.33,42.86,42.86,10,13.33,18.18,22.22,"","","","","",""
http://statistics.gov.scot/id/statistical-geography/S01004446,S01004446,42.86,42.86,14.29,0,10,12.5,18.18,11.11,22.73,23.81,26.67,9.09,"","","","","",""
http://statistics.gov.scot/id/statistical-geography/S01004447,S01004447,0,15.38,15.38,46.67,43.75,42.11,26.67,14.29,14.29,13.33,16.67,27.27,"","","","","",""
http://statistics.gov.scot/id/statistical-geography/S01004448,S01004448,15.38,0,0,0,0,9.09,18.18,20,20,0,0,0,"","","","","",""
http://statistics.gov.scot/id/statistical-geography/S01004449,S01004449,31.82,25,11.11,18.75,7.69,10,16.67,15.38,11.76,11.11,16.67,21.43,"","","","","",""
http://statistics.gov.scot/id/statistical-geography/S01004450,S01004450,6.67,0,11.11,30.77,33.33,19.05,5.56,0,6.25,21.43,18.75,16.67,"","","","","",""
http://statistics.gov.scot/id/statistical-geography/S01004451,S01004451,45.45,45.45,45.45,33.33,30.77,38.46,29.41,28.57,23.08,36.36,27.27,14.29,"","","","","",""
http://statistics.gov.scot/id/statistical-geography/S01004452,S01004452,12.5,0,0,0,0,7.69,14.29,44.44,57.14,33.33,20,11.11,"","","","","",""
http://statistics.gov.scot/id/statistical-geography/S01004453,S01004453,12.5,22.22,18.75,13.33,0,0,0,0,0,0,0,0,"","","","","",""
http://statistics.gov.scot/id/statistical-geography/S01004454,S01004454,10,10,27.27,20,14.29,0,11.11,14.29,11.76,0,16.67,22.22,"","","","","",""
http://statistics.gov.scot/id/statistical-geography/S01004455,S01004455,20,25,0,0,0,0,0,0,0,25,16.67,40,"","","","","",""
http://statistics.gov.scot/id/statistical-geography/S01004456,S01004456,0,0,0,0,0,0,0,0,7.69,8.33,7.14,0,"","","","","",""
http://statistics.gov.scot/id/statistical-geography/S01004457,S01004457,25,18.18,22.22,11.11,28.57,27.27,30,11.11,11.11,16.67,18.18,16.67,"","","","","",""
http://statistics.gov.scot/id/statistical-geography/S01004458,S01004458,46.15,40,40,26.67,33.33,33.33,27.27,18.75,23.08,27.27,18.18,13.33,"","","","","",""
http://statistics.gov.scot/id/statistical-geography/S01004459,S01004459,0,20,20,50,0,25,14.29,12.5,0,12.5,20,37.5,"","","","","",""
http://statistics.gov.scot/id/statistical-geography/S01004460,S01004460,40,50,50,50,0,0,0,20,25,66.67,25,25,"","","","","",""
http://statistics.gov.scot/id/statistical-geography/S01004461,S01004461,18.18,10,12.5,14.29,12.5,22.22,14.29,20,0,20,25,28.57,"","","","","",""
http://statistics.gov.scot/id/statistical-geography/S01004462,S01004462,0,0,0,10,10,10,0,9.09,9.09,16.67,0,0,"","","","","",""
http://statistics.gov.scot/id/statistical-geography/S01004463,S01004463,41.67,50,38.46,27.27,18.18,30,18.18,18.18,7.14,7.69,7.69,12.5,"","","","","",""
http://statistics.gov.scot/id/statistical-geography/S01004464,S01004464,46.15,50,30,22.22,40,40,41.67,27.27,42.86,40,35.29,30.77,"","","","","",""
http://statistics.gov.scot/id/statistical-geography/S01004465,S01004465,0,0,0,12.5,16.67,14.29,0,0,0,0,0,0,"","","","","",""
http://statistics.gov.scot/id/statistical-geography/S01004466,S01004466,0,0,0,0,0,0,11.11,30,36.36,27.27,8.33,0,"","","","","",""
http://statistics.gov.scot/id/statistical-geography/S01004467,S01004467,40,36.84,36.36,38.89,33.33,25,14.29,20,19.05,30,21.43,22.22,"","","","","",""
http://statistics.gov.scot/id/statistical-geography/S01004468,S01004468,4.17,4,4.55,0,0,3.57,4.17,5,6.67,10,18.18,25,"","","","","",""
http://statistics.gov.scot/id/statistical-geography/S01004469,S01004469,50,46.15,46.67,33.33,21.43,14.29,16.67,43.75,57.14,58.82,46.15,41.67,"","","","","",""
http://statistics.gov.scot/id/statistical-geography/S01004470,S01004470,20,16.67,0,0,0,0,0,0,0,0,6.67,7.69,"","","","","",""
http://statistics.gov.scot/id/statistical-geography/S01004471,S01004471,7.69,15.38,12.5,9.09,4,0,0,3.03,3.03,8,6.25,7.69,"","","","","",""
http://statistics.gov.scot/id/statistical-geography/S01004472,S01004472,0,0,14.29,12.5,10,0,0,0,0,0,0,0,"","","","","",""
http://statistics.gov.scot/id/statistical-geography/S01004473,S01004473,9.09,0,0,0,0,0,0,0,0,0,0,0,"","","","","",""
http://statistics.gov.scot/id/statistical-geography/S01004474,S01004474,15.38,7.14,8.33,10,14.29,0,0,8.33,25,30.77,29.41,25,"","","","","",""
http://statistics.gov.scot/id/statistical-geography/S01004475,S01004475,33.33,40,28.57,20,0,0,0,0,0,0,0,0,"","","","","",""
http://statistics.gov.scot/id/statistical-geography/S01004476,S01004476,0,0,0,0,0,0,0,10,7.69,9.09,0,0,"","","","","",""
http://statistics.gov.scot/id/statistical-geography/S01004477,S01004477,10,11.11,0,0,0,0,6.67,23.08,17.65,12.5,0,0,"","","","","",""
http://statistics.gov.scot/id/statistical-geography/S01004478,S01004478,50,33.33,28.57,0,16.67,25,35.71,45.45,30.77,20,0,0,"","","","","",""
http://statistics.gov.scot/id/statistical-geography/S01004479,S01004479,21.43,9.09,0,7.14,8.33,7.14,0,14.29,16.67,25,0,0,"","","","","",""
http://statistics.gov.scot/id/statistical-geography/S01004480,S01004480,36.36,42.86,35.71,20,0,7.14,9.09,15.38,21.43,31.58,35.29,40,"","","","","",""
http://statistics.gov.scot/id/statistical-geography/S01004481,S01004481,42.86,50,33.33,28.57,16.67,38.46,31.25,26.32,8.33,25,25,27.27,"","","","","",""
http://statistics.gov.scot/id/statistical-geography/S01004482,S01004482,15.38,16.67,20,16.67,21.43,23.08,27.27,16.67,15.38,26.67,42.86,58.33,"","","","","",""
http://statistics.gov.scot/id/statistical-geography/S01004483,S01004483,50,33.33,33.33,25,22.22,25,16.67,10,0,14.29,11.11,14.29,"","","","","",""
http://statistics.gov.scot/id/statistical-geography/S01004484,S01004484,0,5,5,4.35,0,0,6.67,8.33,7.14,0,6.25,6.25,"","","","","",""
http://statistics.gov.scot/id/statistical-geography/S01004485,S01004485,0,0,0,0,0,0,0,12.5,16.67,14.29,11.11,9.09,"","","","","",""
http://statistics.gov.scot/id/statistical-geography/S01004486,S01004486,9.09,12.5,11.11,16.67,20,80,25,15.79,0,0,6.67,6.67,"","","","","",""
http://statistics.gov.scot/id/statistical-geography/S01004487,S01004487,26.67,13.33,17.65,21.74,21.74,20,14.29,10.53,5.88,6.25,0,0,"","","","","",""
http://statistics.gov.scot/id/statistical-geography/S01004488,S01004488,10,14.29,28.57,33.33,20,20,23.08,28.57,25,20,16.67,33.33,"","","","","",""
http://statistics.gov.scot/id/statistical-geography/S01004489,S01004489,5.56,7.14,7.69,14.29,28.57,20,7.69,0,11.76,10.53,10.53,0,"","","","","",""
http://statistics.gov.scot/id/statistical-geography/S01004490,S01004490,20,12.5,0,0,12.5,28.57,50,33.33,20,0,0,0,"","","","","",""
http://statistics.gov.scot/id/statistical-geography/S01004491,S01004491,50,33.33,25,35.71,40,61.54,42.86,42.86,22.22,20,23.08,25,"","","","","",""
http://statistics.gov.scot/id/statistical-geography/S01004492,S01004492,16.67,22.22,18.18,33.33,30,23.08,11.76,15,13.33,11.11,0,0,"","","","","",""
http://statistics.gov.scot/id/statistical-geography/S01004493,S01004493,16.67,0,0,0,28.57,30,27.27,20,14.29,12.5,0,14.29,"","","","","",""
http://statistics.gov.scot/id/statistical-geography/S01004494,S01004494,20,20,6.67,15.38,16.67,27.27,28.57,29.41,26.67,14.29,18.18,16.67,"","","","","",""
http://statistics.gov.scot/id/statistical-geography/S01004495,S01004495,27.27,41.67,45.45,40,36.36,30,25,25,22.22,20,11.11,20,"","","","","",""
http://statistics.gov.scot/id/statistical-geography/S01004496,S01004496,0,28.57,40,42.86,14.29,12.5,0,10,11.11,33.33,23.08,17.65,"","","","","",""
http://statistics.gov.scot/id/statistical-geography/S01004497,S01004497,0,20,25,38.1,28.57,35,26.09,30,20,20,22.22,21.43,"","","","","",""
http://statistics.gov.scot/id/statistical-geography/S01004498,S01004498,8.33,10,10,12.5,0,0,0,0,11.11,13.33,13.33,6.67,"","","","","",""
http://statistics.gov.scot/id/statistical-geography/S01004499,S01004499,14.29,25,18.18,10,0,25,33.33,30,18.18,10,20,14.29,"","","","","",""
http://statistics.gov.scot/id/statistical-geography/S01004500,S01004500,11.11,0,0,0,0,0,0,0,0,0,0,0,"","","","","",""
http://statistics.gov.scot/id/statistical-geography/S01004501,S01004501,30,29.41,21.43,11.11,0,0,16.67,14.29,28.57,20,25,8.33,"","","","","",""
http://statistics.gov.scot/id/statistical-geography/S01004502,S01004502,0,0,0,0,20,28.57,25,10,0,0,0,0,"","","","","",""
http://statistics.gov.scot/id/statistical-geography/S01004503,S01004503,0,16.67,20,14.29,0,0,0,0,0,0,0,0,"","","","","",""
http://statistics.gov.scot/id/statistical-geography/S01004504,S01004504,50,44.44,20,0,0,50,50,66.67,53.85,47.06,42.11,33.33,"","","","","",""
http://statistics.gov.scot/id/statistical-geography/S01004505,S01004505,42.86,33.33,33.33,20,37.5,33.33,42.86,12.5,10,20,22.22,28.57,"","","","","",""
http://statistics.gov.scot/id/statistical-geography/S01004506,S01004506,57.14,42.86,33.33,25,16.67,28.57,40,42.86,42.86,40,37.5,28.57,"","","","","",""
http://statistics.gov.scot/id/statistical-geography/S01004507,S01004507,12.5,23.08,25,44.44,50,28.57,14.29,12.5,14.29,11.11,12.5,12.5,"","","","","",""
http://statistics.gov.scot/id/statistical-geography/S01004508,S01004508,50,50,33.33,40,25,50,0,0,0,0,0,0,"","","","","",""
http://statistics.gov.scot/id/statistical-geography/S01004509,S01004509,0,0,0,0,0,0,0,0,0,0,0,0,"","","","","",""
http://statistics.gov.scot/id/statistical-geography/S01004510,S01004510,0,0,0,0,0,0,0,0,0,25,25,16.67,"","","","","",""
http://statistics.gov.scot/id/statistical-geography/S01004511,S01004511,0,0,0,0,0,0,0,0,0,0,0,0,"","","","","",""
http://statistics.gov.scot/id/statistical-geography/S01004512,S01004512,0,0,0,0,0,0,0,0,0,0,0,0,"","","","","",""
http://statistics.gov.scot/id/statistical-geography/S01004513,S01004513,0,0,0,0,0,0,0,0,0,0,0,0,"","","","","",""
http://statistics.gov.scot/id/statistical-geography/S01004514,S01004514,0,0,0,0,0,33.33,40,28.57,12.5,0,0,0,"","","","","",""
http://statistics.gov.scot/id/statistical-geography/S01004515,S01004515,6.67,9.09,9.09,18.18,21.43,17.65,12.5,0,6.25,14.29,25,27.27,"","","","","",""
http://statistics.gov.scot/id/statistical-geography/S01004516,S01004516,33.33,33.33,33.33,0,16.67,14.29,14.29,0,33.33,28.57,28.57,0,"","","","","",""
http://statistics.gov.scot/id/statistical-geography/S01004517,S01004517,5.88,11.76,6.25,11.11,9.09,11.11,16.67,22.22,18.18,30.77,33.33,31.25,"","","","","",""
http://statistics.gov.scot/id/statistical-geography/S01004518,S01004518,28.57,28.57,11.11,16.67,12.5,14.29,11.11,16.67,25,30.77,33.33,25,"","","","","",""
http://statistics.gov.scot/id/statistical-geography/S01004519,S01004519,37.5,28.57,18.18,10,23.08,33.33,27.78,17.65,7.69,27.27,30,45.45,"","","","","",""
http://statistics.gov.scot/id/statistical-geography/S01004520,S01004520,10,0,0,0,0,22.22,25,28.57,0,0,0,0,"","","","","",""
http://statistics.gov.scot/id/statistical-geography/S01004521,S01004521,22.22,28.57,40,20,0,0,16.67,14.29,25,25,14.29,14.29,"","","","","",""
http://statistics.gov.scot/id/statistical-geography/S01004522,S01004522,0,0,0,0,0,0,0,0,0,12.5,11.11,10,"","","","","",""
http://statistics.gov.scot/id/statistical-geography/S01004523,S01004523,0,0,0,0,0,0,0,0,0,0,"",0,"","","","","",""
http://statistics.gov.scot/id/statistical-geography/S01004524,S01004524,0,16.67,28.57,28.57,16.67,0,0,0,0,0,33.33,50,"","","","","",""
http://statistics.gov.scot/id/statistical-geography/S01004525,S01004525,0,0,0,0,0,0,0,0,7.69,11.11,16.67,0,"","","","","",""
http://statistics.gov.scot/id/statistical-geography/S01004526,S01004526,0,0,0,0,0,0,0,0,0,0,0,0,"","","","","",""
http://statistics.gov.scot/id/statistical-geography/S01004527,S01004527,0,12.5,9.09,9.09,0,0,0,0,11.11,11.11,33.33,0,"","","","","",""
http://statistics.gov.scot/id/statistical-geography/S01004528,S01004528,20,42.86,33.33,25,9.09,18.18,25,25,14.29,7.69,7.14,9.09,"","","","","",""
http://statistics.gov.scot/id/statistical-geography/S01004529,S01004529,16.67,14.29,12.5,14.29,14.29,14.29,16.67,20,33.33,0,20,20,"","","","","",""
http://statistics.gov.scot/id/statistical-geography/S01004530,S01004530,20,12.5,0,0,0,0,10,11.11,20,0,0,0,"","","","","",""
http://statistics.gov.scot/id/statistical-geography/S01004531,S01004531,0,0,9.09,11.11,11.11,0,0,4.35,4.35,5.88,11.11,9.09,"","","","","",""
http://statistics.gov.scot/id/statistical-geography/S01004532,S01004532,30.43,41.67,32.14,25.81,17.39,23.08,33.33,30.77,26.67,21.43,20,13.33,"","","","","",""
http://statistics.gov.scot/id/statistical-geography/S01004533,S01004533,40,43.48,52.94,41.67,50,42.86,50,0,33.33,41.67,40,36.36,"","","","","",""
http://statistics.gov.scot/id/statistical-geography/S01004534,S01004534,0,0,0,40,33.33,28.57,11.11,10,11.11,0,0,0,"","","","","",""
http://statistics.gov.scot/id/statistical-geography/S01004535,S01004535,0,0,0,6.67,5,5.88,0,0,16.67,20,22.22,0,"","","","","",""
http://statistics.gov.scot/id/statistical-geography/S01004536,S01004536,33.33,28.57,14.29,16.67,20,20,0,16.67,12.5,8.33,0,0,"","","","","",""
http://statistics.gov.scot/id/statistical-geography/S01004537,S01004537,20,7.69,14.29,14.29,20,28.57,20,12.5,33.33,38.46,37.5,14.29,"","","","","",""
http://statistics.gov.scot/id/statistical-geography/S01004538,S01004538,18.18,22.22,37.5,60,25,9.09,0,0,9.09,9.09,9.09,11.11,"","","","","",""
http://statistics.gov.scot/id/statistical-geography/S01004539,S01004539,27.27,28.57,30,33.33,42.86,60,83.33,66.67,33.33,0,0,0,"","","","","",""
http://statistics.gov.scot/id/statistical-geography/S01004540,S01004540,6.25,9.09,9.52,13.33,11.11,8.7,6.25,11.11,11.11,10.53,11.76,9.52,"","","","","",""
http://statistics.gov.scot/id/statistical-geography/S01004541,S01004541,12.5,11.11,18.18,25,20,7.14,0,0,0,12.5,12.5,22.22,"","","","","",""
http://statistics.gov.scot/id/statistical-geography/S01004542,S01004542,18.18,14.29,15.38,5.88,7.14,0,0,0,8.33,9.09,14.29,0,"","","","","",""
http://statistics.gov.scot/id/statistical-geography/S01004543,S01004543,10,0,0,16.67,20,27.27,11.11,22.22,18.18,28.57,18.75,23.53,"","","","","",""
http://statistics.gov.scot/id/statistical-geography/S01004544,S01004544,16.67,15.63,11.11,14.29,10.81,8.33,5.77,4.65,7.32,6.98,4.35,7.14,"","","","","",""
http://statistics.gov.scot/id/statistical-geography/S01004545,S01004545,0,0,0,11.11,11.11,14.29,9.09,11.11,0,11.11,9.09,8.33,"","","","","",""
http://statistics.gov.scot/id/statistical-geography/S01004546,S01004546,70,61.54,46.67,42.86,36.36,28.57,13.33,13.33,23.08,26.67,23.53,17.65,"","","","","",""
http://statistics.gov.scot/id/statistical-geography/S01004547,S01004547,23.08,15.38,18.18,12.5,5.56,10.53,15.79,27.78,22.22,18.75,7.69,18.18,"","","","","",""
http://statistics.gov.scot/id/statistical-geography/S01004548,S01004548,0,0,15.38,20,25,16.67,30,37.5,40,35.71,31.25,31.25,"","","","","",""
http://statistics.gov.scot/id/statistical-geography/S01004549,S01004549,25,12.5,9.09,18.18,23.08,30,20,10,4.26,0,0,2.5,"","","","","",""
http://statistics.gov.scot/id/statistical-geography/S01004550,S01004550,16.67,13.33,7.14,0,10,18.18,27.27,22.22,27.27,22.22,22.22,23.08,"","","","","",""
http://statistics.gov.scot/id/statistical-geography/S01004551,S01004551,15.38,6.67,14.29,11.11,12.5,0,0,0,4.55,3.7,7.41,12.5,"","","","","",""
http://statistics.gov.scot/id/statistical-geography/S01004552,S01004552,50,35,35,13.33,20,8.33,31.25,30,42.86,21.43,20,13.33,"","","","","",""
http://statistics.gov.scot/id/statistical-geography/S01004553,S01004553,16.67,40,25,23.08,18.75,22.22,10,0,0,0,25,20,"","","","","",""
http://statistics.gov.scot/id/statistical-geography/S01004554,S01004554,22.22,25,20,14.29,28.57,20,11.11,0,7.69,7.14,20,27.27,"","","","","",""
http://statistics.gov.scot/id/statistical-geography/S01004555,S01004555,11.11,5.56,7.69,8.33,10,22.22,25,30,20,8.33,0,8.33,"","","","","",""
http://statistics.gov.scot/id/statistical-geography/S01004556,S01004556,11.11,9.09,11.11,20,11.11,16.67,20,21.43,25,20,27.27,14.29,"","","","","",""
http://statistics.gov.scot/id/statistical-geography/S01004557,S01004557,15.38,22.22,0,0,0,0,0,0,0,11.11,12.5,12.5,"","","","","",""
http://statistics.gov.scot/id/statistical-geography/S01004558,S01004558,25,27.78,25,25,21.43,21.43,18.18,20,0,7.69,7.14,7.14,"","","","","",""
http://statistics.gov.scot/id/statistical-geography/S01004559,S01004559,8.33,7.69,0,0,0,42.86,33.33,23.08,0,0,12.5,11.11,"","","","","",""
http://statistics.gov.scot/id/statistical-geography/S01004560,S01004560,69.23,50,33.33,40,63.64,90,80,53.85,23.08,15.38,18.18,21.43,"","","","","",""
http://statistics.gov.scot/id/statistical-geography/S01004561,S01004561,37.5,50,29.41,26.32,26.67,36.36,38.46,30.77,33.33,25,33.33,41.18,"","","","","",""
http://statistics.gov.scot/id/statistical-geography/S01004562,S01004562,0,0,0,0,10,25,25,33.33,12.5,28.57,14.29,33.33,"","","","","",""
http://statistics.gov.scot/id/statistical-geography/S01004563,S01004563,0,0,0,0,5.88,8.33,25,0,16.67,16.67,11.11,0,"","","","","",""
http://statistics.gov.scot/id/statistical-geography/S01004564,S01004564,14.29,16.67,0,0,0,0,0,0,0,0,0,0,"","","","","",""
http://statistics.gov.scot/id/statistical-geography/S01004565,S01004565,0,0,6.25,5,10,9.09,15.38,8.33,9.09,0,0,0,"","","","","",""
http://statistics.gov.scot/id/statistical-geography/S01004566,S01004566,0,0,0,9.09,7.69,5.56,0,0,0,0,0,0,"","","","","",""
http://statistics.gov.scot/id/statistical-geography/S01004567,S01004567,0,12.5,20,22.22,16.67,20,16.67,20,0,0,0,16.67,"","","","","",""
http://statistics.gov.scot/id/statistical-geography/S01004568,S01004568,0,0,0,14.29,20,25,11.11,10,0,0,0,25,"","","","","",""
http://statistics.gov.scot/id/statistical-geography/S01004569,S01004569,41.67,41.67,35.71,55.56,37.5,60,53.85,53.85,38.46,36.36,35.71,33.33,"","","","","",""
http://statistics.gov.scot/id/statistical-geography/S01004570,S01004570,11.11,22.22,10,12.5,0,0,0,0,0,0,11.11,10,"","","","","",""
http://statistics.gov.scot/id/statistical-geography/S01004571,S01004571,28.57,50,42.86,33.33,25,16.67,12.5,0,33.33,50,41.67,22.22,"","","","","",""
http://statistics.gov.scot/id/statistical-geography/S01004572,S01004572,0,16.67,27.27,30,36.36,40,42.86,25,27.27,33.33,22.22,14.29,"","","","","",""
http://statistics.gov.scot/id/statistical-geography/S01004573,S01004573,0,0,12.5,20,33.33,0,50,40,25,18.18,14.29,16.67,"","","","","",""
http://statistics.gov.scot/id/statistical-geography/S01004574,S01004574,0,16.67,11.11,12.5,0,0,0,0,0,0,0,0,"","","","","",""
http://statistics.gov.scot/id/statistical-geography/S01004575,S01004575,9.09,16.67,9.09,11.11,0,0,0,9.09,12.5,12.5,0,0,"","","","","",""
http://statistics.gov.scot/id/statistical-geography/S01004576,S01004576,0,0,0,13.33,11.76,14.29,0,0,0,0,7.69,9.09,"","","","","",""
http://statistics.gov.scot/id/statistical-geography/S01004577,S01004577,8.33,20,14.29,33.33,0,0,0,0,0,0,0,0,"","","","","",""
http://statistics.gov.scot/id/statistical-geography/S01004578,S01004578,7.69,7.69,11.11,0,0,0,10,10,12.5,0,0,0,"","","","","",""
http://statistics.gov.scot/id/statistical-geography/S01004579,S01004579,22.22,14.29,28.57,22.22,27.27,22.22,33.33,22.22,25,22.22,27.27,12.5,"","","","","",""
http://statistics.gov.scot/id/statistical-geography/S01004580,S01004580,33.33,22.22,36.36,27.27,33.33,22.22,18.18,12.5,20,18.18,14.29,7.69,"","","","","",""
http://statistics.gov.scot/id/statistical-geography/S01004581,S01004581,28.57,10.53,12.5,0,0,0,12.5,7.14,9.09,5.26,5.26,5.56,"","","","","",""
http://statistics.gov.scot/id/statistical-geography/S01004582,S01004582,33.33,50,33.33,14.29,11.11,0,0,0,16.67,11.11,9.09,0,"","","","","",""
http://statistics.gov.scot/id/statistical-geography/S01004583,S01004583,11.54,17.39,15,23.53,21.05,33.33,32,25.93,4.35,0,5,6.25,"","","","","",""
http://statistics.gov.scot/id/statistical-geography/S01004584,S01004584,36.36,16.67,11.11,7.69,21.43,16.67,36.36,45.45,37.5,38.46,33.33,50,"","","","","",""
http://statistics.gov.scot/id/statistical-geography/S01004585,S01004585,20,11.11,25,28.57,33.33,0,0,25,60,37.5,25,18.18,"","","","","",""
http://statistics.gov.scot/id/statistical-geography/S01004586,S01004586,26.32,20,8.7,0,0,0,0,0,0,0,0,0,"","","","","",""
http://statistics.gov.scot/id/statistical-geography/S01004587,S01004587,33.33,38.46,36.36,40,14.29,9.09,0,0,15,17.39,15.63,6.06,"","","","","",""
http://statistics.gov.scot/id/statistical-geography/S01004588,S01004588,50,50,42.86,20,25,10,11.11,0,10,14.29,11.11,0,"","","","","",""
http://statistics.gov.scot/id/statistical-geography/S01004589,S01004589,12.5,22.22,12.5,11.11,0,0,0,0,0,0,0,0,"","","","","",""
http://statistics.gov.scot/id/statistical-geography/S01004590,S01004590,43.75,25,16.67,30.77,30.77,25,23.08,15.38,20,25,35.29,30,"","","","","",""
http://statistics.gov.scot/id/statistical-geography/S01004591,S01004591,0,0,0,0,0,14.29,16.67,14.29,11.11,22.22,33.33,25,"","","","","",""
http://statistics.gov.scot/id/statistical-geography/S01004592,S01004592,28.57,37.5,41.67,58.33,54.55,44.44,20,25,66.67,50,37.5,30.77,"","","","","",""
http://statistics.gov.scot/id/statistical-geography/S01004593,S01004593,0,5.56,12.5,10,11.76,5.88,10,8.33,18.75,18.75,16.67,22.22,"","","","","",""
http://statistics.gov.scot/id/statistical-geography/S01004594,S01004594,16.67,33.33,30.77,26.67,16.67,12.5,0,0,0,11.11,30,33.33,"","","","","",""
http://statistics.gov.scot/id/statistical-geography/S01004595,S01004595,0,0,0,0,0,0,0,12.5,14.29,21.43,7.14,7.69,"","","","","",""
http://statistics.gov.scot/id/statistical-geography/S01004596,S01004596,33.33,25,33.33,16.67,22.22,18.18,30,28.57,16.67,0,0,0,"","","","","",""
http://statistics.gov.scot/id/statistical-geography/S01004597,S01004597,20,9.09,7.14,0,0,0,0,0,0,0,0,0,"","","","","",""
http://statistics.gov.scot/id/statistical-geography/S01004598,S01004598,20,14.29,25,14.29,40,30,36.36,11.11,8.33,0,12.5,20,"","","","","",""
http://statistics.gov.scot/id/statistical-geography/S01004599,S01004599,0,0,0,12.5,11.11,8.33,0,0,6.25,15.38,23.08,11.11,"","","","","",""
http://statistics.gov.scot/id/statistical-geography/S01004600,S01004600,20,33.33,22.22,44.44,22.22,27.27,20,30,36.36,33.33,35.71,31.25,"","","","","",""
http://statistics.gov.scot/id/statistical-geography/S01004601,S01004601,12.5,0,0,14.29,37.5,33.33,20,0,14.29,14.29,11.76,0,"","","","","",""
http://statistics.gov.scot/id/statistical-geography/S01004602,S01004602,0,0,0,0,0,0,0,0,0,0,0,25,"","","","","",""
http://statistics.gov.scot/id/statistical-geography/S01004603,S01004603,25,29.41,33.33,21.43,7.14,10,18.18,27.27,12.5,7.14,7.14,27.27,"","","","","",""
http://statistics.gov.scot/id/statistical-geography/S01004604,S01004604,20,0,0,0,0,40,33.33,33.33,0,0,14.29,16.67,"","","","","",""
http://statistics.gov.scot/id/statistical-geography/S01004605,S01004605,46.67,60,53.33,46.15,33.33,30.77,28.57,28.57,22.22,14.29,8.33,10,"","","","","",""
http://statistics.gov.scot/id/statistical-geography/S01004606,S01004606,23.53,18.75,8.33,9.09,12.5,10,14.29,25,30,18.18,10,0,"","","","","",""
http://statistics.gov.scot/id/statistical-geography/S01004607,S01004607,0,10,8.33,13.33,9.09,12.5,25,14.29,12.5,0,0,18.18,"","","","","",""
http://statistics.gov.scot/id/statistical-geography/S01004608,S01004608,18.18,14.29,5.56,7.14,0,9.09,21.05,21.74,10.81,5.13,7.5,10.71,"","","","","",""
http://statistics.gov.scot/id/statistical-geography/S01004609,S01004609,30,18.18,30,33.33,42.86,33.33,20,20,16.67,14.29,25,33.33,"","","","","",""
http://statistics.gov.scot/id/statistical-geography/S01004610,S01004610,12.5,25,42.86,42.86,46.15,33.33,33.33,40,53.33,58.33,40,28.57,"","","","","",""
http://statistics.gov.scot/id/statistical-geography/S01004611,S01004611,0,7.69,20,21.43,18.18,11.11,11.11,18.18,11.76,15.79,11.76,8.33,"","","","","",""
http://statistics.gov.scot/id/statistical-geography/S01004612,S01004612,30,20,17.65,21.05,23.81,33.33,26.67,18.75,7.14,9.52,10.53,8.33,"","","","","",""
http://statistics.gov.scot/id/statistical-geography/S01004613,S01004613,14.29,20,21.74,8.33,6.9,6.25,7.32,4.35,4.55,11.36,15.79,12.5,"","","","","",""
http://statistics.gov.scot/id/statistical-geography/S01004614,S01004614,26.67,35.29,31.25,30.77,25,25,11.11,8.33,6.67,6.67,9.09,0,"","","","","",""
http://statistics.gov.scot/id/statistical-geography/S01004615,S01004615,22.22,15.38,20,15.38,23.08,20,23.81,31.82,20.83,17.65,0,0,"","","","","",""
http://statistics.gov.scot/id/statistical-geography/S01004616,S01004616,11.76,17.65,16.67,17.65,16.67,6.67,0,0,0,10,14.29,12.5,"","","","","",""
http://statistics.gov.scot/id/statistical-geography/S01004617,S01004617,42.86,43.75,50,45.45,30,50,33.33,27.27,33.33,35.71,28.57,17.65,"","","","","",""
http://statistics.gov.scot/id/statistical-geography/S01004618,S01004618,14.29,20,36.36,41.67,46.67,41.18,41.18,20,12.5,16.67,27.27,23.08,"","","","","",""
http://statistics.gov.scot/id/statistical-geography/S01004619,S01004619,27.78,33.33,29.41,33.33,29.41,38.89,35.71,33.33,18.18,10,0,0,"","","","","",""
http://statistics.gov.scot/id/statistical-geography/S01004620,S01004620,26.67,23.68,29.41,17.24,23.08,23.08,16.67,7.14,8.7,11.11,11.11,7.69,"","","","","",""
http://statistics.gov.scot/id/statistical-geography/S01004621,S01004621,15.38,37.5,28.57,14.29,11.11,18.18,16.67,7.69,0,0,0,0,"","","","","",""
http://statistics.gov.scot/id/statistical-geography/S01004622,S01004622,27.27,16.67,5.26,8.7,10.53,13.33,0,0,0,5.88,8.33,11.11,"","","","","",""
http://statistics.gov.scot/id/statistical-geography/S01004623,S01004623,9.52,11.11,8.33,17.86,20,20,10,7.69,11.11,13.04,12.5,10.53,"","","","","",""
http://statistics.gov.scot/id/statistical-geography/S01004624,S01004624,15.79,26.32,28.57,22.22,16,12.5,20,20.83,20.83,12.5,11.11,12.5,"","","","","",""
http://statistics.gov.scot/id/statistical-geography/S01004625,S01004625,19.05,14.29,21.05,7.69,22.22,36.36,45.45,30.77,13.33,15.38,23.08,33.33,"","","","","",""
http://statistics.gov.scot/id/statistical-geography/S01004626,S01004626,28.57,11.11,17.24,21.88,18.92,15.79,6.38,3.77,1.92,1.89,6,6.98,"","","","","",""
http://statistics.gov.scot/id/statistical-geography/S01004627,S01004627,8.33,10.53,12.5,11.11,12.5,0,11.11,14.29,20,16.67,16.67,14.29,"","","","","",""
http://statistics.gov.scot/id/statistical-geography/S01004628,S01004628,42.86,42.86,33.33,28.57,25,57.14,66.67,80,50,22.22,10,0,"","","","","",""
http://statistics.gov.scot/id/statistical-geography/S01004629,S01004629,3.57,7.41,3.57,5.88,0,0,0,0,0,0,0,9.09,"","","","","",""
http://statistics.gov.scot/id/statistical-geography/S01004630,S01004630,0,0,0,0,0,9.09,27.27,30.77,20,7.69,0,0,"","","","","",""
http://statistics.gov.scot/id/statistical-geography/S01004631,S01004631,21.43,27.27,36.36,37.5,33.33,27.27,25,27.27,16.67,16.67,6.25,0,"","","","","",""
http://statistics.gov.scot/id/statistical-geography/S01004632,S01004632,58.33,69.23,66.67,60,37.5,40,36.84,39.13,34.62,28,22.73,25,"","","","","",""
http://statistics.gov.scot/id/statistical-geography/S01004633,S01004633,7.69,9.09,0,9.09,7.14,9.09,10,28.57,30,25,11.11,0,"","","","","",""
http://statistics.gov.scot/id/statistical-geography/S01004634,S01004634,21.05,11.11,5.26,5.88,9.09,9.52,12.5,18.18,36.36,38.46,23.53,11.76,"","","","","",""
http://statistics.gov.scot/id/statistical-geography/S01004635,S01004635,45.45,41.67,30.77,27.27,20,30,33.33,31.25,28.57,23.08,33.33,23.08,"","","","","",""
http://statistics.gov.scot/id/statistical-geography/S01004636,S01004636,14.29,30,22.22,37.5,33.33,36.36,23.08,16.67,18.75,20,42.86,28.57,"","","","","",""
http://statistics.gov.scot/id/statistical-geography/S01004637,S01004637,20,20,0,0,0,0,16.67,12.5,16.67,12.5,20,9.09,"","","","","",""
http://statistics.gov.scot/id/statistical-geography/S01004638,S01004638,33.33,36.36,30,37.5,40,33.33,25,14.29,20,25,33.33,28.57,"","","","","",""
http://statistics.gov.scot/id/statistical-geography/S01004639,S01004639,50,75,50,50,50,66.67,37.5,30.77,25,30.77,18.18,20,"","","","","",""
http://statistics.gov.scot/id/statistical-geography/S01004640,S01004640,33.33,40,20,33.33,33.33,36.36,44.44,37.5,33.33,14.29,11.11,10,"","","","","",""
http://statistics.gov.scot/id/statistical-geography/S01004641,S01004641,22.22,12.5,11.11,28.57,25,20,10,11.11,16.67,0,0,0,"","","","","",""
http://statistics.gov.scot/id/statistical-geography/S01004642,S01004642,23.08,35.71,37.5,30.77,26.67,25,25,20,22.22,14.29,0,10,"","","","","",""
http://statistics.gov.scot/id/statistical-geography/S01004643,S01004643,50,40,30,30,25,33.33,50,42.86,33.33,0,14.29,28.57,"","","","","",""
http://statistics.gov.scot/id/statistical-geography/S01004644,S01004644,18.75,12.5,15.38,0,0,0,11.11,10,16.67,9.09,18.18,22.22,"","","","","",""
http://statistics.gov.scot/id/statistical-geography/S01004645,S01004645,19.35,25,23.53,37.5,34.78,35,18.18,9.52,15.79,26.67,33.33,42.86,"","","","","",""
http://statistics.gov.scot/id/statistical-geography/S01004646,S01004646,33.33,14.29,0,11.11,8.33,8.33,0,0,14.29,14.29,42.86,20,"","","","","",""
http://statistics.gov.scot/id/statistical-geography/S01004647,S01004647,18.18,27.27,25,11.11,8.33,6.25,15.79,16.67,23.53,18.75,17.65,18.75,"","","","","",""
http://statistics.gov.scot/id/statistical-geography/S01004648,S01004648,35.29,38.46,36.36,35.71,26.67,31.25,15.38,22.22,26.09,20.69,22.22,26.09,"","","","","",""
http://statistics.gov.scot/id/statistical-geography/S01004649,S01004649,0,0,0,8.33,16.67,15.38,13.33,11.11,18.75,25,28.57,20,"","","","","",""
http://statistics.gov.scot/id/statistical-geography/S01004650,S01004650,25,44.44,37.5,36.36,33.33,40,33.33,11.11,0,0,0,0,"","","","","",""
http://statistics.gov.scot/id/statistical-geography/S01004651,S01004651,25,0,0,16.67,30,38.46,35.71,23.81,20,12.5,25,20,"","","","","",""
http://statistics.gov.scot/id/statistical-geography/S01004652,S01004652,13.64,10.71,11.11,7.14,8,6.67,14.29,8.33,9.52,10,10.53,7.69,"","","","","",""
http://statistics.gov.scot/id/statistical-geography/S01004653,S01004653,20,0,0,0,0,0,11.11,18.18,30,44.44,63.64,66.67,"","","","","",""
http://statistics.gov.scot/id/statistical-geography/S01004654,S01004654,33.33,18.18,9.09,16.67,20,30,20,13.64,13.04,12.5,15.38,18.18,"","","","","",""
http://statistics.gov.scot/id/statistical-geography/S01004655,S01004655,29.17,26.92,25,27.27,21.05,20,23.53,36,30,30.77,15.79,13.33,"","","","","",""
http://statistics.gov.scot/id/statistical-geography/S01004656,S01004656,55.56,66.67,66.67,80,88.89,88.89,50,16.67,30,36.36,25,25,"","","","","",""
http://statistics.gov.scot/id/statistical-geography/S01004657,S01004657,0,0,10,11.11,6.25,0,5,18.18,27.78,21.05,8.33,0,"","","","","",""
http://statistics.gov.scot/id/statistical-geography/S01004658,S01004658,21.74,22.73,15,21.43,25,31.25,23.53,26.32,17.65,16.67,5.56,6.67,"","","","","",""
http://statistics.gov.scot/id/statistical-geography/S01004659,S01004659,33.33,16.67,33.33,40,50,50,0,0,14.29,16.67,25,16.67,"","","","","",""
http://statistics.gov.scot/id/statistical-geography/S01004660,S01004660,5,14.29,13.04,10.53,11.11,18.75,29.41,23.53,20,12.5,7.14,0,"","","","","",""
http://statistics.gov.scot/id/statistical-geography/S01004661,S01004661,25,25,28.57,27.27,40,47.06,43.75,36.36,0,7.14,13.33,21.43,"","","","","",""
http://statistics.gov.scot/id/statistical-geography/S01004662,S01004662,33.33,31.82,29.41,26.67,25,23.53,16.67,18.18,11.11,0,0,37.5,"","","","","",""
http://statistics.gov.scot/id/statistical-geography/S01004663,S01004663,25,16.67,25,40,42.86,37.5,18.18,11.11,12.5,14.29,16.67,10,"","","","","",""
http://statistics.gov.scot/id/statistical-geography/S01004664,S01004664,0,0,0,0,0,0,0,14.29,20,12.5,0,0,"","","","","",""
http://statistics.gov.scot/id/statistical-geography/S01004665,S01004665,52.94,38.46,50,45.45,58.33,38.46,33.33,33.33,35.71,25,9.09,0,"","","","","",""
http://statistics.gov.scot/id/statistical-geography/S01004666,S01004666,35.71,36.36,22.22,0,0,25,25,33.33,30.77,27.78,25,9.09,"","","","","",""
http://statistics.gov.scot/id/statistical-geography/S01004667,S01004667,37.5,25,20,13.64,11.76,9.09,33.33,41.67,36.36,30,0,0,"","","","","",""
http://statistics.gov.scot/id/statistical-geography/S01004668,S01004668,5.26,5,5.88,0,0,0,0,0,0,0,0,0,"","","","","",""
http://statistics.gov.scot/id/statistical-geography/S01004669,S01004669,18.18,22.22,14.29,20,10,8.33,10,16.67,22.22,20,10,12.5,"","","","","",""
http://statistics.gov.scot/id/statistical-geography/S01004670,S01004670,30.77,28.57,26.67,27.78,22.22,18.75,12.5,7.14,6.25,5.88,12.5,22.22,"","","","","",""
http://statistics.gov.scot/id/statistical-geography/S01004671,S01004671,6.67,11.76,11.76,13.33,14.29,20,8.33,0,0,6.25,8.33,8.33,"","","","","",""
http://statistics.gov.scot/id/statistical-geography/S01004672,S01004672,18.18,37.5,30,9.09,0,0,12.5,12.5,33.33,36.36,45.45,45.45,"","","","","",""
http://statistics.gov.scot/id/statistical-geography/S01004673,S01004673,33.33,35.29,35.71,45.45,30,23.08,14.29,20,27.78,35.29,38.46,41.67,"","","","","",""
http://statistics.gov.scot/id/statistical-geography/S01004674,S01004674,0,0,12.5,22.22,30,22.22,14.29,16.67,37.5,36.36,25,11.76,"","","","","",""
http://statistics.gov.scot/id/statistical-geography/S01004675,S01004675,5.26,11.76,17.65,25,28.57,28.57,44.44,42.86,52.94,37.5,30,18.18,"","","","","",""
http://statistics.gov.scot/id/statistical-geography/S01004676,S01004676,6.25,6.25,15.38,11.11,14.29,0,11.11,9.09,23.08,13.33,12.5,0,"","","","","",""
http://statistics.gov.scot/id/statistical-geography/S01004677,S01004677,14.29,18.18,8.33,11.76,6.67,6.25,0,16.67,14.29,17.65,20,23.08,"","","","","",""
http://statistics.gov.scot/id/statistical-geography/S01004678,S01004678,17.65,17.65,25,18.75,13.33,6.25,6.25,5.88,0,0,0,11.11,"","","","","",""
http://statistics.gov.scot/id/statistical-geography/S01004679,S01004679,16.67,30,30,23.08,12.5,0,16.67,12.5,11.11,0,25,16.67,"","","","","",""
http://statistics.gov.scot/id/statistical-geography/S01004680,S01004680,25,25,26.67,42.86,42.86,30,35.29,30,26.32,12.5,15,20,"","","","","",""
http://statistics.gov.scot/id/statistical-geography/S01004681,S01004681,5.88,10,14.29,15.38,11.76,7.69,0,11.76,10.53,20,6.67,5.88,"","","","","",""
http://statistics.gov.scot/id/statistical-geography/S01004682,S01004682,18.18,10,12.5,0,16.67,33.33,37.5,40,33.33,14.29,22.22,10,"","","","","",""
http://statistics.gov.scot/id/statistical-geography/S01004683,S01004683,0,0,0,0,0,0,0,0,0,0,0,0,"","","","","",""
http://statistics.gov.scot/id/statistical-geography/S01004684,S01004684,25,12.5,22.22,10,8.33,0,0,0,0,3.23,3.45,4.17,"","","","","",""
http://statistics.gov.scot/id/statistical-geography/S01004685,S01004685,0,0,0,0,0,12.5,16.67,22.22,22.22,30,33.33,25,"","","","","",""
http://statistics.gov.scot/id/statistical-geography/S01004686,S01004686,22.22,42.86,55.56,44.44,36.36,25,23.53,25,30.77,50,30,27.27,"","","","","",""
http://statistics.gov.scot/id/statistical-geography/S01004687,S01004687,22.22,20,12.5,14.29,33.33,33.33,26.67,16.67,17.65,13.33,9.09,0,"","","","","",""
http://statistics.gov.scot/id/statistical-geography/S01004688,S01004688,6.25,0,0,0,0,0,0,12.5,11.11,8.33,0,0,"","","","","",""
http://statistics.gov.scot/id/statistical-geography/S01004689,S01004689,30,14.29,25,0,11.11,14.29,18.18,25,15.38,18.75,5,5.88,"","","","","",""
http://statistics.gov.scot/id/statistical-geography/S01004690,S01004690,10,10,0,0,8.33,7.14,7.14,0,0,11.11,10,10,"","","","","",""
http://statistics.gov.scot/id/statistical-geography/S01004691,S01004691,0,0,0,0,0,0,0,0,0,0,0,10,"","","","","",""
http://statistics.gov.scot/id/statistical-geography/S01004692,S01004692,8.33,7.14,18.18,20,14.29,0,0,23.08,25,37.5,0,0,"","","","","",""
http://statistics.gov.scot/id/statistical-geography/S01004693,S01004693,40,33.33,16.67,11.11,0,0,0,0,0,12.5,11.11,16.67,"","","","","",""
http://statistics.gov.scot/id/statistical-geography/S01004694,S01004694,28.57,22.22,20,0,0,0,0,0,14.29,22.22,30,33.33,"","","","","",""
http://statistics.gov.scot/id/statistical-geography/S01004695,S01004695,0,0,0,0,0,0,0,0,0,10,14.29,11.11,"","","","","",""
http://statistics.gov.scot/id/statistical-geography/S01004696,S01004696,40,40,45.45,33.33,31.58,23.81,17.39,6.67,13.33,15.38,6.67,7.69,"","","","","",""
http://statistics.gov.scot/id/statistical-geography/S01004697,S01004697,16.67,33.33,25,25,0,14.29,12.5,11.11,11.11,14.29,20,0,"","","","","",""
http://statistics.gov.scot/id/statistical-geography/S01004698,S01004698,0,0,7.69,6.25,6.25,12.5,13.33,16.67,9.09,6.25,5.56,0,"","","","","",""
http://statistics.gov.scot/id/statistical-geography/S01004699,S01004699,31.25,18.75,12.5,20,14.29,17.65,7.69,23.53,20,22.22,7.14,25,"","","","","",""
http://statistics.gov.scot/id/statistical-geography/S01004700,S01004700,33.33,33.33,10,14.29,7.69,9.09,0,15.38,15.38,18.18,18.18,20,"","","","","",""
http://statistics.gov.scot/id/statistical-geography/S01004701,S01004701,0,3.45,3.57,7.14,3.7,4.35,0,0,0,0,0,0,"","","","","",""
http://statistics.gov.scot/id/statistical-geography/S01004702,S01004702,0,20,22.22,20,11.11,14.29,12.5,11.11,0,0,0,0,"","","","","",""
http://statistics.gov.scot/id/statistical-geography/S01004703,S01004703,0,0,0,0,0,5.88,5,6.67,6.25,8.33,13.33,5.88,"","","","","",""
http://statistics.gov.scot/id/statistical-geography/S01004704,S01004704,42.86,42.86,53.85,56.25,68.42,66.67,70,50,25,18.18,10,10,"","","","","",""
http://statistics.gov.scot/id/statistical-geography/S01004705,S01004705,7.69,10.53,8.33,8.33,12.5,20,30,28.57,12.5,0,10,11.11,"","","","","",""
http://statistics.gov.scot/id/statistical-geography/S01004706,S01004706,0,0,0,0,2.44,2.33,6.67,5.77,6.25,4.26,5.88,5.56,"","","","","",""
http://statistics.gov.scot/id/statistical-geography/S01004707,S01004707,10,18.18,45.45,33.33,33.33,8.33,11.76,13.33,12.5,15.38,22.22,21.43,"","","","","",""
http://statistics.gov.scot/id/statistical-geography/S01004708,S01004708,45.45,28.57,13.33,18.18,22.22,37.5,33.33,50,12.5,11.11,0,0,"","","","","",""
http://statistics.gov.scot/id/statistical-geography/S01004709,S01004709,25,10,0,0,12.5,22.22,40,50,0,0,0,0,"","","","","",""
http://statistics.gov.scot/id/statistical-geography/S01004710,S01004710,33.33,33.33,27.27,18.18,7.69,0,0,0,0,0,0,0,"","","","","",""
http://statistics.gov.scot/id/statistical-geography/S01004711,S01004711,20,23.53,26.32,25,23.08,27.78,31.25,31.58,20,21.05,31.58,37.5,"","","","","",""
http://statistics.gov.scot/id/statistical-geography/S01004712,S01004712,66.67,50,0,0,33.33,20,25,16.67,16.67,0,0,0,"","","","","",""
http://statistics.gov.scot/id/statistical-geography/S01004713,S01004713,50,30,28.57,16.67,33.33,35.71,28.57,30,25,41.67,33.33,38.46,"","","","","",""
http://statistics.gov.scot/id/statistical-geography/S01004714,S01004714,0,10,8.33,11.11,18.75,36.36,45.45,25,14.29,7.69,10,10,"","","","","",""
http://statistics.gov.scot/id/statistical-geography/S01004715,S01004715,0,6.67,11.11,11.54,13.33,11.11,7.89,8.57,8.11,9.68,8.82,10.71,"","","","","",""
http://statistics.gov.scot/id/statistical-geography/S01004716,S01004716,33.33,37.5,50,33.33,20,22.22,12.5,9.09,0,7.69,11.11,16.67,"","","","","",""
http://statistics.gov.scot/id/statistical-geography/S01004717,S01004717,25,30.77,36.36,33.33,25,14.29,16.67,19.05,17.65,22.22,12.5,13.64,"","","","","",""
http://statistics.gov.scot/id/statistical-geography/S01004718,S01004718,42.86,36.36,16.67,31.25,25,21.43,18.75,15.79,21.43,0,0,0,"","","","","",""
http://statistics.gov.scot/id/statistical-geography/S01004719,S01004719,28.57,27.27,35.71,17.65,10.53,0,4.17,15.79,18.75,12.5,0,10,"","","","","",""
http://statistics.gov.scot/id/statistical-geography/S01004720,S01004720,36.36,30,37.5,44.44,40,20,10,20,23.08,31.25,27.27,30.77,"","","","","",""
http://statistics.gov.scot/id/statistical-geography/S01004721,S01004721,0,0,0,0,0,8.33,16.67,20,12.5,0,0,0,"","","","","",""
http://statistics.gov.scot/id/statistical-geography/S01004722,S01004722,33.33,33.33,0,36.36,28.57,35.29,30.77,33.33,30,10,25,18.18,"","","","","",""
http://statistics.gov.scot/id/statistical-geography/S01004723,S01004723,0,0,0,0,9.09,25,28.57,25,14.29,11.11,14.29,16.67,"","","","","",""
http://statistics.gov.scot/id/statistical-geography/S01004724,S01004724,20,0,33.33,20,12.5,0,0,0,0,0,0,7.69,"","","","","",""
http://statistics.gov.scot/id/statistical-geography/S01004725,S01004725,0,0,0,9.52,16.67,19.05,18.75,11.76,13.33,18.75,22.22,27.78,"","","","","",""
http://statistics.gov.scot/id/statistical-geography/S01004726,S01004726,33.33,37.5,42.86,45.45,36.36,25,18.18,10,33.33,22.22,25,11.11,"","","","","",""
http://statistics.gov.scot/id/statistical-geography/S01004727,S01004727,25,25,17.65,20,13.33,12.5,33.33,37.5,27.27,0,7.14,8.33,"","","","","",""
http://statistics.gov.scot/id/statistical-geography/S01004728,S01004728,6.67,5.56,4.17,4,0,5,4.55,9.52,4.35,10,5.56,5.88,"","","","","",""
http://statistics.gov.scot/id/statistical-geography/S01004729,S01004729,8.33,21.43,25,31.25,21.05,30,29.41,33.33,27.27,21.43,30.77,23.08,"","","","","",""
http://statistics.gov.scot/id/statistical-geography/S01004730,S01004730,26.32,25,38.1,25,23.81,10.53,26.67,25,25,29.17,33.33,28.57,"","","","","",""
http://statistics.gov.scot/id/statistical-geography/S01004731,S01004731,19.05,26.32,33.33,50,22.22,23.53,22.73,20,6.67,16.67,18.75,30.77,"","","","","",""
http://statistics.gov.scot/id/statistical-geography/S01004732,S01004732,0,33.33,37.5,42.86,25,14.29,12.5,0,0,0,0,0,"","","","","",""
http://statistics.gov.scot/id/statistical-geography/S01004733,S01004733,31.25,33.33,35.71,27.27,30,22.22,40,28.57,20,20,25,25,"","","","","",""
http://statistics.gov.scot/id/statistical-geography/S01004734,S01004734,15.38,7.14,7.14,0,22.22,22.22,18.18,0,16.67,22.22,33.33,0,"","","","","",""
http://statistics.gov.scot/id/statistical-geography/S01004735,S01004735,7.14,10.53,11.11,5,10.53,14.29,20,9.09,0,6.67,5.88,7.69,"","","","","",""
http://statistics.gov.scot/id/statistical-geography/S01004736,S01004736,18.18,23.08,15.38,25,33.33,28.57,20,0,12.5,27.27,25,17.65,"","","","","",""
http://statistics.gov.scot/id/statistical-geography/S01004737,S01004737,15.38,7.14,7.14,15.38,21.43,27.27,25,15.38,7.14,8.33,11.11,25,"","","","","",""
http://statistics.gov.scot/id/statistical-geography/S01004738,S01004738,20,33.33,46.15,44.44,42.86,46.15,18.18,14.29,0,7.69,7.14,15.38,"","","","","",""
http://statistics.gov.scot/id/statistical-geography/S01004739,S01004739,16.67,22.22,0,11.11,14.29,16.67,20,12.5,14.29,0,0,0,"","","","","",""
http://statistics.gov.scot/id/statistical-geography/S01004740,S01004740,0,28.57,23.08,28.57,18.18,9.09,8.33,14.29,21.43,26.67,25,18.18,"","","","","",""
http://statistics.gov.scot/id/statistical-geography/S01004741,S01004741,0,0,9.09,25,25,37.5,12.5,10,7.14,22.22,21.05,18.75,"","","","","",""
http://statistics.gov.scot/id/statistical-geography/S01004742,S01004742,27.27,22.73,20,12,12.5,14.29,9.09,4.76,0,0,0,8.33,"","","","","",""
http://statistics.gov.scot/id/statistical-geography/S01004743,S01004743,7.14,3.57,3.45,0,0,0,0,0,0,0,0,8.33,"","","","","",""
http://statistics.gov.scot/id/statistical-geography/S01004744,S01004744,30,40,30.77,38.46,22.22,38.46,41.67,35.71,27.27,20,33.33,36.36,"","","","","",""
http://statistics.gov.scot/id/statistical-geography/S01004745,S01004745,30,31.25,33.33,31.58,28.57,30,38.46,56.25,45,38.46,22.22,14.29,"","","","","",""
http://statistics.gov.scot/id/statistical-geography/S01004746,S01004746,50,50,45.45,28.57,23.08,20,35.71,40,46.15,18.75,6.67,0,"","","","","",""
http://statistics.gov.scot/id/statistical-geography/S01004747,S01004747,20,0,14.29,20,11.11,0,0,0,0,0,0,0,"","","","","",""
http://statistics.gov.scot/id/statistical-geography/S01004748,S01004748,30,33.33,0,6.67,12.5,35.29,35.71,38.46,20,20,12.5,40,"","","","","",""
http://statistics.gov.scot/id/statistical-geography/S01004749,S01004749,5.56,8.7,4.76,5,0,0,0,0,4.35,4.76,13.04,11.76,"","","","","",""
http://statistics.gov.scot/id/statistical-geography/S01004750,S01004750,23.08,30,41.18,28.57,31.25,28.57,42.86,33.33,29.41,17.65,5.88,11.76,"","","","","",""
http://statistics.gov.scot/id/statistical-geography/S01004751,S01004751,45.45,40,50,50,47.37,27.78,25,29.41,29.41,26.67,21.05,17.65,"","","","","",""
http://statistics.gov.scot/id/statistical-geography/S01004752,S01004752,4.17,5.88,8.33,9.09,6.25,9.52,9.52,11.76,7.69,12.5,20,15.38,"","","","","",""
http://statistics.gov.scot/id/statistical-geography/S01004753,S01004753,30,45.45,50,44.44,37.5,44.44,41.67,33.33,23.08,25,35.29,36.84,"","","","","",""
http://statistics.gov.scot/id/statistical-geography/S01004754,S01004754,0,0,9.09,9.09,25,20,20,10,20,16.67,12.5,25,"","","","","",""
http://statistics.gov.scot/id/statistical-geography/S01004755,S01004755,36.36,44.44,40,33.33,33.33,25,14.29,0,0,0,0,8.33,"","","","","",""
http://statistics.gov.scot/id/statistical-geography/S01004756,S01004756,0,14.29,14.29,25,0,0,0,0,33.33,25,33.33,16.67,"","","","","",""
http://statistics.gov.scot/id/statistical-geography/S01004757,S01004757,20,15.79,14.29,16.67,25,18.18,11.11,11.11,30,33.33,25,9.09,"","","","","",""
http://statistics.gov.scot/id/statistical-geography/S01004758,S01004758,25,21.43,21.43,21.43,20,16.67,10,18.18,16.67,11.11,0,9.09,"","","","","",""
http://statistics.gov.scot/id/statistical-geography/S01004759,S01004759,0,7.14,8.33,6.25,6.25,6.67,8.33,0,0,0,0,5.88,"","","","","",""
http://statistics.gov.scot/id/statistical-geography/S01004760,S01004760,16.67,25,25,44.44,45.45,33.33,20,12.5,20,30,23.08,33.33,"","","","","",""
http://statistics.gov.scot/id/statistical-geography/S01004761,S01004761,0,0,22.22,28.57,57.14,60,50,25,0,16.67,9.09,22.22,"","","","","",""
http://statistics.gov.scot/id/statistical-geography/S01004762,S01004762,14.29,16.67,30,36.36,33.33,40,50,42.86,33.33,14.29,14.29,0,"","","","","",""
http://statistics.gov.scot/id/statistical-geography/S01004763,S01004763,6.25,7.14,4,0,6.25,6.67,5,0,0,0,0,0,"","","","","",""
http://statistics.gov.scot/id/statistical-geography/S01004764,S01004764,23.08,14.29,12.5,16.67,10,11.11,10,42.86,33.33,33.33,21.43,22.22,"","","","","",""
http://statistics.gov.scot/id/statistical-geography/S01004765,S01004765,9.09,9.09,5.88,16.67,21.05,33.33,26.67,26.67,24,17.39,10.71,0,"","","","","",""
http://statistics.gov.scot/id/statistical-geography/S01004766,S01004766,11.11,7.14,7.14,13.33,16.67,11.11,0,9.09,6.25,4.17,0,5.13,"","","","","",""
http://statistics.gov.scot/id/statistical-geography/S01004767,S01004767,20,0,0,14.29,11.11,16.67,11.11,11.11,0,0,6.25,7.69,"","","","","",""
http://statistics.gov.scot/id/statistical-geography/S01004768,S01004768,36.84,54.55,58.33,47.62,35.29,23.81,5.56,15,14.29,20,0,5.88,"","","","","",""
http://statistics.gov.scot/id/statistical-geography/S01004769,S01004769,0,16.67,28.57,22.22,10,18.18,22.22,28.57,16.67,20,22.22,27.27,"","","","","",""
http://statistics.gov.scot/id/statistical-geography/S01004770,S01004770,0,0,0,0,10,18.18,33.33,11.11,0,0,0,0,"","","","","",""
http://statistics.gov.scot/id/statistical-geography/S01004771,S01004771,0,0,0,0,0,11.11,8.33,10,0,0,0,0,"","","","","",""
http://statistics.gov.scot/id/statistical-geography/S01004772,S01004772,15.38,8.33,15.38,8.33,7.69,0,8.33,16.67,16.67,16.67,12.5,10,"","","","","",""
http://statistics.gov.scot/id/statistical-geography/S01004773,S01004773,60,57.14,72.73,63.64,54.55,42.86,63.64,61.54,43.75,30.77,25,25,"","","","","",""
http://statistics.gov.scot/id/statistical-geography/S01004774,S01004774,0,0,0,16.67,25,20,0,0,9.09,9.09,8.33,8.33,"","","","","",""
http://statistics.gov.scot/id/statistical-geography/S01004775,S01004775,5,15,31.58,35,33.33,41.67,38.46,43.75,52.94,47.37,36.36,21.05,"","","","","",""
http://statistics.gov.scot/id/statistical-geography/S01004776,S01004776,30,37.5,40,46.15,66.67,46.15,26.67,7.14,0,8.33,8.33,9.09,"","","","","",""
http://statistics.gov.scot/id/statistical-geography/S01004777,S01004777,0,0,0,0,0,0,0,7.14,6.67,7.14,0,0,"","","","","",""
http://statistics.gov.scot/id/statistical-geography/S01004778,S01004778,33.33,50,33.33,27.27,10,16.67,20,23.08,28.57,23.08,15.38,8.33,"","","","","",""
http://statistics.gov.scot/id/statistical-geography/S01004779,S01004779,27.78,38.46,25,50,25,23.08,16.67,22.22,25,37.5,42.86,25,"","","","","",""
http://statistics.gov.scot/id/statistical-geography/S01004780,S01004780,27.27,25,28.57,40,37.5,0,0,0,16.67,28.57,37.5,20,"","","","","",""
http://statistics.gov.scot/id/statistical-geography/S01004781,S01004781,11.11,12.5,25,8.33,11.76,11.11,23.08,25,16.67,7.69,0,0,"","","","","",""
http://statistics.gov.scot/id/statistical-geography/S01004782,S01004782,33.33,42.86,43.75,33.33,20,20,18.75,30.77,33.33,35,15.38,14.81,"","","","","",""
http://statistics.gov.scot/id/statistical-geography/S01004783,S01004783,0,0,0,0,0,0,0,0,0,0,0,0,"","","","","",""
http://statistics.gov.scot/id/statistical-geography/S01004784,S01004784,7.14,5.56,6.67,20,37.5,20,11.76,5,7.69,10,25,16.67,"","","","","",""
http://statistics.gov.scot/id/statistical-geography/S01004785,S01004785,50,44.44,50,45.45,44.44,15.38,26.67,23.53,33.33,18.18,20,15.38,"","","","","",""
http://statistics.gov.scot/id/statistical-geography/S01004786,S01004786,30,16.67,20,23.08,33.33,14.29,0,0,0,0,0,0,"","","","","",""
http://statistics.gov.scot/id/statistical-geography/S01004787,S01004787,5.88,5,0,0,0,4.76,5.26,12.5,5.26,11.11,10.53,16.67,"","","","","",""
http://statistics.gov.scot/id/statistical-geography/S01004788,S01004788,9.09,16.67,10,11.11,10,16.67,18.75,21.43,25,25,0,0,"","","","","",""
http://statistics.gov.scot/id/statistical-geography/S01004789,S01004789,26.32,25,35.29,25,31.25,14.29,15.38,0,6.67,5.56,5.88,0,"","","","","",""
http://statistics.gov.scot/id/statistical-geography/S01004790,S01004790,5.26,6.67,0,0,0,0,0,9.09,9.09,10,0,0,"","","","","",""
http://statistics.gov.scot/id/statistical-geography/S01004791,S01004791,5.56,15.38,18.18,16.67,0,8.33,13.33,11.76,5.88,0,0,25,"","","","","",""
http://statistics.gov.scot/id/statistical-geography/S01004792,S01004792,0,0,7.14,7.14,9.09,0,0,0,0,0,0,0,"","","","","",""
http://statistics.gov.scot/id/statistical-geography/S01004793,S01004793,11.11,15,11.76,0,0,0,0,0,0,6.25,7.69,6.67,"","","","","",""
http://statistics.gov.scot/id/statistical-geography/S01004794,S01004794,0,0,0,0,0,0,16.67,25,28.57,25,33.33,25,"","","","","",""
http://statistics.gov.scot/id/statistical-geography/S01004795,S01004795,35.71,40,23.53,17.65,26.67,36.36,38.46,25,15.79,5.56,0,0,"","","","","",""
http://statistics.gov.scot/id/statistical-geography/S01004796,S01004796,0,0,0,0,0,0,0,7.14,8.33,25,14.29,12.5,"","","","","",""
http://statistics.gov.scot/id/statistical-geography/S01004797,S01004797,0,0,33.33,20,30.77,28.57,28.57,23.08,10,11.11,7.69,7.69,"","","","","",""
http://statistics.gov.scot/id/statistical-geography/S01004798,S01004798,35.71,50,36.36,25,16.67,23.53,21.05,23.81,18.75,14.29,18.75,18.75,"","","","","",""
http://statistics.gov.scot/id/statistical-geography/S01004799,S01004799,16.67,33.33,40,42.86,22.22,30.77,27.27,20,14.29,25,20,12.5,"","","","","",""
http://statistics.gov.scot/id/statistical-geography/S01004800,S01004800,0,11.11,20,33.33,0,28.57,25,35.71,33.33,30.77,12.5,0,"","","","","",""
http://statistics.gov.scot/id/statistical-geography/S01004801,S01004801,28.57,0,0,0,7.69,8.33,18.18,7.14,6.67,5.56,7.69,7.69,"","","","","",""
http://statistics.gov.scot/id/statistical-geography/S01004802,S01004802,33.33,11.11,7.69,0,0,0,11.11,18.18,16.67,20,23.81,28.57,"","","","","",""
http://statistics.gov.scot/id/statistical-geography/S01004803,S01004803,50,37.5,33.33,25,14.29,25,18.75,19.05,22.73,38.89,42.86,27.27,"","","","","",""
http://statistics.gov.scot/id/statistical-geography/S01004804,S01004804,28.57,33.33,26.67,30,28.57,40,25,50,50,45.45,28.57,21.05,"","","","","",""
http://statistics.gov.scot/id/statistical-geography/S01004805,S01004805,41.67,40,50,35.71,41.67,25,30,18.18,15.38,16.67,8.33,20,"","","","","",""
http://statistics.gov.scot/id/statistical-geography/S01004806,S01004806,40,42.86,75,66.67,50,0,0,14.29,12.5,11.11,0,7.69,"","","","","",""
http://statistics.gov.scot/id/statistical-geography/S01004807,S01004807,41.67,46.15,50,16.67,0,22.22,27.27,25,20,12.5,25,0,"","","","","",""
http://statistics.gov.scot/id/statistical-geography/S01004808,S01004808,16.67,20,12.5,22.22,33.33,30,16.67,9.09,0,22.22,25,25,"","","","","",""
http://statistics.gov.scot/id/statistical-geography/S01004809,S01004809,11.11,11.11,0,0,0,14.29,16.67,16.67,0,0,0,0,"","","","","",""
http://statistics.gov.scot/id/statistical-geography/S01004810,S01004810,42.86,33.33,36.36,40,33.33,33.33,33.33,60,53.33,62.5,50,36.36,"","","","","",""
http://statistics.gov.scot/id/statistical-geography/S01004811,S01004811,36.36,36.36,42.86,25,40,100,33.33,25,10,16.67,10,15.38,"","","","","",""
http://statistics.gov.scot/id/statistical-geography/S01004812,S01004812,50,29.41,26.09,20,23.81,37.5,36.84,43.75,25,15.38,7.69,11.76,"","","","","",""
http://statistics.gov.scot/id/statistical-geography/S01004813,S01004813,62.5,57.14,20,0,6.67,14.29,17.65,21.43,30.77,37.5,33.33,14.29,"","","","","",""
http://statistics.gov.scot/id/statistical-geography/S01004814,S01004814,10,16.67,22.22,22.22,15.38,6.67,12.5,7.69,15.38,9.09,10,0,"","","","","",""
http://statistics.gov.scot/id/statistical-geography/S01004815,S01004815,0,0,0,3.7,6.9,6.45,9.38,4.55,4.17,2.04,4.65,5.88,"","","","","",""
http://statistics.gov.scot/id/statistical-geography/S01004816,S01004816,22.22,37.5,62.5,63.64,55.56,22.22,14.29,28.57,35.71,31.25,25,25,"","","","","",""
http://statistics.gov.scot/id/statistical-geography/S01004817,S01004817,50,37.5,36.36,12.5,12.5,18.18,13.33,20,25,33.33,30,11.11,"","","","","",""
http://statistics.gov.scot/id/statistical-geography/S01004818,S01004818,28.57,11.11,22.22,33.33,40,14.29,0,7.69,14.29,18.18,22.22,42.86,"","","","","",""
http://statistics.gov.scot/id/statistical-geography/S01004819,S01004819,50,33.33,22.22,25,42.86,37.5,37.5,25,14.29,14.29,12.5,20,"","","","","",""
http://statistics.gov.scot/id/statistical-geography/S01004820,S01004820,65.22,50,45.83,31.25,31.58,35.29,22.22,25,25,35.71,45.45,37.5,"","","","","",""
http://statistics.gov.scot/id/statistical-geography/S01004821,S01004821,27.27,15.38,14.29,14.29,35.71,31.25,31.25,21.05,22.73,20.69,20,14.81,"","","","","",""
http://statistics.gov.scot/id/statistical-geography/S01004822,S01004822,23.08,18.18,28.57,25,30,25,36.36,50,44.44,14.29,0,0,"","","","","",""
http://statistics.gov.scot/id/statistical-geography/S01004823,S01004823,16.67,7.69,7.14,7.69,7.14,11.11,10,12.5,8.33,18.18,16.67,10,"","","","","",""
http://statistics.gov.scot/id/statistical-geography/S01004824,S01004824,0,0,10,8.33,16.67,11.11,11.11,0,0,16.67,11.11,10,"","","","","",""
http://statistics.gov.scot/id/statistical-geography/S01004825,S01004825,25,60,40,37.5,22.22,0,0,0,33.33,20,33.33,25,"","","","","",""
http://statistics.gov.scot/id/statistical-geography/S01004826,S01004826,27.27,31.82,24.14,16.22,3.45,12.9,20,27.27,35.71,23.08,21.43,6.67,"","","","","",""
http://statistics.gov.scot/id/statistical-geography/S01004827,S01004827,10,9.09,14.29,11.76,16.67,11.11,30,30,33.33,33.33,37.5,42.86,"","","","","",""
http://statistics.gov.scot/id/statistical-geography/S01004828,S01004828,3.57,4.17,6.25,30,20,23.08,6.67,11.76,9.52,8.7,12.5,15,"","","","","",""
http://statistics.gov.scot/id/statistical-geography/S01004829,S01004829,16.67,22.22,27.27,26.67,21.43,20,14.29,20,21.43,18.18,12.5,16.67,"","","","","",""
http://statistics.gov.scot/id/statistical-geography/S01004830,S01004830,9.09,9.09,0,0,0,0,0,14.29,12.5,22.22,11.11,12.5,"","","","","",""
http://statistics.gov.scot/id/statistical-geography/S01004831,S01004831,0,11.11,10,10,0,0,11.11,9.09,8.33,0,0,0,"","","","","",""
http://statistics.gov.scot/id/statistical-geography/S01004832,S01004832,16.67,0,0,0,0,0,0,2.56,2.56,2.78,0,2.86,"","","","","",""
http://statistics.gov.scot/id/statistical-geography/S01004833,S01004833,25,21.43,27.27,13.33,12.5,5.26,7.14,7.14,21.43,23.08,13.33,0,"","","","","",""
http://statistics.gov.scot/id/statistical-geography/S01004834,S01004834,0,0,0,10,25,25,14.29,0,14.29,11.11,10,0,"","","","","",""
http://statistics.gov.scot/id/statistical-geography/S01004835,S01004835,30,16.67,14.29,10.53,10,11.11,6.25,8.33,7.14,6.67,4.55,0,"","","","","",""
http://statistics.gov.scot/id/statistical-geography/S01004836,S01004836,0,11.11,22.22,22.22,10,0,12.5,11.11,10,0,0,0,"","","","","",""
http://statistics.gov.scot/id/statistical-geography/S01004837,S01004837,33.33,28.57,25,36.36,41.67,41.18,26.67,15.38,12.5,12.5,25,20,"","","","","",""
http://statistics.gov.scot/id/statistical-geography/S01004838,S01004838,0,6.67,9.52,16,6.82,4,0,2,2.17,4.88,5.88,9.38,"","","","","",""
http://statistics.gov.scot/id/statistical-geography/S01004839,S01004839,6.25,7.69,14.29,14.29,6.25,12.5,12.5,18.18,11.11,10,8.33,6.25,"","","","","",""
http://statistics.gov.scot/id/statistical-geography/S01004840,S01004840,16.67,33.33,28.57,11.11,14.29,9.09,7.69,5.26,18.75,21.43,22.22,15.38,"","","","","",""
http://statistics.gov.scot/id/statistical-geography/S01004841,S01004841,6.67,10,16.67,0,12.5,8.33,9.09,25,33.33,33.33,14.29,10,"","","","","",""
http://statistics.gov.scot/id/statistical-geography/S01004842,S01004842,0,0,0,0,0,0,2.38,5,5.26,3.57,0,0,"","","","","",""
http://statistics.gov.scot/id/statistical-geography/S01004843,S01004843,37.5,25,14.29,36.36,35.71,33.33,26.67,31.25,38.46,38.46,41.67,44.44,"","","","","",""
http://statistics.gov.scot/id/statistical-geography/S01004844,S01004844,0,16.67,10,11.11,0,10,14.29,12.5,14.29,6.67,7.69,0,"","","","","",""
http://statistics.gov.scot/id/statistical-geography/S01004845,S01004845,25,25,20,14.29,0,0,12.5,20,11.11,0,0,12.5,"","","","","",""
http://statistics.gov.scot/id/statistical-geography/S01004846,S01004846,10,11.11,14.29,11.11,16.67,22.22,50,55.56,55.56,17.65,20,16.67,"","","","","",""
http://statistics.gov.scot/id/statistical-geography/S01004847,S01004847,7.69,0,0,0,0,0,0,0,0,0,0,0,"","","","","",""
http://statistics.gov.scot/id/statistical-geography/S01004848,S01004848,42.86,50,20,16.67,0,0,0,16.67,18.18,22.22,0,0,"","","","","",""
http://statistics.gov.scot/id/statistical-geography/S01004849,S01004849,0,0,0,0,9.09,23.08,28.57,38.46,23.08,16.67,0,0,"","","","","",""
http://statistics.gov.scot/id/statistical-geography/S01004850,S01004850,11.11,0,0,0,0,0,0,11.11,6.25,5.26,5.26,7.69,"","","","","",""
http://statistics.gov.scot/id/statistical-geography/S01004851,S01004851,35.29,36.36,27.27,25,18.18,14.29,6.25,18.75,21.43,50,50,57.14,"","","","","",""
http://statistics.gov.scot/id/statistical-geography/S01004852,S01004852,13.33,18.18,0,0,0,0,14.29,14.29,18.18,8.33,16.67,12.5,"","","","","",""
http://statistics.gov.scot/id/statistical-geography/S01004853,S01004853,0,0,0,0,0,0,11.11,10,14.29,14.29,33.33,28.57,"","","","","",""
http://statistics.gov.scot/id/statistical-geography/S01004854,S01004854,5,5.26,0,0,0,7.14,11.11,15,11.11,7.14,6.67,11.11,"","","","","",""
http://statistics.gov.scot/id/statistical-geography/S01004855,S01004855,11.11,0,0,0,0,6.25,6.67,6.25,0,7.69,15.38,25,"","","","","",""
http://statistics.gov.scot/id/statistical-geography/S01004856,S01004856,0,15.38,30,21.43,8.33,11.76,15.38,10.53,0,0,0,2.5,"","","","","",""
http://statistics.gov.scot/id/statistical-geography/S01004857,S01004857,0,5.26,5.56,21.43,27.27,23.08,21.43,16.67,14.29,0,0,0,"","","","","",""
http://statistics.gov.scot/id/statistical-geography/S01004858,S01004858,22.22,18.18,0,0,9.09,18.18,20,16.67,0,0,10,18.18,"","","","","",""
http://statistics.gov.scot/id/statistical-geography/S01004859,S01004859,13.33,14.29,8.33,0,0,0,0,0,0,0,20,7.14,"","","","","",""
http://statistics.gov.scot/id/statistical-geography/S01004860,S01004860,0,0,4.35,8,8.33,13.04,11.54,8.11,2.13,0,2.04,2.5,"","","","","",""
http://statistics.gov.scot/id/statistical-geography/S01004861,S01004861,15.38,14.29,0,7.14,7.14,5.88,0,0,9.09,9.09,7.69,0,"","","","","",""
http://statistics.gov.scot/id/statistical-geography/S01004862,S01004862,0,0,0,28.57,30,20,6.67,6.67,16.67,16.67,8.33,10,"","","","","",""
http://statistics.gov.scot/id/statistical-geography/S01004863,S01004863,16.67,10,0,0,0,0,28.57,28.57,50,20,12.5,0,"","","","","",""
http://statistics.gov.scot/id/statistical-geography/S01004864,S01004864,0,14.29,20,25,0,0,0,0,0,10,11.11,12.5,"","","","","",""
http://statistics.gov.scot/id/statistical-geography/S01004865,S01004865,25,10,0,0,0,0,0,0,0,10,8.33,6.25,"","","","","",""
http://statistics.gov.scot/id/statistical-geography/S01004866,S01004866,7.69,5.88,8.33,9.09,0,0,0,7.69,7.69,5.26,0,0,"","","","","",""
http://statistics.gov.scot/id/statistical-geography/S01004867,S01004867,0,0,0,0,0,0,16.67,9.09,11.11,9.09,16.67,20,"","","","","",""
http://statistics.gov.scot/id/statistical-geography/S01004868,S01004868,20,25,50,50,33.33,37.5,20,33.33,25,23.08,25,27.27,"","","","","",""
http://statistics.gov.scot/id/statistical-geography/S01004869,S01004869,20,25,16.67,11.11,8.33,0,0,16.67,11.11,14.29,0,0,"","","","","",""
http://statistics.gov.scot/id/statistical-geography/S01004870,S01004870,22.22,13.33,21.43,14.29,12.5,0,11.11,27.27,25,33.33,16.67,15.38,"","","","","",""
http://statistics.gov.scot/id/statistical-geography/S01004871,S01004871,31.25,37.5,33.33,0,0,7.14,14.29,18.18,21.43,15.79,21.05,18.75,"","","","","",""
http://statistics.gov.scot/id/statistical-geography/S01004872,S01004872,57.14,28.57,0,0,12.5,14.29,16.67,16.67,10,10,7.14,6.67,"","","","","",""
http://statistics.gov.scot/id/statistical-geography/S01004873,S01004873,0,0,0,0,0,0,0,33.33,14.29,25,16.67,25,"","","","","",""
http://statistics.gov.scot/id/statistical-geography/S01004874,S01004874,33.33,33.33,33.33,31.25,27.27,29.17,30,36.84,31.58,20,10.53,8,"","","","","",""
http://statistics.gov.scot/id/statistical-geography/S01004875,S01004875,15.38,10,6.67,6.67,0,0,0,0,0,12.5,11.11,25,"","","","","",""
http://statistics.gov.scot/id/statistical-geography/S01004876,S01004876,8.33,7.69,0,13.33,13.33,10.53,0,5.56,6.25,5.88,0,11.11,"","","","","",""
http://statistics.gov.scot/id/statistical-geography/S01004877,S01004877,33.33,25,14.29,0,0,0,0,0,20,30,37.5,16.67,"","","","","",""
http://statistics.gov.scot/id/statistical-geography/S01004878,S01004878,0,0,0,0,0,14.29,20,16.67,17.65,16.67,18.75,9.09,"","","","","",""
http://statistics.gov.scot/id/statistical-geography/S01004879,S01004879,33.33,28.57,16.67,12.5,37.5,44.44,50,44.44,33.33,11.11,12.5,16.67,"","","","","",""
http://statistics.gov.scot/id/statistical-geography/S01004880,S01004880,28.57,44.44,57.14,42.86,40,38.46,26.67,25,14.29,23.08,7.69,15.38,"","","","","",""
http://statistics.gov.scot/id/statistical-geography/S01004881,S01004881,20,28.57,0,14.29,14.29,14.29,0,0,7.69,13.33,16.67,14.29,"","","","","",""
http://statistics.gov.scot/id/statistical-geography/S01004882,S01004882,14.29,14.29,22.22,25,25,11.11,14.29,22.22,28.57,14.29,0,0,"","","","","",""
http://statistics.gov.scot/id/statistical-geography/S01004883,S01004883,13.33,11.76,12,12.12,9.38,5.13,2.44,8.51,14.63,11.76,6.45,6.15,"","","","","",""
http://statistics.gov.scot/id/statistical-geography/S01004884,S01004884,0,0,0,0,0,0,0,8.33,9.09,7.69,0,0,"","","","","",""
http://statistics.gov.scot/id/statistical-geography/S01004885,S01004885,42.86,22.22,28.57,37.5,50,35.71,33.33,21.43,20,0,16.67,25,"","","","","",""
http://statistics.gov.scot/id/statistical-geography/S01004886,S01004886,20,10,14.29,11.76,31.58,38.89,52.63,43.75,33.33,18.75,19.05,27.27,"","","","","",""
http://statistics.gov.scot/id/statistical-geography/S01004887,S01004887,14.29,50,40,33.33,25,40,40,16.67,0,0,0,25,"","","","","",""
http://statistics.gov.scot/id/statistical-geography/S01004888,S01004888,0,0,0,0,0,0,0,0,0,0,0,0,"","","","","",""
http://statistics.gov.scot/id/statistical-geography/S01004889,S01004889,0,11.11,30.77,36.36,30,22.22,16.67,15.38,7.69,5.88,12,10,"","","","","",""
http://statistics.gov.scot/id/statistical-geography/S01004890,S01004890,17.39,12,15.79,23.53,18.75,29.41,37.5,53.85,26.67,23.53,18.18,29.41,"","","","","",""
http://statistics.gov.scot/id/statistical-geography/S01004891,S01004891,25,33.33,35.29,33.33,18.18,18.18,16.67,35.71,27.78,33.33,15,12.5,"","","","","",""
http://statistics.gov.scot/id/statistical-geography/S01004892,S01004892,0,0,0,0,0,0,0,0,12.5,20,25,0,"","","","","",""
http://statistics.gov.scot/id/statistical-geography/S01004893,S01004893,7.14,8.33,10,0,0,15.79,18.75,23.08,18.18,28.57,33.33,44.44,"","","","","",""
http://statistics.gov.scot/id/statistical-geography/S01004894,S01004894,20,27.27,25,25,22.22,11.11,20,8.33,21.43,30.77,45.45,62.5,"","","","","",""
http://statistics.gov.scot/id/statistical-geography/S01004895,S01004895,35.29,18.75,20,25,41.18,36.84,28.57,11.76,13.33,25,20,8.33,"","","","","",""
http://statistics.gov.scot/id/statistical-geography/S01004896,S01004896,28.57,33.33,25,30.77,9.09,17.65,12.5,13.33,8.33,7.69,11.76,5.56,"","","","","",""
http://statistics.gov.scot/id/statistical-geography/S01004897,S01004897,0,0,12.5,20,20,0,0,0,0,0,0,0,"","","","","",""
http://statistics.gov.scot/id/statistical-geography/S01004898,S01004898,5.88,10.53,13.64,14.29,10,16.67,15.63,19.35,18.52,17.65,11.11,0,"","","","","",""
http://statistics.gov.scot/id/statistical-geography/S01004899,S01004899,14.29,20,30,31.25,31.25,37.5,25,23.08,7.14,7.69,0,5.88,"","","","","",""
http://statistics.gov.scot/id/statistical-geography/S01004900,S01004900,0,0,0,0,0,0,9.09,8.33,7.14,0,0,0,"","","","","",""
http://statistics.gov.scot/id/statistical-geography/S01004901,S01004901,10,11.11,18.18,27.27,37.5,25,25,22.22,24.14,20.83,15.79,18.75,"","","","","",""
http://statistics.gov.scot/id/statistical-geography/S01004902,S01004902,9.09,9.09,9.09,0,7.69,12.5,11.76,7.14,0,0,7.69,7.14,"","","","","",""
http://statistics.gov.scot/id/statistical-geography/S01004903,S01004903,12.5,9.09,0,0,0,0,0,0,14.29,14.29,16.67,0,"","","","","",""
http://statistics.gov.scot/id/statistical-geography/S01004904,S01004904,7.41,0,0,0,13.33,21.43,23.08,7.14,8.33,5.88,11.76,9.52,"","","","","",""
http://statistics.gov.scot/id/statistical-geography/S01004905,S01004905,20,16.67,20,17.65,16.67,12.5,17.65,11.76,20,15.38,22.73,12,"","","","","",""
http://statistics.gov.scot/id/statistical-geography/S01004906,S01004906,20,11.11,7.69,6.67,0,11.11,9.52,12.5,5,11.11,4.76,17.39,"","","","","",""
http://statistics.gov.scot/id/statistical-geography/S01004907,S01004907,0,0,0,0,0,0,7.69,9.09,9.09,0,0,0,"","","","","",""
http://statistics.gov.scot/id/statistical-geography/S01004908,S01004908,11.11,20,13.33,6.67,7.14,18.18,25,16.67,8.33,11.11,8.33,7.69,"","","","","",""
http://statistics.gov.scot/id/statistical-geography/S01004909,S01004909,7.14,5.26,13.64,8.7,18.75,12.5,13.33,6.67,8.33,10,20,11.11,"","","","","",""
http://statistics.gov.scot/id/statistical-geography/S01004910,S01004910,42.86,25,0,0,0,0,0,0,15.38,25,25,11.11,"","","","","",""
http://statistics.gov.scot/id/statistical-geography/S01004911,S01004911,0,0,0,0,0,0,0,0,0,4.17,4.17,4.55,"","","","","",""
http://statistics.gov.scot/id/statistical-geography/S01004912,S01004912,15.38,25,27.27,20,20,25,22.22,18.75,13.33,16.67,9.52,4.55,"","","","","",""
http://statistics.gov.scot/id/statistical-geography/S01004913,S01004913,40,20,28.57,20,11.11,16.67,22.22,25,18.18,11.11,11.11,0,"","","","","",""
http://statistics.gov.scot/id/statistical-geography/S01004914,S01004914,0,0,0,0,0,0,0,0,0,8.33,11.11,9.52,"","","","","",""
http://statistics.gov.scot/id/statistical-geography/S01004915,S01004915,11.11,20,18.18,10,0,10,33.33,40,41.67,33.33,21.43,20,"","","","","",""
http://statistics.gov.scot/id/statistical-geography/S01004916,S01004916,33.33,30,15.38,0,6.25,13.33,22.22,16.67,0,0,0,0,"","","","","",""
http://statistics.gov.scot/id/statistical-geography/S01004917,S01004917,6.25,5.56,5.26,6.67,14.29,11.76,10.53,10.53,20,16.67,11.11,16.67,"","","","","",""
http://statistics.gov.scot/id/statistical-geography/S01004918,S01004918,0,0,0,4.35,5,6.25,0,0,5.88,11.11,13.33,7.69,"","","","","",""
http://statistics.gov.scot/id/statistical-geography/S01004919,S01004919,0,14.29,22.22,16.67,7.14,0,4.17,3.7,4.55,4.76,11.11,20,"","","","","",""
http://statistics.gov.scot/id/statistical-geography/S01004920,S01004920,0,0,5,9.09,19.23,20,30,21.05,21.05,4.35,4.76,11.11,"","","","","",""
http://statistics.gov.scot/id/statistical-geography/S01004921,S01004921,25,31.25,31.25,20,15.38,18.18,16.67,21.43,14.29,13.33,0,0,"","","","","",""
http://statistics.gov.scot/id/statistical-geography/S01004922,S01004922,0,0,0,0,0,0,7.69,9.09,20,11.11,14.29,8.33,"","","","","",""
http://statistics.gov.scot/id/statistical-geography/S01004923,S01004923,5.26,3.85,4,4.76,7.69,12.5,18.75,21.05,20,7.69,0,0,"","","","","",""
http://statistics.gov.scot/id/statistical-geography/S01004924,S01004924,25,14.29,20,11.11,20,8.33,11.11,0,0,7.69,9.09,9.09,"","","","","",""
http://statistics.gov.scot/id/statistical-geography/S01004925,S01004925,0,0,0,0,0,0,0,0,0,0,0,0,"","","","","",""
http://statistics.gov.scot/id/statistical-geography/S01004926,S01004926,0,0,0,6.67,7.14,13.33,12.5,12.5,0,0,0,0,"","","","","",""
http://statistics.gov.scot/id/statistical-geography/S01004927,S01004927,4.55,0,0,8.33,7.14,6.25,0,5.88,6.25,11.76,6.25,5.56,"","","","","",""
http://statistics.gov.scot/id/statistical-geography/S01004928,S01004928,6.67,4.55,2.94,0,0,2.56,5.71,6.67,5,0,0,9.09,"","","","","",""
http://statistics.gov.scot/id/statistical-geography/S01004929,S01004929,14.29,0,0,0,0,0,0,0,0,16.67,12.5,11.11,"","","","","",""
http://statistics.gov.scot/id/statistical-geography/S01004930,S01004930,16.67,22.73,19.05,16.67,0,20,30,33.33,26.67,20,16.67,22.22,"","","","","",""
http://statistics.gov.scot/id/statistical-geography/S01004931,S01004931,13.33,7.69,0,0,6.9,11.11,15,20,13.33,16.67,5.26,12.5,"","","","","",""
http://statistics.gov.scot/id/statistical-geography/S01004932,S01004932,30.77,22.22,25,40,35.71,25,30.43,23.53,23.08,14.29,13.33,18.75,"","","","","",""
http://statistics.gov.scot/id/statistical-geography/S01004933,S01004933,6.25,15.38,25,37.5,9.09,6.25,10.53,12.5,20,28.57,30.77,33.33,"","","","","",""
http://statistics.gov.scot/id/statistical-geography/S01004934,S01004934,15.38,0,0,0,0,0,7.69,8.33,15.38,12.5,23.08,18.18,"","","","","",""
http://statistics.gov.scot/id/statistical-geography/S01004935,S01004935,0,0,0,0,0,0,25,40,40,20,0,0,"","","","","",""
http://statistics.gov.scot/id/statistical-geography/S01004936,S01004936,7.14,10,0,0,0,0,0,0,0,5.56,5,14.29,"","","","","",""
http://statistics.gov.scot/id/statistical-geography/S01004937,S01004937,0,12.5,12.5,25,22.22,30.77,29.41,25,14.29,0,10,50,"","","","","",""
http://statistics.gov.scot/id/statistical-geography/S01004938,S01004938,25,22.22,25,27.27,40,42.86,22.22,14.29,14.29,21.43,22.22,22.22,"","","","","",""
http://statistics.gov.scot/id/statistical-geography/S01004939,S01004939,33.33,16.67,0,28.57,23.08,21.05,22.22,20,33.33,25,33.33,15.38,"","","","","",""
http://statistics.gov.scot/id/statistical-geography/S01004940,S01004940,25,0,0,0,0,0,11.11,20,20,0,0,11.11,"","","","","",""
http://statistics.gov.scot/id/statistical-geography/S01004941,S01004941,57.14,55.56,44.44,44.44,33.33,31.58,34.78,37.5,55.56,37.5,28.57,12.5,"","","","","",""
http://statistics.gov.scot/id/statistical-geography/S01004942,S01004942,20,0,0,0,0,0,11.11,8.33,9.09,0,0,0,"","","","","",""
http://statistics.gov.scot/id/statistical-geography/S01004943,S01004943,27.27,20,0,9.09,7.14,5.26,9.09,9.09,23.53,14.29,22.22,10,"","","","","",""
http://statistics.gov.scot/id/statistical-geography/S01004944,S01004944,0,0,0,10,10,14.29,33.33,40,50,16.67,14.29,0,"","","","","",""
http://statistics.gov.scot/id/statistical-geography/S01004945,S01004945,0,0,0,0,0,0,0,0,0,0,0,0,"","","","","",""
http://statistics.gov.scot/id/statistical-geography/S01004946,S01004946,0,16.67,20,33.33,0,0,0,0,0,0,0,0,"","","","","",""
http://statistics.gov.scot/id/statistical-geography/S01004947,S01004947,0,0,0,0,0,0,0,0,0,0,0,0,"","","","","",""
http://statistics.gov.scot/id/statistical-geography/S01004948,S01004948,14.29,0,20,16.67,12.5,0,16.67,16.67,14.29,0,0,0,"","","","","",""
http://statistics.gov.scot/id/statistical-geography/S01004949,S01004949,0,0,0,0,0,0,0,0,0,0,0,0,"","","","","",""
http://statistics.gov.scot/id/statistical-geography/S01004950,S01004950,25,0,0,0,0,0,0,0,0,0,0,0,"","","","","",""
http://statistics.gov.scot/id/statistical-geography/S01004951,S01004951,16.67,37.5,40,45.45,30,33.33,20,0,40,33.33,22.22,0,"","","","","",""
http://statistics.gov.scot/id/statistical-geography/S01004952,S01004952,0,0,0,16.67,10,8.33,7.14,15.38,15.38,7.69,0,0,"","","","","",""
http://statistics.gov.scot/id/statistical-geography/S01004953,S01004953,14.29,11.11,18.18,26.67,18.75,17.65,5.56,11.76,5.26,18.75,18.75,38.46,"","","","","",""
http://statistics.gov.scot/id/statistical-geography/S01004954,S01004954,28.57,16.67,12.5,25,40,33.33,20,10,23.53,31.25,35.29,40,"","","","","",""
http://statistics.gov.scot/id/statistical-geography/S01004955,S01004955,0,14.29,12.5,11.11,0,0,0,0,0,0,0,16.67,"","","","","",""
http://statistics.gov.scot/id/statistical-geography/S01004956,S01004956,12.5,28.57,50,66.67,33.33,14.29,0,0,0,0,0,0,"","","","","",""
http://statistics.gov.scot/id/statistical-geography/S01004957,S01004957,0,0,0,0,0,0,0,0,12.5,6.67,7.69,0,"","","","","",""
http://statistics.gov.scot/id/statistical-geography/S01004958,S01004958,20,8.33,7.14,11.76,6.67,6.67,0,0,5.26,7.14,9.09,0,"","","","","",""
http://statistics.gov.scot/id/statistical-geography/S01004959,S01004959,0,20,14.29,26.67,25,35.71,30.77,18.18,11.11,0,12.5,10,"","","","","",""
http://statistics.gov.scot/id/statistical-geography/S01004960,S01004960,0,0,0,0,0,16.67,25,16.67,0,0,0,0,"","","","","",""
http://statistics.gov.scot/id/statistical-geography/S01004961,S01004961,0,12.5,20,23.08,20,15.38,33.33,27.27,36.36,7.69,10,0,"","","","","",""
http://statistics.gov.scot/id/statistical-geography/S01004962,S01004962,0,0,0,0,0,0,0,16.67,16.67,16.67,0,0,"","","","","",""
http://statistics.gov.scot/id/statistical-geography/S01004963,S01004963,18.18,25,14.29,16.67,0,20,20,16.67,0,0,0,0,"","","","","",""
http://statistics.gov.scot/id/statistical-geography/S01004964,S01004964,9.09,22.22,37.5,42.86,9.09,0,0,14.29,12.5,25,18.18,14.29,"","","","","",""
http://statistics.gov.scot/id/statistical-geography/S01004965,S01004965,0,0,0,0,0,0,0,0,0,0,0,0,"","","","","",""
http://statistics.gov.scot/id/statistical-geography/S01004966,S01004966,33.33,28.57,20,11.11,0,0,0,0,7.69,6.67,16.67,0,"","","","","",""
http://statistics.gov.scot/id/statistical-geography/S01004967,S01004967,14.29,16.67,0,0,0,0,16.67,16.67,11.76,0,7.14,12.5,"","","","","",""
http://statistics.gov.scot/id/statistical-geography/S01004968,S01004968,0,25,40,28.57,33.33,16.67,40,16.67,20,0,0,0,"","","","","",""
http://statistics.gov.scot/id/statistical-geography/S01004969,S01004969,16.67,50,33.33,0,0,0,20,20,16.67,25,40,33.33,"","","","","",""
http://statistics.gov.scot/id/statistical-geography/S01004970,S01004970,20,20,0,0,0,0,0,8.33,11.11,10,12.5,11.11,"","","","","",""
http://statistics.gov.scot/id/statistical-geography/S01004971,S01004971,16.67,25,50,25,20,18.18,16.67,16.67,0,25,20,20,"","","","","",""
http://statistics.gov.scot/id/statistical-geography/S01004972,S01004972,12.5,10,10,33.33,20,16.67,22.22,22.22,11.11,0,4.76,6.67,"","","","","",""
http://statistics.gov.scot/id/statistical-geography/S01004973,S01004973,16.67,23.08,20,14.29,0,0,0,0,20,14.29,12.5,0,"","","","","",""
http://statistics.gov.scot/id/statistical-geography/S01004974,S01004974,0,10,9.09,20,16.67,30,16.67,7.69,0,0,5.88,12.5,"","","","","",""
http://statistics.gov.scot/id/statistical-geography/S01004975,S01004975,0,0,0,0,0,0,0,0,20,16.67,20,20,"","","","","",""
http://statistics.gov.scot/id/statistical-geography/S01004976,S01004976,27.27,28.57,14.29,12.5,11.11,12.5,8.33,0,0,7.14,10.53,10.53,"","","","","",""
http://statistics.gov.scot/id/statistical-geography/S01004977,S01004977,20,22.22,22.22,22.22,18.18,9.09,10,12.5,16.67,22.22,25,22.22,"","","","","",""
http://statistics.gov.scot/id/statistical-geography/S01004978,S01004978,12.5,0,0,0,0,10,14.29,14.29,0,0,0,0,"","","","","",""
http://statistics.gov.scot/id/statistical-geography/S01004979,S01004979,0,0,0,0,0,0,0,0,0,0,0,12.5,"","","","","",""
http://statistics.gov.scot/id/statistical-geography/S01004980,S01004980,8.33,0,7.69,7.69,22.22,12.5,10,0,7.69,8.33,7.14,0,"","","","","",""
http://statistics.gov.scot/id/statistical-geography/S01004981,S01004981,0,0,0,0,0,0,6.25,8.33,9.09,0,0,0,"","","","","",""
http://statistics.gov.scot/id/statistical-geography/S01004982,S01004982,0,0,0,0,0,0,0,0,14.29,33.33,50,0,"","","","","",""
http://statistics.gov.scot/id/statistical-geography/S01004983,S01004983,16.67,28.57,25,25,12.5,33.33,30.77,25,14.29,13.33,8.33,9.09,"","","","","",""
http://statistics.gov.scot/id/statistical-geography/S01004984,S01004984,0,0,0,0,0,12.5,6.67,10,6.67,22.22,16.67,11.11,"","","","","",""
http://statistics.gov.scot/id/statistical-geography/S01004985,S01004985,0,0,0,0,12.5,11.11,7.69,0,0,0,0,6.67,"","","","","",""
http://statistics.gov.scot/id/statistical-geography/S01004986,S01004986,9.09,10,12.5,16.67,33.33,0,0,0,0,0,0,0,"","","","","",""
http://statistics.gov.scot/id/statistical-geography/S01004987,S01004987,12.5,10,10,0,0,0,0,0,0,0,0,0,"","","","","",""
http://statistics.gov.scot/id/statistical-geography/S01004988,S01004988,0,0,0,0,0,0,0,25,20,11.11,0,0,"","","","","",""
http://statistics.gov.scot/id/statistical-geography/S01004989,S01004989,0,0,0,0,0,0,0,0,0,0,0,0,"","","","","",""
http://statistics.gov.scot/id/statistical-geography/S01004990,S01004990,16.67,9.09,0,0,0,0,0,0,0,0,7.14,11.11,"","","","","",""
http://statistics.gov.scot/id/statistical-geography/S01004991,S01004991,11.11,9.09,7.69,6.25,7.69,0,0,14.29,12.5,14.29,0,0,"","","","","",""
http://statistics.gov.scot/id/statistical-geography/S01004992,S01004992,0,14.29,33.33,37.5,50,57.14,50,35.71,35.29,33.33,33.33,33.33,"","","","","",""
http://statistics.gov.scot/id/statistical-geography/S01004993,S01004993,0,0,0,0,0,0,0,0,0,0,0,0,"","","","","",""
http://statistics.gov.scot/id/statistical-geography/S01004994,S01004994,30.77,16.67,20,0,0,0,28.57,27.27,27.27,11.11,0,0,"","","","","",""
http://statistics.gov.scot/id/statistical-geography/S01004995,S01004995,15.38,22.22,20,16.67,14.29,14.29,0,10,8.33,8.33,18.18,44.44,"","","","","",""
http://statistics.gov.scot/id/statistical-geography/S01004996,S01004996,0,0,11.11,8.33,7.14,0,14.29,12.5,9.09,0,0,0,"","","","","",""
http://statistics.gov.scot/id/statistical-geography/S01004997,S01004997,11.11,11.11,8.33,0,0,0,0,10,11.11,9.09,0,0,"","","","","",""
http://statistics.gov.scot/id/statistical-geography/S01004998,S01004998,8.33,9.09,7.14,12.5,10,11.11,5.88,6.67,0,9.09,7.69,13.33,"","","","","",""
http://statistics.gov.scot/id/statistical-geography/S01004999,S01004999,0,0,0,25,14.29,20,0,0,0,0,0,25,"","","","","",""
http://statistics.gov.scot/id/statistical-geography/S01005000,S01005000,0,0,0,0,0,0,0,0,0,33.33,25,16.67,"","","","","",""
http://statistics.gov.scot/id/statistical-geography/S01005001,S01005001,0,0,0,0,0,0,0,0,0,9.09,7.14,5.56,"","","","","",""
http://statistics.gov.scot/id/statistical-geography/S01005002,S01005002,100,50,0,0,0,0,0,0,0,0,0,0,"","","","","",""
http://statistics.gov.scot/id/statistical-geography/S01005003,S01005003,0,11.11,8.33,15.79,11.76,14.29,8.33,6.67,6.25,0,0,6.67,"","","","","",""
http://statistics.gov.scot/id/statistical-geography/S01005004,S01005004,6.67,8.33,20,0,0,0,5.88,5,5,5.56,8.7,9.52,"","","","","",""
http://statistics.gov.scot/id/statistical-geography/S01005005,S01005005,16.67,0,10,9.09,22.22,14.29,28.57,9.09,10,0,0,0,"","","","","",""
http://statistics.gov.scot/id/statistical-geography/S01005006,S01005006,50,0,0,0,0,20,12.5,12.5,0,0,9.09,22.22,"","","","","",""
http://statistics.gov.scot/id/statistical-geography/S01005007,S01005007,0,0,0,20,25,25,0,0,0,0,0,0,"","","","","",""
http://statistics.gov.scot/id/statistical-geography/S01005008,S01005008,0,0,0,0,11.11,16.67,33.33,0,0,0,0,0,"","","","","",""
http://statistics.gov.scot/id/statistical-geography/S01005009,S01005009,0,0,0,0,0,0,0,0,0,10,8.33,7.14,"","","","","",""
http://statistics.gov.scot/id/statistical-geography/S01005010,S01005010,8.33,0,0,0,0,9.09,5.88,7.14,0,0,11.11,11.11,"","","","","",""
http://statistics.gov.scot/id/statistical-geography/S01005011,S01005011,0,16.67,16.67,28.57,33.33,33.33,33.33,20,16.67,10,7.69,15.38,"","","","","",""
http://statistics.gov.scot/id/statistical-geography/S01005012,S01005012,7.69,10,0,14.29,36.36,33.33,33.33,16.67,18.75,13.64,9.09,0,"","","","","",""
http://statistics.gov.scot/id/statistical-geography/S01005013,S01005013,66.67,37.5,20,15.38,20,27.27,18.18,11.11,12.5,42.86,37.5,33.33,"","","","","",""
http://statistics.gov.scot/id/statistical-geography/S01005014,S01005014,14.29,16.67,10,20,14.29,12.5,12.5,40,28.57,23.08,0,14.29,"","","","","",""
http://statistics.gov.scot/id/statistical-geography/S01005015,S01005015,0,0,0,0,0,0,0,0,16.67,14.29,20,0,"","","","","",""
http://statistics.gov.scot/id/statistical-geography/S01005016,S01005016,15.38,6.67,0,0,0,0,0,20,22.22,37.5,22.22,30,"","","","","",""
http://statistics.gov.scot/id/statistical-geography/S01005017,S01005017,0,14.29,33.33,33.33,0,0,0,0,0,0,0,0,"","","","","",""
http://statistics.gov.scot/id/statistical-geography/S01005018,S01005018,16.67,33.33,20,12.5,0,0,25,14.29,25,21.43,30,0,"","","","","",""
http://statistics.gov.scot/id/statistical-geography/S01005019,S01005019,8.33,12.5,14.29,7.69,10,12.5,18.18,20,18.75,12.5,7.14,0,"","","","","",""
http://statistics.gov.scot/id/statistical-geography/S01005020,S01005020,0,0,0,0,0,0,0,0,7.69,8.33,16.67,11.11,"","","","","",""
http://statistics.gov.scot/id/statistical-geography/S01005021,S01005021,0,0,25,28.57,40,33.33,22.22,18.18,0,0,0,25,"","","","","",""
http://statistics.gov.scot/id/statistical-geography/S01005022,S01005022,0,7.14,10,16.67,0,0,0,0,5.88,6.25,8.33,0,"","","","","",""
http://statistics.gov.scot/id/statistical-geography/S01005023,S01005023,16.67,0,0,0,0,0,0,14.29,16.67,20,14.29,14.29,"","","","","",""
http://statistics.gov.scot/id/statistical-geography/S01005024,S01005024,0,0,0,9.09,11.11,33.33,20,28.57,28.57,25,12.5,0,"","","","","",""
http://statistics.gov.scot/id/statistical-geography/S01005025,S01005025,0,0,0,20,16.67,20,0,0,25,20,11.11,0,"","","","","",""
http://statistics.gov.scot/id/statistical-geography/S01005026,S01005026,0,0,0,0,0,0,16.67,12.5,10,0,0,0,"","","","","",""
http://statistics.gov.scot/id/statistical-geography/S01005027,S01005027,0,8.33,7.14,6.25,0,0,0,0,0,0,0,20,"","","","","",""
http://statistics.gov.scot/id/statistical-geography/S01005028,S01005028,0,0,0,0,16.67,20,11.11,0,5.26,10.53,11.11,6.67,"","","","","",""
http://statistics.gov.scot/id/statistical-geography/S01005029,S01005029,0,0,0,0,0,10,5.56,10,3.85,8,4,5,"","","","","",""
http://statistics.gov.scot/id/statistical-geography/S01005030,S01005030,7.14,0,0,0,0,0,0,0,0,7.69,12.5,15.38,"","","","","",""
http://statistics.gov.scot/id/statistical-geography/S01005031,S01005031,10,11.11,0,0,11.11,10,9.09,12.5,12.5,11.11,9.52,9.09,"","","","","",""
http://statistics.gov.scot/id/statistical-geography/S01005032,S01005032,9.09,7.14,0,0,0,0,0,0,9.09,9.09,9.09,18.18,"","","","","",""
http://statistics.gov.scot/id/statistical-geography/S01005033,S01005033,16.67,11.11,5.88,0,0,0,0,0,14.29,14.29,16.67,0,"","","","","",""
http://statistics.gov.scot/id/statistical-geography/S01005034,S01005034,0,0,0,0,0,0,0,0,0,0,0,0,"","","","","",""
http://statistics.gov.scot/id/statistical-geography/S01005035,S01005035,7.14,10,0,7.69,10,9.09,5.26,0,0,0,0,0,"","","","","",""
http://statistics.gov.scot/id/statistical-geography/S01005036,S01005036,16.67,0,0,0,25,20,10,0,0,0,16.67,12.5,"","","","","",""
http://statistics.gov.scot/id/statistical-geography/S01005037,S01005037,14.29,8,9.09,15.79,17.65,15.38,10,13.79,15.63,11.54,7.69,8.33,"","","","","",""
http://statistics.gov.scot/id/statistical-geography/S01005038,S01005038,0,8.33,11.11,20,33.33,25,16.67,0,0,0,0,0,"","","","","",""
http://statistics.gov.scot/id/statistical-geography/S01005039,S01005039,15.38,7.69,12.5,0,0,0,0,0,0,0,16.67,20,"","","","","",""
http://statistics.gov.scot/id/statistical-geography/S01005040,S01005040,11.76,17.65,12.5,13.33,11.11,0,5.56,12,13.79,9.68,5.88,7.5,"","","","","",""
http://statistics.gov.scot/id/statistical-geography/S01005041,S01005041,28.57,30.77,38.46,36.36,30,33.33,33.33,20,6.25,4.55,8.7,6.25,"","","","","",""
http://statistics.gov.scot/id/statistical-geography/S01005042,S01005042,28.57,25,14.29,0,0,0,14.29,14.29,14.29,0,0,0,"","","","","",""
http://statistics.gov.scot/id/statistical-geography/S01005043,S01005043,0,0,0,0,0,20,12.5,12.5,25,41.67,33.33,42.11,"","","","","",""
http://statistics.gov.scot/id/statistical-geography/S01005044,S01005044,0,0,0,7.69,7.69,11.11,7.69,16.67,12.5,25,13.33,18.75,"","","","","",""
http://statistics.gov.scot/id/statistical-geography/S01005045,S01005045,5.56,5.56,6.67,0,0,0,0,7.69,8.33,9.09,0,0,"","","","","",""
http://statistics.gov.scot/id/statistical-geography/S01005046,S01005046,13.64,23.81,23.81,18.75,13.33,18.18,17.65,12.5,13.04,11.76,13.33,0,"","","","","",""
http://statistics.gov.scot/id/statistical-geography/S01005047,S01005047,22.22,18.75,16.67,10.53,12.5,15.38,18.18,14.29,12.82,15.79,14.29,9.09,"","","","","",""
http://statistics.gov.scot/id/statistical-geography/S01005048,S01005048,0,0,0,0,0,0,0,0,0,"",0,0,"","","","","",""
http://statistics.gov.scot/id/statistical-geography/S01005049,S01005049,35.71,30.77,46.15,28.57,17.65,12.5,14.29,20,15,17.65,13.04,13.64,"","","","","",""
http://statistics.gov.scot/id/statistical-geography/S01005050,S01005050,40,37.5,41.18,44.44,36.36,34.78,26.09,22.73,25.93,24,16.67,5.56,"","","","","",""
http://statistics.gov.scot/id/statistical-geography/S01005051,S01005051,6.67,7.69,6.25,0,0,9.09,9.09,10,8.33,7.69,12.5,8.33,"","","","","",""
http://statistics.gov.scot/id/statistical-geography/S01005052,S01005052,0,0,0,0,0,0,0,0,0,0,0,0,"","","","","",""
http://statistics.gov.scot/id/statistical-geography/S01005053,S01005053,33.33,38.46,25,20,33.33,30,46.15,50,46.67,22.73,15,16.67,"","","","","",""
http://statistics.gov.scot/id/statistical-geography/S01005054,S01005054,50,66.67,66.67,40,0,0,0,15.38,16.67,23.08,10,27.27,"","","","","",""
http://statistics.gov.scot/id/statistical-geography/S01005055,S01005055,22.22,0,0,0,0,14.29,11.11,18.18,18.18,28.57,15.79,13.33,"","","","","",""
http://statistics.gov.scot/id/statistical-geography/S01005056,S01005056,6.67,6.67,7.14,11.11,14.29,0,0,0,0,0,0,10,"","","","","",""
http://statistics.gov.scot/id/statistical-geography/S01005057,S01005057,35.29,38.46,31.25,41.67,40,46.15,25,21.43,31.25,36.36,21.43,9.09,"","","","","",""
http://statistics.gov.scot/id/statistical-geography/S01005058,S01005058,12.5,20,25,36.36,45.45,50,38.46,25,17.65,5.88,10.53,9.52,"","","","","",""
http://statistics.gov.scot/id/statistical-geography/S01005059,S01005059,20,20,40,20,25,0,33.33,20,20,0,20,30,"","","","","",""
http://statistics.gov.scot/id/statistical-geography/S01005060,S01005060,30.77,38.46,26.67,25,20,37.5,33.33,31.25,29.41,20,14.29,10,"","","","","",""
http://statistics.gov.scot/id/statistical-geography/S01005061,S01005061,21.05,15.38,7.69,16.67,20,16.67,0,0,0,16.67,16.67,6.67,"","","","","",""
http://statistics.gov.scot/id/statistical-geography/S01005062,S01005062,0,"",0,0,0,33.33,100,66.67,33.33,0,0,0,"","","","","",""
http://statistics.gov.scot/id/statistical-geography/S01005063,S01005063,7.69,13.33,14.29,8.33,0,0,0,0,0,0,0,0,"","","","","",""
http://statistics.gov.scot/id/statistical-geography/S01005064,S01005064,0,0,0,0,0,33.33,12.5,9.09,0,0,0,0,"","","","","",""
http://statistics.gov.scot/id/statistical-geography/S01005065,S01005065,7.69,6.67,5.26,19.05,36.84,35.29,18.75,8.7,9.68,11.43,6.98,4.76,"","","","","",""
http://statistics.gov.scot/id/statistical-geography/S01005066,S01005066,29.41,31.58,33.33,38.46,57.14,50,40,34.62,33.33,38.46,43.48,47.37,"","","","","",""
http://statistics.gov.scot/id/statistical-geography/S01005067,S01005067,0,0,0,0,0,0,0,0,0,0,0,0,"","","","","",""
http://statistics.gov.scot/id/statistical-geography/S01005068,S01005068,9.09,0,0,0,14.29,33.33,28.57,12.5,0,0,0,0,"","","","","",""
http://statistics.gov.scot/id/statistical-geography/S01005069,S01005069,40,33.33,54.55,60,75,50,28.57,22.22,25,28.57,57.14,37.5,"","","","","",""
http://statistics.gov.scot/id/statistical-geography/S01005070,S01005070,16.67,0,0,0,6.25,6.67,17.65,10.53,13.64,5,4.35,0,"","","","","",""
http://statistics.gov.scot/id/statistical-geography/S01005071,S01005071,52.63,53.85,54.55,54.55,44.44,45.45,50,46.15,55.56,40,25,33.33,"","","","","",""
http://statistics.gov.scot/id/statistical-geography/S01005072,S01005072,10,11.11,20,30,27.27,28.57,20,30.77,31.25,29.41,10,7.69,"","","","","",""
http://statistics.gov.scot/id/statistical-geography/S01005073,S01005073,0,20,25,33.33,0,0,0,0,0,0,0,0,"","","","","",""
http://statistics.gov.scot/id/statistical-geography/S01005074,S01005074,0,0,0,0,0,0,0,0,4.76,4.55,4.35,0,"","","","","",""
http://statistics.gov.scot/id/statistical-geography/S01005075,S01005075,60,44.44,50,16.67,0,16.67,16.67,14.29,16.67,28.57,33.33,20,"","","","","",""
http://statistics.gov.scot/id/statistical-geography/S01005076,S01005076,52.94,58.33,40,23.08,11.76,11.11,0,7.69,5.88,17.39,19.05,23.53,"","","","","",""
http://statistics.gov.scot/id/statistical-geography/S01005077,S01005077,4.55,5.88,3.33,3.13,0,5.26,3.85,3.57,0,4,4,7.69,"","","","","",""
http://statistics.gov.scot/id/statistical-geography/S01005078,S01005078,28.57,25,33.33,28.57,28.57,0,10,12.5,17.65,16.67,16.67,21.43,"","","","","",""
http://statistics.gov.scot/id/statistical-geography/S01005079,S01005079,50,40,0,0,14.29,33.33,33.33,0,20,28.57,28.57,28.57,"","","","","",""
http://statistics.gov.scot/id/statistical-geography/S01005080,S01005080,7.69,7.14,25,33.33,36.36,11.11,7.69,33.33,38.46,54.55,14.29,16.67,"","","","","",""
http://statistics.gov.scot/id/statistical-geography/S01005081,S01005081,20,27.27,9.09,15.38,13.33,22.22,14.29,25,20,17.65,14.29,25,"","","","","",""
http://statistics.gov.scot/id/statistical-geography/S01005082,S01005082,0,0,7.14,11.11,11.11,0,0,0,0,0,0,0,"","","","","",""
http://statistics.gov.scot/id/statistical-geography/S01005083,S01005083,28.57,12.5,0,0,0,0,16.67,14.29,12.5,0,0,0,"","","","","",""
http://statistics.gov.scot/id/statistical-geography/S01005084,S01005084,50,33.33,22.22,14.29,13.33,11.11,0,12.5,16.67,30,18.18,9.09,"","","","","",""
http://statistics.gov.scot/id/statistical-geography/S01005085,S01005085,18.18,25,28.57,0,0,0,0,0,14.29,11.11,10,0,"","","","","",""
http://statistics.gov.scot/id/statistical-geography/S01005086,S01005086,5.26,4.76,8.7,5.26,13.04,7.69,15.63,12.5,11.76,14.71,16.67,23.68,"","","","","",""
http://statistics.gov.scot/id/statistical-geography/S01005087,S01005087,0,0,0,0,0,0,0,0,16.67,33.33,25,0,"","","","","",""
http://statistics.gov.scot/id/statistical-geography/S01005088,S01005088,16.67,0,0,0,0,0,0,0,0,14.29,16.67,28.57,"","","","","",""
http://statistics.gov.scot/id/statistical-geography/S01005089,S01005089,16.67,0,0,0,0,0,50,16.67,14.29,0,0,14.29,"","","","","",""
http://statistics.gov.scot/id/statistical-geography/S01005090,S01005090,0,0,9.09,8.33,8.33,0,16.67,12.5,10,11.11,22.22,22.22,"","","","","",""
http://statistics.gov.scot/id/statistical-geography/S01005091,S01005091,16.67,0,0,0,16.67,25,16.67,0,0,0,50,100,"","","","","",""
http://statistics.gov.scot/id/statistical-geography/S01005092,S01005092,25,16.67,16.67,0,25,33.33,14.29,12.5,10,14.29,0,0,"","","","","",""
http://statistics.gov.scot/id/statistical-geography/S01005093,S01005093,20,20,25,30,33.33,22.22,11.11,18.18,18.18,12.5,9.09,10,"","","","","",""
http://statistics.gov.scot/id/statistical-geography/S01005094,S01005094,14.29,0,0,0,0,5.88,8.33,7.14,0,9.09,18.18,16.67,"","","","","",""
http://statistics.gov.scot/id/statistical-geography/S01005095,S01005095,0,0,0,0,11.11,9.09,8.33,0,6.67,6.25,4.76,0,"","","","","",""
http://statistics.gov.scot/id/statistical-geography/S01005096,S01005096,0,0,0,0,0,0,5.56,6.67,7.69,5.26,10.53,11.54,"","","","","",""
http://statistics.gov.scot/id/statistical-geography/S01005097,S01005097,0,0,0,0,0,5.56,7.14,14.29,9.09,7.14,0,0,"","","","","",""
http://statistics.gov.scot/id/statistical-geography/S01005098,S01005098,12.5,12.5,12.5,11.11,0,0,0,0,0,0,0,0,"","","","","",""
http://statistics.gov.scot/id/statistical-geography/S01005099,S01005099,0,0,0,0,0,9.09,15.38,20,11.11,20,25,33.33,"","","","","",""
http://statistics.gov.scot/id/statistical-geography/S01005100,S01005100,0,0,0,0,0,0,0,0,0,16.67,20,25,"","","","","",""
http://statistics.gov.scot/id/statistical-geography/S01005101,S01005101,6.67,0,0,5.56,4.35,4.55,0,0,0,5,6.25,14.29,"","","","","",""
http://statistics.gov.scot/id/statistical-geography/S01005102,S01005102,13.33,15.38,8.33,22.22,12.5,20,8.33,20,11.11,12.5,0,0,"","","","","",""
http://statistics.gov.scot/id/statistical-geography/S01005103,S01005103,0,0,8.33,11.11,8.33,5,0,0,0,0,0,0,"","","","","",""
http://statistics.gov.scot/id/statistical-geography/S01005104,S01005104,0,0,0,0,0,0,0,0,0,0,0,0,"","","","","",""
http://statistics.gov.scot/id/statistical-geography/S01005105,S01005105,0,7.14,14.29,20,16.67,7.69,13.33,9.09,11.11,9.09,26.67,26.67,"","","","","",""
http://statistics.gov.scot/id/statistical-geography/S01005106,S01005106,0,0,0,0,0,50,25,25,12.5,20,33.33,0,"","","","","",""
http://statistics.gov.scot/id/statistical-geography/S01005107,S01005107,0,0,0,0,0,0,0,0,0,0,0,0,"","","","","",""
http://statistics.gov.scot/id/statistical-geography/S01005108,S01005108,50,50,20,16.67,16.67,25,50,20,8.33,7.69,10,14.29,"","","","","",""
http://statistics.gov.scot/id/statistical-geography/S01005109,S01005109,0,0,0,0,7.69,10,16.67,20,15.38,9.09,7.69,10,"","","","","",""
http://statistics.gov.scot/id/statistical-geography/S01005110,S01005110,0,0,0,50,40,25,20,15.38,23.08,12.5,30.77,33.33,"","","","","",""
http://statistics.gov.scot/id/statistical-geography/S01005111,S01005111,0,0,0,0,0,0,0,0,0,0,0,0,"","","","","",""
http://statistics.gov.scot/id/statistical-geography/S01005112,S01005112,14.29,12.5,12.5,0,0,0,0,0,0,0,0,0,"","","","","",""
http://statistics.gov.scot/id/statistical-geography/S01005113,S01005113,33.33,25,23.08,21.43,23.08,18.18,10,18.18,16.67,10,0,6.67,"","","","","",""
http://statistics.gov.scot/id/statistical-geography/S01005114,S01005114,36.36,27.27,22.22,18.18,20,21.43,12.5,26.32,30,40,31.25,29.41,"","","","","",""
http://statistics.gov.scot/id/statistical-geography/S01005115,S01005115,20,20,16.67,8.33,0,0,0,10,8.33,10,0,0,"","","","","",""
http://statistics.gov.scot/id/statistical-geography/S01005116,S01005116,12.5,0,0,0,0,0,0,0,0,0,0,0,"","","","","",""
http://statistics.gov.scot/id/statistical-geography/S01005117,S01005117,0,0,0,0,0,0,0,11.11,12.5,11.11,0,7.14,"","","","","",""
http://statistics.gov.scot/id/statistical-geography/S01005118,S01005118,12.5,0,0,0,0,0,37.5,40,38.46,28.57,14.29,0,"","","","","",""
http://statistics.gov.scot/id/statistical-geography/S01005119,S01005119,0,0,0,0,0,0,0,0,0,0,0,0,"","","","","",""
http://statistics.gov.scot/id/statistical-geography/S01005120,S01005120,0,0,0,33.33,25,20,0,0,0,14.29,12.5,20,"","","","","",""
http://statistics.gov.scot/id/statistical-geography/S01005121,S01005121,33.33,12.5,0,0,0,0,0,0,0,0,0,0,"","","","","",""
http://statistics.gov.scot/id/statistical-geography/S01005122,S01005122,12.5,0,0,0,0,0,10,50,50,20,9.09,8.33,"","","","","",""
http://statistics.gov.scot/id/statistical-geography/S01005123,S01005123,0,0,0,0,0,0,0,0,0,0,0,0,"","","","","",""
http://statistics.gov.scot/id/statistical-geography/S01005124,S01005124,20,33.33,33.33,0,0,0,0,0,0,11.11,14.29,14.29,"","","","","",""
http://statistics.gov.scot/id/statistical-geography/S01005125,S01005125,20,25,26.32,21.43,25,0,0,9.52,14.29,22.22,16.67,8.33,"","","","","",""
http://statistics.gov.scot/id/statistical-geography/S01005126,S01005126,16.67,0,0,12.5,9.09,10,0,0,0,0,0,0,"","","","","",""
http://statistics.gov.scot/id/statistical-geography/S01005127,S01005127,58.33,44.44,33.33,50,30.77,30.77,20,25,25,18.18,25,0,"","","","","",""
http://statistics.gov.scot/id/statistical-geography/S01005128,S01005128,0,0,0,0,0,9.09,6.67,10.53,5.88,5,13.33,12.5,"","","","","",""
http://statistics.gov.scot/id/statistical-geography/S01005129,S01005129,50,50,37.5,11.11,7.14,4.55,7.69,4.55,5.88,6.67,7.69,7.14,"","","","","",""
http://statistics.gov.scot/id/statistical-geography/S01005130,S01005130,57.14,57.14,50,12.5,28.57,40,42.86,40,33.33,25,10,0,"","","","","",""
http://statistics.gov.scot/id/statistical-geography/S01005131,S01005131,0,0,0,0,0,18.18,23.08,25,18.75,18.18,25,16.67,"","","","","",""
http://statistics.gov.scot/id/statistical-geography/S01005132,S01005132,40,28.57,33.33,25,25,10,11.11,23.08,20,21.43,18.18,42.86,"","","","","",""
http://statistics.gov.scot/id/statistical-geography/S01005133,S01005133,0,0,0,0,0,0,0,0,0,0,0,0,"","","","","",""
http://statistics.gov.scot/id/statistical-geography/S01005134,S01005134,12.5,16.67,14.29,7.69,9.09,0,9.09,6.67,13.33,15.38,20,12.5,"","","","","",""
http://statistics.gov.scot/id/statistical-geography/S01005135,S01005135,0,0,0,14.29,12.5,7.14,0,0,25,22.22,14.29,0,"","","","","",""
http://statistics.gov.scot/id/statistical-geography/S01005136,S01005136,0,0,0,0,12.5,16.67,11.11,8.33,7.69,18.18,11.11,10,"","","","","",""
http://statistics.gov.scot/id/statistical-geography/S01005137,S01005137,0,0,0,0,0,0,7.69,12.5,12.5,0,0,10,"","","","","",""
http://statistics.gov.scot/id/statistical-geography/S01005138,S01005138,11.76,6.25,0,8.33,21.43,18.75,21.43,7.69,15.79,10.53,16.67,18.18,"","","","","",""
http://statistics.gov.scot/id/statistical-geography/S01005139,S01005139,12.5,0,0,0,0,0,0,12.5,10,11.11,0,0,"","","","","",""
http://statistics.gov.scot/id/statistical-geography/S01005140,S01005140,0,0,0,0,0,0,0,0,0,0,0,0,"","","","","",""
http://statistics.gov.scot/id/statistical-geography/S01005141,S01005141,11.11,0,0,0,0,0,0,0,0,0,0,0,"","","","","",""
http://statistics.gov.scot/id/statistical-geography/S01005142,S01005142,0,0,0,0,50,50,33.33,0,20,28.57,25,16.67,"","","","","",""
http://statistics.gov.scot/id/statistical-geography/S01005143,S01005143,6.67,7.69,7.69,10,0,0,0,0,0,0,12.5,9.09,"","","","","",""
http://statistics.gov.scot/id/statistical-geography/S01005144,S01005144,0,0,0,11.11,14.29,16.67,16.67,14.29,15,6.67,4,5,"","","","","",""
http://statistics.gov.scot/id/statistical-geography/S01005145,S01005145,0,0,0,0,0,0,0,0,14.29,33.33,25,0,"","","","","",""
http://statistics.gov.scot/id/statistical-geography/S01005146,S01005146,0,0,11.11,16.67,16.67,0,0,0,0,20,30.77,36.36,"","","","","",""
http://statistics.gov.scot/id/statistical-geography/S01005147,S01005147,16.67,12.5,0,0,0,0,0,0,0,0,0,10,"","","","","",""
http://statistics.gov.scot/id/statistical-geography/S01005148,S01005148,0,0,0,8.33,11.11,7.14,0,0,0,0,0,0,"","","","","",""
http://statistics.gov.scot/id/statistical-geography/S01005149,S01005149,0,0,0,9.09,7.69,6.25,0,0,0,0,0,0,"","","","","",""
http://statistics.gov.scot/id/statistical-geography/S01005150,S01005150,11.11,8.33,14.29,40,28.57,14.29,0,14.29,25,20,0,0,"","","","","",""
http://statistics.gov.scot/id/statistical-geography/S01005151,S01005151,50,50,66.67,20,0,8.33,9.09,11.11,0,16.67,25,25,"","","","","",""
http://statistics.gov.scot/id/statistical-geography/S01005152,S01005152,17.65,11.11,0,7.14,12.5,12.5,8.33,0,0,0,0,0,"","","","","",""
http://statistics.gov.scot/id/statistical-geography/S01005153,S01005153,0,0,0,0,0,0,0,0,0,0,0,0,"","","","","",""
http://statistics.gov.scot/id/statistical-geography/S01005154,S01005154,0,0,0,0,14.29,12.5,11.11,0,0,0,0,0,"","","","","",""
http://statistics.gov.scot/id/statistical-geography/S01005155,S01005155,8.33,8.33,18.18,9.09,11.11,0,0,0,0,18.18,20,44.44,"","","","","",""
http://statistics.gov.scot/id/statistical-geography/S01005156,S01005156,27.27,25,15.38,18.18,22.22,44.44,37.5,37.5,33.33,25,11.11,11.11,"","","","","",""
http://statistics.gov.scot/id/statistical-geography/S01005157,S01005157,18.18,11.11,22.22,20,30,18.18,11.11,27.27,33.33,41.67,23.08,13.33,"","","","","",""
http://statistics.gov.scot/id/statistical-geography/S01005158,S01005158,20,33.33,50,33.33,25,16.67,16.67,0,0,0,50,16.67,"","","","","",""
http://statistics.gov.scot/id/statistical-geography/S01005159,S01005159,38.46,36.36,0,0,0,0,12.5,26.67,28.57,41.67,50,66.67,"","","","","",""
http://statistics.gov.scot/id/statistical-geography/S01005160,S01005160,15.38,42.86,50,33.33,16.67,12.5,11.11,15.38,14.29,25,23.08,20,"","","","","",""
http://statistics.gov.scot/id/statistical-geography/S01005161,S01005161,27.27,22.73,21.74,26.67,13.33,25,15.79,28.57,12.5,14.29,0,0,"","","","","",""
http://statistics.gov.scot/id/statistical-geography/S01005162,S01005162,33.33,27.27,23.53,33.33,33.33,62.5,64.29,40.91,28.57,30.43,30.43,15,"","","","","",""
http://statistics.gov.scot/id/statistical-geography/S01005163,S01005163,38.46,40,28.57,0,0,0,0,33.33,36.36,45.45,30,28.57,"","","","","",""
http://statistics.gov.scot/id/statistical-geography/S01005164,S01005164,25,9.09,9.09,18.18,25,9.09,7.14,6.67,18.18,25,36.36,27.27,"","","","","",""
http://statistics.gov.scot/id/statistical-geography/S01005165,S01005165,0,0,0,28.57,37.5,50,18.18,8.33,0,16.67,16.67,18.18,"","","","","",""
http://statistics.gov.scot/id/statistical-geography/S01005166,S01005166,63.64,66.67,44.44,45.45,33.33,28.57,31.82,23.53,23.53,0,0,4.76,"","","","","",""
http://statistics.gov.scot/id/statistical-geography/S01005167,S01005167,34.78,46.15,38.46,36.36,33.33,30.77,28.57,16.67,23.08,25,33.33,33.33,"","","","","",""
http://statistics.gov.scot/id/statistical-geography/S01005168,S01005168,0,5.26,5.26,21.05,25,20,14.29,14.29,25,15.38,20,12.5,"","","","","",""
http://statistics.gov.scot/id/statistical-geography/S01005169,S01005169,0,0,0,0,16.67,28.57,28.57,33.33,"",0,0,0,"","","","","",""
http://statistics.gov.scot/id/statistical-geography/S01005170,S01005170,0,0,0,0,10,11.11,9.09,0,0,0,0,0,"","","","","",""
http://statistics.gov.scot/id/statistical-geography/S01005171,S01005171,23.08,21.43,13.33,7.69,31.25,35.29,46.67,50,41.18,41.18,20,9.09,"","","","","",""
http://statistics.gov.scot/id/statistical-geography/S01005172,S01005172,0,0,0,0,0,0,0,0,0,0,0,0,"","","","","",""
http://statistics.gov.scot/id/statistical-geography/S01005173,S01005173,22.22,10,0,23.08,23.08,35.71,30,37.5,12.5,11.11,8.33,28.57,"","","","","",""
http://statistics.gov.scot/id/statistical-geography/S01005174,S01005174,18.18,18.75,26.67,30.77,41.67,30.77,30,10,16.67,0,16.67,22.22,"","","","","",""
http://statistics.gov.scot/id/statistical-geography/S01005175,S01005175,0,0,0,0,0,0,0,0,0,0,0,0,"","","","","",""
http://statistics.gov.scot/id/statistical-geography/S01005176,S01005176,50,56.25,36.36,50,60,63.64,33.33,28.57,21.43,40,50,57.14,"","","","","",""
http://statistics.gov.scot/id/statistical-geography/S01005177,S01005177,28.57,38.71,31.03,37.93,25,56.25,31.82,31.82,12.5,20.83,25.93,23.08,"","","","","",""
http://statistics.gov.scot/id/statistical-geography/S01005178,S01005178,30,44.44,50,30.77,7.69,0,7.69,18.18,13.33,18.18,27.27,75,"","","","","",""
http://statistics.gov.scot/id/statistical-geography/S01005179,S01005179,26.67,21.05,15.79,5.26,5.26,9.52,16,13.04,8.33,0,0,0,"","","","","",""
http://statistics.gov.scot/id/statistical-geography/S01005180,S01005180,5.56,11.11,6.67,6.67,0,0,0,7.14,6.25,5.88,0,10,"","","","","",""
http://statistics.gov.scot/id/statistical-geography/S01005181,S01005181,11.11,8.33,7.41,0,0,0,5.56,5.88,5.88,0,0,0,"","","","","",""
http://statistics.gov.scot/id/statistical-geography/S01005182,S01005182,35.29,37.5,30.77,36.36,23.08,23.08,28.57,23.08,26.67,27.78,31.58,20,"","","","","",""
http://statistics.gov.scot/id/statistical-geography/S01005183,S01005183,30,11.11,9.09,21.43,27.27,38.46,28.57,30.77,23.08,27.27,18.18,8.33,"","","","","",""
http://statistics.gov.scot/id/statistical-geography/S01005184,S01005184,61.9,62.5,80.95,72.22,72.22,52.63,47.06,26.32,33.33,30,46.15,50,"","","","","",""
http://statistics.gov.scot/id/statistical-geography/S01005185,S01005185,50,40,0,0,0,0,0,0,14.29,16.67,14.29,14.29,"","","","","",""
http://statistics.gov.scot/id/statistical-geography/S01005186,S01005186,0,0,0,0,16.67,16.67,16.67,0,20,33.33,20,9.09,"","","","","",""
http://statistics.gov.scot/id/statistical-geography/S01005187,S01005187,0,0,12.5,16.67,30,22.22,23.08,8.33,8.33,0,7.14,13.33,"","","","","",""
http://statistics.gov.scot/id/statistical-geography/S01005188,S01005188,0,0,0,0,0,0,0,0,12.5,14.29,20,0,"","","","","",""
http://statistics.gov.scot/id/statistical-geography/S01005189,S01005189,44.44,33.33,57.14,33.33,22.22,0,0,7.14,6.25,7.69,0,0,"","","","","",""
http://statistics.gov.scot/id/statistical-geography/S01005190,S01005190,7.14,15.38,15.38,15.38,14.29,10,9.09,0,0,0,0,12.5,"","","","","",""
http://statistics.gov.scot/id/statistical-geography/S01005191,S01005191,52.94,50,30.77,33.33,21.43,23.53,23.81,31.25,42.86,38.46,35.71,15.38,"","","","","",""
http://statistics.gov.scot/id/statistical-geography/S01005192,S01005192,6.25,0,10,12.5,20,0,0,0,0,0,0,8.33,"","","","","",""
http://statistics.gov.scot/id/statistical-geography/S01005193,S01005193,16.67,16.67,12.5,0,0,0,0,0,0,16.67,12.5,10,"","","","","",""
http://statistics.gov.scot/id/statistical-geography/S01005194,S01005194,11.11,20,0,28.57,42.86,40,22.22,15.38,10,22.22,16.67,16.67,"","","","","",""
http://statistics.gov.scot/id/statistical-geography/S01005195,S01005195,0,0,0,0,0,0,0,0,0,0,0,0,"","","","","",""
http://statistics.gov.scot/id/statistical-geography/S01005196,S01005196,40.91,23.53,26.67,31.82,40.74,31.25,22.22,16.67,15.79,25,15,20,"","","","","",""
http://statistics.gov.scot/id/statistical-geography/S01005197,S01005197,0,0,0,28.57,25,25,15.38,9.09,16.67,15.38,16.67,0,"","","","","",""
http://statistics.gov.scot/id/statistical-geography/S01005198,S01005198,11.11,0,0,0,14.29,16.67,16.67,11.11,7.69,8.33,0,0,"","","","","",""
http://statistics.gov.scot/id/statistical-geography/S01005199,S01005199,41.67,50,47.06,42.86,36.36,22.22,20,20,33.33,33.33,9.09,14.29,"","","","","",""
http://statistics.gov.scot/id/statistical-geography/S01005200,S01005200,11.11,0,0,0,0,0,0,0,0,0,0,0,"","","","","",""
http://statistics.gov.scot/id/statistical-geography/S01005201,S01005201,21.43,18.18,30,33.33,40,18.18,14.29,6.67,16.67,10,16.67,5.88,"","","","","",""
http://statistics.gov.scot/id/statistical-geography/S01005202,S01005202,40,42.86,35.29,35,28.57,18.18,16.67,9.09,8.33,7.14,11.11,11.11,"","","","","",""
http://statistics.gov.scot/id/statistical-geography/S01005203,S01005203,45.45,33.33,0,0,10,14.29,28.57,16.67,28.57,33.33,22.22,11.11,"","","","","",""
http://statistics.gov.scot/id/statistical-geography/S01005204,S01005204,33.33,16.67,0,0,0,0,14.29,20,25,0,0,0,"","","","","",""
http://statistics.gov.scot/id/statistical-geography/S01005205,S01005205,0,4.35,5.26,4.55,0,7.14,13.04,13.64,5.26,0,0,7.14,"","","","","",""
http://statistics.gov.scot/id/statistical-geography/S01005206,S01005206,0,33.33,25,20,0,20,25,11.11,0,0,0,0,"","","","","",""
http://statistics.gov.scot/id/statistical-geography/S01005207,S01005207,42.86,44.44,55.56,44.44,20,12.5,16.67,27.27,38.46,50,37.5,23.08,"","","","","",""
http://statistics.gov.scot/id/statistical-geography/S01005208,S01005208,40,33.33,0,0,0,8.33,33.33,50,54.55,40,37.5,18.18,"","","","","",""
http://statistics.gov.scot/id/statistical-geography/S01005209,S01005209,15.38,10,14.29,8.33,14.29,15.38,14.29,11.11,10,10.53,9.09,0,"","","","","",""
http://statistics.gov.scot/id/statistical-geography/S01005210,S01005210,0,0,0,10,18.18,33.33,12.5,0,0,14.29,25,16.67,"","","","","",""
http://statistics.gov.scot/id/statistical-geography/S01005211,S01005211,50,30,0,10,14.29,25,37.5,37.5,37.5,20,23.08,15.38,"","","","","",""
http://statistics.gov.scot/id/statistical-geography/S01005212,S01005212,8.33,10,10,0,0,0,5.88,9.09,11.11,0,0,0,"","","","","",""
http://statistics.gov.scot/id/statistical-geography/S01005213,S01005213,0,0,0,0,0,10,9.09,15.38,10,21.43,21.43,20,"","","","","",""
http://statistics.gov.scot/id/statistical-geography/S01005214,S01005214,17.39,15,10,15,23.08,28.57,25,22.73,27.27,21.74,31.82,33.33,"","","","","",""
http://statistics.gov.scot/id/statistical-geography/S01005215,S01005215,22.22,25,22.22,10,7.14,8.33,7.69,0,10,10,14.29,7.69,"","","","","",""
http://statistics.gov.scot/id/statistical-geography/S01005216,S01005216,72.73,50,38.46,25,25,22.22,23.08,6.25,12.5,7.14,16.67,6.67,"","","","","",""
http://statistics.gov.scot/id/statistical-geography/S01005217,S01005217,0,0,11.11,7.69,14.29,11.11,10,10,10,17.65,20,16.67,"","","","","",""
http://statistics.gov.scot/id/statistical-geography/S01005218,S01005218,23.08,36.84,31.58,36.84,10.53,18.75,8.33,30.77,38.46,28.57,29.41,22.73,"","","","","",""
http://statistics.gov.scot/id/statistical-geography/S01005219,S01005219,25,14.29,22.22,18.18,41.67,31.25,29.41,11.76,10,26.67,26.67,22.22,"","","","","",""
http://statistics.gov.scot/id/statistical-geography/S01005220,S01005220,7.69,14.29,15.38,26.67,21.43,15.38,0,16.67,23.08,20,11.11,0,"","","","","",""
http://statistics.gov.scot/id/statistical-geography/S01005221,S01005221,12.5,11.11,0,8.33,15.38,20,40,20,16.67,0,0,0,"","","","","",""
http://statistics.gov.scot/id/statistical-geography/S01005222,S01005222,21.05,31.82,31.58,50,45.45,41.18,40,37.5,30,0,0,33.33,"","","","","",""
http://statistics.gov.scot/id/statistical-geography/S01005223,S01005223,4.17,5.88,0,8.33,7.69,6.25,7.14,7.14,7.69,0,0,0,"","","","","",""
http://statistics.gov.scot/id/statistical-geography/S01005224,S01005224,0,0,0,0,0,0,0,8.33,12.5,11.11,7.14,0,"","","","","",""
http://statistics.gov.scot/id/statistical-geography/S01005225,S01005225,6.67,0,0,0,0,12.5,11.11,10,0,0,0,0,"","","","","",""
http://statistics.gov.scot/id/statistical-geography/S01005226,S01005226,30,30,0,0,0,14.29,33.33,28.57,33.33,18.18,22.22,0,"","","","","",""
http://statistics.gov.scot/id/statistical-geography/S01005227,S01005227,16.67,21.43,20,30.77,35.71,47.06,36.84,31.82,30.77,27.59,37.04,25.93,"","","","","",""
http://statistics.gov.scot/id/statistical-geography/S01005228,S01005228,8.33,7.14,6.67,0,0,0,0,0,0,0,0,0,"","","","","",""
http://statistics.gov.scot/id/statistical-geography/S01005229,S01005229,20,25,40,33.33,21.43,11.54,10,6.06,0,8.82,8.33,16.28,"","","","","",""
http://statistics.gov.scot/id/statistical-geography/S01005230,S01005230,33.33,26.32,29.41,27.27,16.67,0,0,7.14,7.14,7.14,0,0,"","","","","",""
http://statistics.gov.scot/id/statistical-geography/S01005231,S01005231,4.76,5,0,8,14.29,16.67,6.25,0,0,0,0,0,"","","","","",""
http://statistics.gov.scot/id/statistical-geography/S01005232,S01005232,9.09,12.5,28.57,33.33,20,13.64,11.11,8.33,5.56,7.69,10,16,"","","","","",""
http://statistics.gov.scot/id/statistical-geography/S01005233,S01005233,25,25,23.08,18.18,25,14.29,16.67,14.29,16.67,33.33,12.5,7.69,"","","","","",""
http://statistics.gov.scot/id/statistical-geography/S01005234,S01005234,5.56,5.88,4.55,0,0,0,3.85,3.57,9.09,7.41,14.29,7.41,"","","","","",""
http://statistics.gov.scot/id/statistical-geography/S01005235,S01005235,23.81,23.81,23.53,23.53,8.33,11.76,12.5,14.29,4.76,12.5,9.09,10,"","","","","",""
http://statistics.gov.scot/id/statistical-geography/S01005236,S01005236,12.5,6.25,0,0,5,3.7,8,6.9,11.54,11.54,13.64,9.52,"","","","","",""
http://statistics.gov.scot/id/statistical-geography/S01005237,S01005237,0,16.67,20,16.67,0,0,0,0,0,0,25,42.86,"","","","","",""
http://statistics.gov.scot/id/statistical-geography/S01005238,S01005238,11.11,10,0,0,0,0,0,0,25,16.67,10,7.69,"","","","","",""
http://statistics.gov.scot/id/statistical-geography/S01005239,S01005239,20.83,18.18,25,20,19.05,5.88,0,0,5.56,6.25,5.56,6.25,"","","","","",""
http://statistics.gov.scot/id/statistical-geography/S01005240,S01005240,18.75,20,23.53,20,12.5,0,15.38,14.29,17.39,8,12,7.14,"","","","","",""
http://statistics.gov.scot/id/statistical-geography/S01005241,S01005241,8.33,9.09,0,0,0,0,0,0,0,0,0,0,"","","","","",""
http://statistics.gov.scot/id/statistical-geography/S01005242,S01005242,0,5.88,14.29,15,20,14.29,21.43,16.67,20,9.09,14.29,9.09,"","","","","",""
http://statistics.gov.scot/id/statistical-geography/S01005243,S01005243,17.65,23.53,37.5,33.33,31.58,26.32,18.75,8.7,3.7,12.9,10.71,11.11,"","","","","",""
http://statistics.gov.scot/id/statistical-geography/S01005244,S01005244,25,25,0,0,0,0,0,0,7.14,6.25,10,0,"","","","","",""
http://statistics.gov.scot/id/statistical-geography/S01005245,S01005245,5.26,5.26,6.25,6.67,10,0,0,0,18.75,22.22,23.81,14.81,"","","","","",""
http://statistics.gov.scot/id/statistical-geography/S01005246,S01005246,10,9.09,15.38,15.38,13.33,0,10,15,16.67,18.52,16,17.39,"","","","","",""
http://statistics.gov.scot/id/statistical-geography/S01005247,S01005247,54.55,65,75,77.78,66.67,61.54,40,40.91,48.15,57.14,58.82,33.33,"","","","","",""
http://statistics.gov.scot/id/statistical-geography/S01005248,S01005248,0,12.5,25,16.67,6.67,0,0,0,7.14,8.33,7.69,8.33,"","","","","",""
http://statistics.gov.scot/id/statistical-geography/S01005249,S01005249,13.04,16.67,26.32,18.18,14.29,5.26,7.69,15.79,20.83,17.86,10.71,4.55,"","","","","",""
http://statistics.gov.scot/id/statistical-geography/S01005250,S01005250,18.18,29.41,23.53,30.43,21.74,17.39,3.85,3.57,0,0,0,11.11,"","","","","",""
http://statistics.gov.scot/id/statistical-geography/S01005251,S01005251,37.5,28.57,30,29.63,28.57,23.81,23.81,12.5,16,15.38,25,20,"","","","","",""
http://statistics.gov.scot/id/statistical-geography/S01005252,S01005252,16.67,8.33,0,11.11,8.33,35.71,40,50,25,0,18.18,22.22,"","","","","",""
http://statistics.gov.scot/id/statistical-geography/S01005253,S01005253,0,0,0,0,0,0,0,6.67,11.11,13.64,20,22.22,"","","","","",""
http://statistics.gov.scot/id/statistical-geography/S01005254,S01005254,33.33,25,9.52,11.11,9.52,5,9.09,22.22,30.77,15,16,14.81,"","","","","",""
http://statistics.gov.scot/id/statistical-geography/S01005255,S01005255,75,85.71,80,66.67,50,50,30,25,16.67,9.09,0,0,"","","","","",""
http://statistics.gov.scot/id/statistical-geography/S01005256,S01005256,0,0,0,0,0,0,0,18.18,15.38,11.11,0,0,"","","","","",""
http://statistics.gov.scot/id/statistical-geography/S01005257,S01005257,0,0,0,0,0,0,0,0,5.56,6.67,7.69,0,"","","","","",""
http://statistics.gov.scot/id/statistical-geography/S01005258,S01005258,0,0,12.5,10,12.5,0,0,0,0,0,0,0,"","","","","",""
http://statistics.gov.scot/id/statistical-geography/S01005259,S01005259,8.33,18.75,25,25,25,33.33,44.44,44.44,30,8.33,0,11.76,"","","","","",""
http://statistics.gov.scot/id/statistical-geography/S01005260,S01005260,10,8.33,10,9.09,30,33.33,37.5,22.22,23.08,15.38,7.69,7.69,"","","","","",""
http://statistics.gov.scot/id/statistical-geography/S01005261,S01005261,36.36,36.84,31.25,35.71,37.5,40,31.25,38.46,25,13.33,6.25,5.88,"","","","","",""
http://statistics.gov.scot/id/statistical-geography/S01005262,S01005262,0,0,0,0,0,0,0,0,7.14,6.67,16.67,7.14,"","","","","",""
http://statistics.gov.scot/id/statistical-geography/S01005263,S01005263,83.33,91.67,73.33,60,42.86,44.44,61.54,57.14,47.06,21.43,21.43,23.08,"","","","","",""
http://statistics.gov.scot/id/statistical-geography/S01005264,S01005264,42.86,44.44,44.44,42.86,50,28.57,25,9.09,23.08,15.38,18.18,0,"","","","","",""
http://statistics.gov.scot/id/statistical-geography/S01005265,S01005265,30,30.77,20,14.29,25,28.57,41.67,30.77,17.65,11.11,18.75,35.71,"","","","","",""
http://statistics.gov.scot/id/statistical-geography/S01005266,S01005266,50,33.33,42.86,71.43,66.67,33.33,14.29,22.22,41.67,36.36,44.44,10,"","","","","",""
http://statistics.gov.scot/id/statistical-geography/S01005267,S01005267,46.67,50,60,40,43.75,38.46,23.53,18.75,11.11,17.65,13.64,9.52,"","","","","",""
http://statistics.gov.scot/id/statistical-geography/S01005268,S01005268,12,28.57,20,18.18,8.7,13.04,18.75,13.04,13.64,8.33,4.35,3.7,"","","","","",""
http://statistics.gov.scot/id/statistical-geography/S01005269,S01005269,0,0,0,0,0,0,0,0,0,0,0,0,"","","","","",""
http://statistics.gov.scot/id/statistical-geography/S01005270,S01005270,0,0,14.29,6.25,5.26,6.25,12.5,16.67,0,0,0,0,"","","","","",""
http://statistics.gov.scot/id/statistical-geography/S01005271,S01005271,0,0,0,0,0,0,0,0,20,14.29,20,0,"","","","","",""
http://statistics.gov.scot/id/statistical-geography/S01005272,S01005272,37.5,20,53.33,43.75,50,15.38,18.75,25,26.67,36.36,36.36,36.36,"","","","","",""
http://statistics.gov.scot/id/statistical-geography/S01005273,S01005273,16.67,22.22,9.09,8.33,0,0,0,16.67,16.67,33.33,0,0,"","","","","",""
http://statistics.gov.scot/id/statistical-geography/S01005274,S01005274,16.67,18.18,7.69,16.67,23.08,25,25,30,18.18,15.38,7.69,16.67,"","","","","",""
http://statistics.gov.scot/id/statistical-geography/S01005275,S01005275,13.33,6.25,21.43,16.67,22.22,0,0,0,0,10,16.67,14.29,"","","","","",""
http://statistics.gov.scot/id/statistical-geography/S01005276,S01005276,22.22,33.33,40,50,28.57,40,28.57,33.33,14.29,0,0,0,"","","","","",""
http://statistics.gov.scot/id/statistical-geography/S01005277,S01005277,0,0,0,0,25,33.33,37.5,20,0,0,0,0,"","","","","",""
http://statistics.gov.scot/id/statistical-geography/S01005278,S01005278,33.33,25,42.86,33.33,35.71,25,20,8.33,9.09,22.22,40,33.33,"","","","","",""
http://statistics.gov.scot/id/statistical-geography/S01005279,S01005279,0,0,0,0,0,0,0,0,20,14.29,14.29,0,"","","","","",""
http://statistics.gov.scot/id/statistical-geography/S01005280,S01005280,44.44,40,28.57,12.5,28.57,33.33,33.33,26.67,31.25,33.33,27.27,27.27,"","","","","",""
http://statistics.gov.scot/id/statistical-geography/S01005281,S01005281,40,45.45,40,25,14.29,16.67,40,50,31.25,13.33,5.88,23.08,"","","","","",""
http://statistics.gov.scot/id/statistical-geography/S01005282,S01005282,9.09,9.09,6.67,14.29,12.5,25,21.43,30,33.33,33.33,28.57,14.29,"","","","","",""
http://statistics.gov.scot/id/statistical-geography/S01005283,S01005283,16.67,16.67,16.67,0,0,25,25,20,0,0,0,0,"","","","","",""
http://statistics.gov.scot/id/statistical-geography/S01005284,S01005284,37.5,40,27.78,33.33,25,28.57,23.08,25,22.22,30,28.57,11.11,"","","","","",""
http://statistics.gov.scot/id/statistical-geography/S01005285,S01005285,0,25,22.22,25,10,10,0,0,0,0,25,25,"","","","","",""
http://statistics.gov.scot/id/statistical-geography/S01005286,S01005286,0,0,0,0,0,0,0,0,0,0,0,0,"","","","","",""
http://statistics.gov.scot/id/statistical-geography/S01005287,S01005287,10,5.88,20,12.5,16.67,12.5,10,13.64,14.29,12,8.7,10,"","","","","",""
http://statistics.gov.scot/id/statistical-geography/S01005288,S01005288,55.56,54.55,27.27,41.67,35,38.1,33.33,40,38.89,31.58,16.67,18.18,"","","","","",""
http://statistics.gov.scot/id/statistical-geography/S01005289,S01005289,22.73,11.11,11.76,0,20,12.5,7.69,3.23,3.13,13.33,10.34,22.22,"","","","","",""
http://statistics.gov.scot/id/statistical-geography/S01005290,S01005290,9.09,27.27,44.44,37.5,12.5,0,0,0,6.67,10,9.09,0,"","","","","",""
http://statistics.gov.scot/id/statistical-geography/S01005291,S01005291,0,0,0,0,0,6.25,8.33,14.29,0,0,0,0,"","","","","",""
http://statistics.gov.scot/id/statistical-geography/S01005292,S01005292,41.67,25,16.67,9.09,23.08,33.33,40,44.44,35.71,33.33,23.08,25,"","","","","",""
http://statistics.gov.scot/id/statistical-geography/S01005293,S01005293,25,25,21.43,14.29,8.33,18.18,16.67,13.33,9.09,14.29,20,28.57,"","","","","",""
http://statistics.gov.scot/id/statistical-geography/S01005294,S01005294,0,0,0,0,0,0,0,0,0,0,0,0,"","","","","",""
http://statistics.gov.scot/id/statistical-geography/S01005295,S01005295,50,60,42.86,40,12.5,12.5,25,50,66.67,0,0,0,"","","","","",""
http://statistics.gov.scot/id/statistical-geography/S01005296,S01005296,25,11.11,10,0,0,0,0,0,0,0,11.11,10,"","","","","",""
http://statistics.gov.scot/id/statistical-geography/S01005297,S01005297,0,0,11.11,20,14.29,0,0,0,0,0,0,0,"","","","","",""
http://statistics.gov.scot/id/statistical-geography/S01005298,S01005298,11.76,6.67,0,0,6.25,5.88,7.69,0,0,7.69,12.5,18.75,"","","","","",""
http://statistics.gov.scot/id/statistical-geography/S01005299,S01005299,0,0,20,50,33.33,0,0,0,0,0,50,33.33,"","","","","",""
http://statistics.gov.scot/id/statistical-geography/S01005300,S01005300,0,0,0,0,0,0,0,0,0,0,0,0,"","","","","",""
http://statistics.gov.scot/id/statistical-geography/S01005301,S01005301,4.76,4.76,0,0,0,0,0,0,0,0,0,0,"","","","","",""
http://statistics.gov.scot/id/statistical-geography/S01005302,S01005302,9.09,20,18.18,14.29,0,0,5.88,14.29,18.75,15.38,13.33,7.69,"","","","","",""
http://statistics.gov.scot/id/statistical-geography/S01005303,S01005303,9.09,0,0,0,0,0,0,12.5,11.11,22.22,14.29,12.5,"","","","","",""
http://statistics.gov.scot/id/statistical-geography/S01005304,S01005304,7.14,0,0,7.69,18.18,15.38,14.29,9.09,14.29,0,0,0,"","","","","",""
http://statistics.gov.scot/id/statistical-geography/S01005305,S01005305,11.11,0,0,0,0,0,15.38,27.27,21.43,7.69,0,10,"","","","","",""
http://statistics.gov.scot/id/statistical-geography/S01005306,S01005306,0,6.25,9.09,18.18,18.18,18.18,28.57,14.29,16.67,0,0,0,"","","","","",""
http://statistics.gov.scot/id/statistical-geography/S01005307,S01005307,0,0,0,0,0,0,0,0,0,0,0,0,"","","","","",""
http://statistics.gov.scot/id/statistical-geography/S01005308,S01005308,10,36.36,33.33,46.15,50,50,37.5,0,9.09,18.75,22.22,20,"","","","","",""
http://statistics.gov.scot/id/statistical-geography/S01005309,S01005309,0,0,0,0,"",0,0,0,10,14.29,16.67,0,"","","","","",""
http://statistics.gov.scot/id/statistical-geography/S01005310,S01005310,31.25,23.08,11.11,11.11,20,20,7.14,0,0,0,0,0,"","","","","",""
http://statistics.gov.scot/id/statistical-geography/S01005311,S01005311,5.26,10.53,6.67,7.69,0,0,0,0,12.5,13.33,16.67,9.09,"","","","","",""
http://statistics.gov.scot/id/statistical-geography/S01005312,S01005312,8.33,18.18,20,10,0,0,0,0,0,0,3.33,3.23,"","","","","",""
http://statistics.gov.scot/id/statistical-geography/S01005313,S01005313,25,23.08,16.67,0,7.14,7.14,8.33,10,10,9.09,0,0,"","","","","",""
http://statistics.gov.scot/id/statistical-geography/S01005314,S01005314,0,0,0,0,0,0,0,0,0,"",0,0,"","","","","",""
http://statistics.gov.scot/id/statistical-geography/S01005315,S01005315,46.15,44.44,38.46,46.67,53.33,38.46,33.33,22.22,17.65,7.69,6.45,6.45,"","","","","",""
http://statistics.gov.scot/id/statistical-geography/S01005316,S01005316,0,0,12.5,15.38,22.22,10,0,0,6.25,6.67,13.33,16.67,"","","","","",""
http://statistics.gov.scot/id/statistical-geography/S01005317,S01005317,0,0,0,0,0,0,0,0,0,0,25,20,"","","","","",""
http://statistics.gov.scot/id/statistical-geography/S01005318,S01005318,25,25,16.67,10,0,0,16.67,12.5,14.29,0,0,0,"","","","","",""
http://statistics.gov.scot/id/statistical-geography/S01005319,S01005319,12.5,0,0,0,0,0,0,0,11.11,14.29,11.11,0,"","","","","",""
http://statistics.gov.scot/id/statistical-geography/S01005320,S01005320,0,20,12.5,11.11,0,12.5,12.5,14.29,0,0,0,0,"","","","","",""
http://statistics.gov.scot/id/statistical-geography/S01005321,S01005321,0,0,0,0,12.5,12.5,10,12.5,12.5,12.5,0,0,"","","","","",""
http://statistics.gov.scot/id/statistical-geography/S01005322,S01005322,12.5,12.5,11.11,8.82,9.76,7.89,8.33,8.33,7.89,4.88,2.33,0,"","","","","",""
http://statistics.gov.scot/id/statistical-geography/S01005323,S01005323,0,0,0,14.29,22.22,30,22.22,12.5,0,0,0,0,"","","","","",""
http://statistics.gov.scot/id/statistical-geography/S01005324,S01005324,30,30.77,25,9.09,0,0,0,7.69,6.67,5.56,5,10,"","","","","",""
http://statistics.gov.scot/id/statistical-geography/S01005325,S01005325,15.79,14.29,13.33,23.81,21.74,22.73,17.39,15.63,10.87,6,6.45,4.48,"","","","","",""
http://statistics.gov.scot/id/statistical-geography/S01005326,S01005326,31.25,21.43,36.36,28.57,41.18,37.5,43.75,30,27.27,16.67,7.69,6.67,"","","","","",""
http://statistics.gov.scot/id/statistical-geography/S01005327,S01005327,18.18,33.33,14.29,0,0,7.69,15.38,30,40,28.57,14.29,11.11,"","","","","",""
http://statistics.gov.scot/id/statistical-geography/S01005328,S01005328,10.71,15.38,9.09,10,4.55,16.67,17.39,18.18,11.76,4.55,5.56,5.88,"","","","","",""
http://statistics.gov.scot/id/statistical-geography/S01005329,S01005329,25,14.29,14.29,20,0,22.22,25,18.18,0,0,0,0,"","","","","",""
http://statistics.gov.scot/id/statistical-geography/S01005330,S01005330,0,0,14.29,14.29,14.29,0,0,9.09,10,8.33,0,11.11,"","","","","",""
http://statistics.gov.scot/id/statistical-geography/S01005331,S01005331,7.69,9.09,20,15.38,14.29,10,16.67,12.5,12.5,16.67,27.27,33.33,"","","","","",""
http://statistics.gov.scot/id/statistical-geography/S01005332,S01005332,33.33,0,0,0,0,25,33.33,25,33.33,33.33,16.67,0,"","","","","",""
http://statistics.gov.scot/id/statistical-geography/S01005333,S01005333,7.14,6.25,7.69,0,0,0,0,0,0,20,12.5,12.5,"","","","","",""
http://statistics.gov.scot/id/statistical-geography/S01005334,S01005334,0,0,0,0,0,0,0,0,0,0,0,0,"","","","","",""
http://statistics.gov.scot/id/statistical-geography/S01005335,S01005335,0,0,0,0,0,0,0,33.33,25,33.33,0,0,"","","","","",""
http://statistics.gov.scot/id/statistical-geography/S01005336,S01005336,0,0,0,9.09,8.33,11.11,0,0,11.11,22.22,33.33,20,"","","","","",""
http://statistics.gov.scot/id/statistical-geography/S01005337,S01005337,7.69,15.38,22.22,16.67,0,14.29,12.5,18.18,18.18,27.27,13.33,6.25,"","","","","",""
http://statistics.gov.scot/id/statistical-geography/S01005338,S01005338,0,0,0,0,0,11.11,11.11,11.11,0,0,0,0,"","","","","",""
http://statistics.gov.scot/id/statistical-geography/S01005339,S01005339,7.69,18.18,12.5,14.29,0,0,11.11,25,27.27,18.18,11.11,16.67,"","","","","",""
http://statistics.gov.scot/id/statistical-geography/S01005340,S01005340,6.25,0,0,0,0,0,0,0,0,0,0,0,"","","","","",""
http://statistics.gov.scot/id/statistical-geography/S01005341,S01005341,12.5,33.33,40,33.33,0,0,0,0,0,0,0,0,"","","","","",""
http://statistics.gov.scot/id/statistical-geography/S01005342,S01005342,20,11.11,0,0,0,0,11.11,16.67,36.36,36.36,50,28.57,"","","","","",""
http://statistics.gov.scot/id/statistical-geography/S01005343,S01005343,6.25,14.29,7.14,6.25,5.88,7.14,6.67,7.14,6.67,5.88,0,0,"","","","","",""
http://statistics.gov.scot/id/statistical-geography/S01005344,S01005344,8.33,9.09,14.29,9.09,0,7.14,10,18.18,22.22,20,20,30,"","","","","",""
http://statistics.gov.scot/id/statistical-geography/S01005345,S01005345,14.29,16.67,0,14.29,16.67,40,25,11.11,0,0,22.22,18.18,"","","","","",""
http://statistics.gov.scot/id/statistical-geography/S01005346,S01005346,0,0,0,20,14.29,12.5,0,0,0,14.29,14.29,16.67,"","","","","",""
http://statistics.gov.scot/id/statistical-geography/S01005347,S01005347,0,0,0,0,0,0,0,0,0,0,0,0,"","","","","",""
http://statistics.gov.scot/id/statistical-geography/S01005348,S01005348,0,0,0,0,0,7.14,6.67,14.29,12.5,25,21.43,33.33,"","","","","",""
http://statistics.gov.scot/id/statistical-geography/S01005349,S01005349,0,0,0,0,0,6.25,13.33,14.29,16.67,25,33.33,22.22,"","","","","",""
http://statistics.gov.scot/id/statistical-geography/S01005350,S01005350,12.5,0,0,0,0,0,0,0,0,0,0,14.29,"","","","","",""
http://statistics.gov.scot/id/statistical-geography/S01005351,S01005351,18.18,16.67,17.65,10.53,11.76,7.69,0,0,0,9.09,15.38,15.38,"","","","","",""
http://statistics.gov.scot/id/statistical-geography/S01005352,S01005352,0,0,0,11.11,8.33,14.29,20,33.33,26.67,21.43,9.09,12.5,"","","","","",""
http://statistics.gov.scot/id/statistical-geography/S01005353,S01005353,13.33,15.38,11.76,11.11,16.67,22.22,28.57,14.29,12.5,6.25,7.14,8.33,"","","","","",""
http://statistics.gov.scot/id/statistical-geography/S01005354,S01005354,0,0,9.09,9.09,8.33,0,10,15.38,15.38,8.33,0,0,"","","","","",""
http://statistics.gov.scot/id/statistical-geography/S01005355,S01005355,28.57,22.22,7.14,0,0,0,9.09,6.67,9.09,0,0,0,"","","","","",""
http://statistics.gov.scot/id/statistical-geography/S01005356,S01005356,0,0,0,0,0,0,0,0,0,0,0,0,"","","","","",""
http://statistics.gov.scot/id/statistical-geography/S01005357,S01005357,14.29,16.67,16.67,12.5,7.14,6.25,12.5,27.27,18.18,15.38,7.69,9.09,"","","","","",""
http://statistics.gov.scot/id/statistical-geography/S01005358,S01005358,11.11,8.33,0,0,0,25,18.18,14.29,0,0,0,0,"","","","","",""
http://statistics.gov.scot/id/statistical-geography/S01005359,S01005359,10,20,7.69,6.25,0,0,0,0,0,9.09,9.09,9.09,"","","","","",""
http://statistics.gov.scot/id/statistical-geography/S01005360,S01005360,8.33,0,0,0,0,0,0,0,0,0,0,0,"","","","","",""
http://statistics.gov.scot/id/statistical-geography/S01005361,S01005361,11.11,10,0,0,0,0,0,0,0,0,0,0,"","","","","",""
http://statistics.gov.scot/id/statistical-geography/S01005362,S01005362,16.67,16.67,11.11,0,0,0,0,0,33.33,20,16.67,0,"","","","","",""
http://statistics.gov.scot/id/statistical-geography/S01005363,S01005363,0,0,0,0,0,0,0,0,0,0,22.22,25,"","","","","",""
http://statistics.gov.scot/id/statistical-geography/S01005364,S01005364,0,0,0,25,25,11.11,0,0,0,0,0,0,"","","","","",""
http://statistics.gov.scot/id/statistical-geography/S01005365,S01005365,0,0,0,0,0,0,0,0,0,0,0,0,"","","","","",""
http://statistics.gov.scot/id/statistical-geography/S01005366,S01005366,0,0,0,0,9.09,10,22.22,25,50,33.33,25,0,"","","","","",""
http://statistics.gov.scot/id/statistical-geography/S01005367,S01005367,30,23.08,13.33,9.09,25,33.33,28.57,18.18,8.33,0,0,9.09,"","","","","",""
http://statistics.gov.scot/id/statistical-geography/S01005368,S01005368,9.09,18.18,18.18,37.5,33.33,25,10,9.09,30,27.27,20,0,"","","","","",""
http://statistics.gov.scot/id/statistical-geography/S01005369,S01005369,27.78,28.57,18.18,25,37.5,50,47.62,40.91,25,5.26,10.53,20,"","","","","",""
http://statistics.gov.scot/id/statistical-geography/S01005370,S01005370,0,0,0,0,14.29,12.5,16.67,0,0,0,16.67,18.18,"","","","","",""
http://statistics.gov.scot/id/statistical-geography/S01005371,S01005371,0,0,0,0,0,0,0,0,0,0,6.67,12.5,"","","","","",""
http://statistics.gov.scot/id/statistical-geography/S01005372,S01005372,21.05,21.05,18.75,25,27.27,15.38,0,5.88,7.14,16.67,6.25,17.65,"","","","","",""
http://statistics.gov.scot/id/statistical-geography/S01005373,S01005373,0,33.33,28.57,22.22,0,0,27.27,33.33,33.33,16.67,25,33.33,"","","","","",""
http://statistics.gov.scot/id/statistical-geography/S01005374,S01005374,26.32,23.08,0,0,0,0,0,5.56,5.26,12.5,20,14.29,"","","","","",""
http://statistics.gov.scot/id/statistical-geography/S01005375,S01005375,0,0,14.29,15.38,14.29,10,0,0,0,20,28.57,16.67,"","","","","",""
http://statistics.gov.scot/id/statistical-geography/S01005376,S01005376,0,0,0,9.09,8.33,11.11,8.33,9.09,8.33,0,0,0,"","","","","",""
http://statistics.gov.scot/id/statistical-geography/S01005377,S01005377,33.33,45.45,52.94,37.5,35.71,16.67,33.33,45.45,36.36,21.43,12.5,26.67,"","","","","",""
http://statistics.gov.scot/id/statistical-geography/S01005378,S01005378,33.33,12.5,28.57,40,60,53.85,40,36.84,38.89,50,44.44,42.86,"","","","","",""
http://statistics.gov.scot/id/statistical-geography/S01005379,S01005379,11.76,9.09,0,0,0,12.5,14.29,18.18,9.09,7.14,10,12.5,"","","","","",""
http://statistics.gov.scot/id/statistical-geography/S01005380,S01005380,71.43,71.43,55.56,40,25,22.22,33.33,66.67,62.5,37.5,25,60,"","","","","",""
http://statistics.gov.scot/id/statistical-geography/S01005381,S01005381,50,42.86,37.5,33.33,33.33,66.67,60,57.14,36.36,53.85,50,50,"","","","","",""
http://statistics.gov.scot/id/statistical-geography/S01005382,S01005382,35.29,35.29,60,70,57.89,50,53.33,30,30.77,25,26.67,12.5,"","","","","",""
http://statistics.gov.scot/id/statistical-geography/S01005383,S01005383,0,0,0,0,0,0,0,0,0,0,0,0,"","","","","",""
http://statistics.gov.scot/id/statistical-geography/S01005384,S01005384,8.33,0,25,57.14,57.14,50,0,0,0,0,0,0,"","","","","",""
http://statistics.gov.scot/id/statistical-geography/S01005385,S01005385,0,0,8.33,5.88,7.14,11.11,20,20,12.5,11.11,8.33,0,"","","","","",""
http://statistics.gov.scot/id/statistical-geography/S01005386,S01005386,14.29,0,0,0,0,0,0,0,20,33.33,20,12.5,"","","","","",""
http://statistics.gov.scot/id/statistical-geography/S01005387,S01005387,7.14,6.25,0,0,0,16.67,33.33,25,11.11,12.5,16.67,20,"","","","","",""
http://statistics.gov.scot/id/statistical-geography/S01005388,S01005388,9.09,0,0,0,0,0,11.11,12.5,10,9.09,9.09,12.5,"","","","","",""
http://statistics.gov.scot/id/statistical-geography/S01005389,S01005389,25,0,14.29,33.33,42.86,30,18.75,15,11.76,9.09,0,7.69,"","","","","",""
http://statistics.gov.scot/id/statistical-geography/S01005390,S01005390,33.33,33.33,28.57,0,0,0,27.27,25,20,0,9.09,10,"","","","","",""
http://statistics.gov.scot/id/statistical-geography/S01005391,S01005391,0,0,0,0,0,0,0,0,0,0,0,0,"","","","","",""
http://statistics.gov.scot/id/statistical-geography/S01005392,S01005392,0,12.5,8.33,8.33,0,12.5,16.67,9.09,0,5.88,9.09,14.29,"","","","","",""
http://statistics.gov.scot/id/statistical-geography/S01005393,S01005393,20,22.22,12.5,0,0,0,0,0,25,25,20,0,"","","","","",""
http://statistics.gov.scot/id/statistical-geography/S01005394,S01005394,0,0,0,0,0,0,0,0,0,0,0,0,"","","","","",""
http://statistics.gov.scot/id/statistical-geography/S01005395,S01005395,0,9.09,9.09,11.11,0,0,0,14.29,14.29,11.11,0,0,"","","","","",""
http://statistics.gov.scot/id/statistical-geography/S01005396,S01005396,12.5,0,0,0,0,0,0,12.5,16.67,25,0,0,"","","","","",""
http://statistics.gov.scot/id/statistical-geography/S01005397,S01005397,20,25,0,33.33,33.33,66.67,50,66.67,50,50,25,16.67,"","","","","",""
http://statistics.gov.scot/id/statistical-geography/S01005398,S01005398,14.29,15.38,9.09,0,0,0,0,0,0,0,0,0,"","","","","",""
http://statistics.gov.scot/id/statistical-geography/S01005399,S01005399,0,0,8.33,10,7.69,7.69,15.38,25,22.22,14.29,13.33,6.25,"","","","","",""
http://statistics.gov.scot/id/statistical-geography/S01005400,S01005400,35,40,30,22.22,35.29,42.11,47.37,35.71,27.78,16.67,10.53,4.76,"","","","","",""
http://statistics.gov.scot/id/statistical-geography/S01005401,S01005401,0,12.5,11.11,11.11,0,0,11.11,9.09,16.67,0,0,0,"","","","","",""
http://statistics.gov.scot/id/statistical-geography/S01005402,S01005402,0,0,0,0,0,16.67,12.5,10,5.88,18.18,21.05,15.79,"","","","","",""
http://statistics.gov.scot/id/statistical-geography/S01005403,S01005403,25,14.29,21.43,23.08,50,30,27.27,26.67,22.22,9.09,0,0,"","","","","",""
http://statistics.gov.scot/id/statistical-geography/S01005404,S01005404,16.67,11.11,10,11.11,22.22,10,9.09,0,0,0,0,0,"","","","","",""
http://statistics.gov.scot/id/statistical-geography/S01005405,S01005405,25,0,20,25,20,0,0,0,0,0,0,0,"","","","","",""
http://statistics.gov.scot/id/statistical-geography/S01005406,S01005406,25,25,40,33.33,50,28.57,16.67,0,0,12.5,20,20,"","","","","",""
http://statistics.gov.scot/id/statistical-geography/S01005407,S01005407,0,0,0,0,0,0,0,0,0,0,0,0,"","","","","",""
http://statistics.gov.scot/id/statistical-geography/S01005408,S01005408,40,0,0,20,14.29,22.22,18.18,22.22,25,14.29,14.29,0,"","","","","",""
http://statistics.gov.scot/id/statistical-geography/S01005409,S01005409,0,0,0,0,16.67,20,23.08,18.18,9.09,0,20,40,"","","","","",""
http://statistics.gov.scot/id/statistical-geography/S01005410,S01005410,0,0,0,0,0,11.11,8.33,6.25,0,0,0,7.14,"","","","","",""
http://statistics.gov.scot/id/statistical-geography/S01005411,S01005411,0,0,0,0,7.14,8.33,10,0,12.5,11.11,12.5,0,"","","","","",""
http://statistics.gov.scot/id/statistical-geography/S01005412,S01005412,0,0,0,0,0,0,0,0,0,0,0,0,"","","","","",""
http://statistics.gov.scot/id/statistical-geography/S01005413,S01005413,11.11,7.69,15.38,10,11.11,0,0,0,0,0,6.25,12.5,"","","","","",""
http://statistics.gov.scot/id/statistical-geography/S01005414,S01005414,0,7.14,11.11,25,0,25,33.33,36.36,23.08,14.29,9.09,0,"","","","","",""
http://statistics.gov.scot/id/statistical-geography/S01005415,S01005415,0,0,0,0,14.29,16.67,20,16.67,16.67,16.67,0,20,"","","","","",""
http://statistics.gov.scot/id/statistical-geography/S01005416,S01005416,50,44.44,53.33,35.29,33.33,23.08,26.67,26.67,23.08,7.69,5.88,12.5,"","","","","",""
http://statistics.gov.scot/id/statistical-geography/S01005417,S01005417,16.67,8.33,0,14.29,27.27,27.27,7.69,0,0,4.35,4.35,4.76,"","","","","",""
http://statistics.gov.scot/id/statistical-geography/S01005418,S01005418,0,20,12.5,11.11,0,0,0,0,0,0,0,0,"","","","","",""
http://statistics.gov.scot/id/statistical-geography/S01005419,S01005419,10,0,0,14.29,18.18,23.08,13.33,8.33,13.33,15.38,28.57,22.22,"","","","","",""
http://statistics.gov.scot/id/statistical-geography/S01005420,S01005420,0,0,16.67,14.29,14.29,0,25,25,22.22,12.5,14.29,0,"","","","","",""
http://statistics.gov.scot/id/statistical-geography/S01005421,S01005421,13.33,10,22.22,25,41.67,35.71,30.77,22.22,11.11,11.11,0,0,"","","","","",""
http://statistics.gov.scot/id/statistical-geography/S01005422,S01005422,11.11,0,0,0,0,0,0,0,28.57,27.27,28.57,23.08,"","","","","",""
http://statistics.gov.scot/id/statistical-geography/S01005423,S01005423,5.56,0,0,6.25,5.88,6.25,0,0,6.25,7.69,9.09,11.11,"","","","","",""
http://statistics.gov.scot/id/statistical-geography/S01005424,S01005424,18.18,8.33,16.67,20,33.33,8.33,15.38,25,41.67,41.67,18.18,16.67,"","","","","",""
http://statistics.gov.scot/id/statistical-geography/S01005425,S01005425,44,52.38,50,50,47.62,35.71,20,22.22,16.67,24.14,14.71,17.65,"","","","","",""
http://statistics.gov.scot/id/statistical-geography/S01005426,S01005426,50,33.33,30.77,30.77,35.29,38.46,30.77,35.71,26.32,31.82,28.57,26.09,"","","","","",""
http://statistics.gov.scot/id/statistical-geography/S01005427,S01005427,16.67,6.67,0,5.88,14.29,15.38,16.67,15.38,16.67,12.5,16.67,18.18,"","","","","",""
http://statistics.gov.scot/id/statistical-geography/S01005428,S01005428,25,10,0,16.67,33.33,50,42.11,43.75,37.5,46.15,33.33,33.33,"","","","","",""
http://statistics.gov.scot/id/statistical-geography/S01005429,S01005429,0,0,0,0,50,16.67,14.29,0,0,0,16.67,27.27,"","","","","",""
http://statistics.gov.scot/id/statistical-geography/S01005430,S01005430,0,0,0,16.67,25,20,0,11.11,14.29,20,0,0,"","","","","",""
http://statistics.gov.scot/id/statistical-geography/S01005431,S01005431,60,22.22,14.29,11.11,33.33,18.18,20,14.29,30,14.29,25,12.5,"","","","","",""
http://statistics.gov.scot/id/statistical-geography/S01005432,S01005432,0,0,0,7.14,8.33,7.14,9.09,8.33,15.38,7.69,9.09,8.33,"","","","","",""
http://statistics.gov.scot/id/statistical-geography/S01005433,S01005433,15.38,27.27,23.08,11.11,0,8.33,15.38,15.79,19.05,22.22,41.67,36.36,"","","","","",""
http://statistics.gov.scot/id/statistical-geography/S01005434,S01005434,33.33,42.86,18.18,7.69,0,7.69,17.65,18.75,13.64,4.76,10,17.65,"","","","","",""
http://statistics.gov.scot/id/statistical-geography/S01005435,S01005435,0,0,9.09,16.67,20,9.09,0,0,6.25,14.29,20,10,"","","","","",""
http://statistics.gov.scot/id/statistical-geography/S01005436,S01005436,28.57,14.29,30,16.67,29.41,15.79,15,0,8.33,8.33,8.7,0,"","","","","",""
http://statistics.gov.scot/id/statistical-geography/S01005437,S01005437,6.25,15.79,22.22,26.67,30,27.27,15.38,13.33,14.29,15.79,11.76,13.04,"","","","","",""
http://statistics.gov.scot/id/statistical-geography/S01005438,S01005438,33.33,37.5,33.33,28.57,25,0,20,27.27,33.33,28.57,10,14.29,"","","","","",""
http://statistics.gov.scot/id/statistical-geography/S01005439,S01005439,16.67,16.67,9.09,0,0,0,12.5,9.09,12.5,8.33,14.29,22.22,"","","","","",""
http://statistics.gov.scot/id/statistical-geography/S01005440,S01005440,0,0,0,0,0,0,0,0,22.22,25,21.05,14.29,"","","","","",""
http://statistics.gov.scot/id/statistical-geography/S01005441,S01005441,11.54,12.5,5,7.14,0,6.25,10.53,9.09,4.17,0,0,0,"","","","","",""
http://statistics.gov.scot/id/statistical-geography/S01005442,S01005442,0,0,0,0,0,0,0,0,0,0,4,7.41,"","","","","",""
http://statistics.gov.scot/id/statistical-geography/S01005443,S01005443,0,27.27,25,15.79,0,0,13.33,12.5,11.76,9.09,11.76,25,"","","","","",""
http://statistics.gov.scot/id/statistical-geography/S01005444,S01005444,12.5,7.69,7.14,0,0,12.5,8.33,13.33,8.33,18.18,12.5,14.29,"","","","","",""
http://statistics.gov.scot/id/statistical-geography/S01005445,S01005445,0,16.67,25,11.11,9.09,7.69,8.33,0,0,11.11,25,40,"","","","","",""
http://statistics.gov.scot/id/statistical-geography/S01005446,S01005446,23.08,21.43,31.58,26.67,22.22,8.33,8.33,11.11,12.5,25,20,12.5,"","","","","",""
http://statistics.gov.scot/id/statistical-geography/S01005447,S01005447,22.22,12.5,16.67,0,0,0,0,0,0,0,0,0,"","","","","",""
http://statistics.gov.scot/id/statistical-geography/S01005448,S01005448,13.33,11.11,7.14,0,0,0,0,0,0,0,0,9.09,"","","","","",""
http://statistics.gov.scot/id/statistical-geography/S01005449,S01005449,6.67,0,0,6.67,11.76,14.29,9.09,10,11.11,11.11,0,0,"","","","","",""
http://statistics.gov.scot/id/statistical-geography/S01005450,S01005450,0,0,16.67,37.5,40,33.33,30,27.27,25,14.29,0,0,"","","","","",""
http://statistics.gov.scot/id/statistical-geography/S01005451,S01005451,0,0,0,10,10,12.5,14.29,20,25,12.5,12.5,11.11,"","","","","",""
http://statistics.gov.scot/id/statistical-geography/S01005452,S01005452,0,0,0,0,0,0,0,0,0,0,0,0,"","","","","",""
http://statistics.gov.scot/id/statistical-geography/S01005453,S01005453,20,20,40,25,25,0,0,0,18.18,20,28.57,0,"","","","","",""
http://statistics.gov.scot/id/statistical-geography/S01005454,S01005454,0,0,0,0,0,0,0,0,0,0,8.33,10,"","","","","",""
http://statistics.gov.scot/id/statistical-geography/S01005455,S01005455,11.11,16.67,14.29,0,0,16.67,9.09,18.18,7.69,10,0,0,"","","","","",""
http://statistics.gov.scot/id/statistical-geography/S01005456,S01005456,13.04,15,4.35,4.35,10,21.05,20,20,6.67,5.56,0,0,"","","","","",""
http://statistics.gov.scot/id/statistical-geography/S01005457,S01005457,28.57,18.75,17.65,7.14,14.29,10,23.08,20,25,18.18,23.08,8.33,"","","","","",""
http://statistics.gov.scot/id/statistical-geography/S01005458,S01005458,17.65,15.79,11.76,7.69,7.69,7.69,0,0,8.33,13.33,23.08,16.67,"","","","","",""
http://statistics.gov.scot/id/statistical-geography/S01005459,S01005459,6.67,20,23.08,26.67,7.69,8.33,0,15.38,18.18,15.38,0,0,"","","","","",""
http://statistics.gov.scot/id/statistical-geography/S01005460,S01005460,0,0,0,14.29,33.33,33.33,11.11,10,0,14.29,11.11,12.5,"","","","","",""
http://statistics.gov.scot/id/statistical-geography/S01005461,S01005461,25,11.11,0,11.11,20,14.29,0,0,0,0,0,0,"","","","","",""
http://statistics.gov.scot/id/statistical-geography/S01005462,S01005462,0,8.33,10,11.11,0,0,0,0,0,0,25,33.33,"","","","","",""
http://statistics.gov.scot/id/statistical-geography/S01005463,S01005463,0,0,0,0,0,0,0,0,0,0,0,0,"","","","","",""
http://statistics.gov.scot/id/statistical-geography/S01005464,S01005464,11.11,11.11,0,0,0,0,0,10,12.5,14.29,0,0,"","","","","",""
http://statistics.gov.scot/id/statistical-geography/S01005465,S01005465,0,0,0,0,0,0,0,0,0,0,0,0,"","","","","",""
http://statistics.gov.scot/id/statistical-geography/S01005466,S01005466,6.25,9.09,0,0,0,0,0,0,0,0,0,0,"","","","","",""
http://statistics.gov.scot/id/statistical-geography/S01005467,S01005467,0,0,0,0,0,0,0,0,12.5,33.33,40,25,"","","","","",""
http://statistics.gov.scot/id/statistical-geography/S01005468,S01005468,0,0,0,0,7.14,7.14,6.67,0,0,0,0,0,"","","","","",""
http://statistics.gov.scot/id/statistical-geography/S01005469,S01005469,0,0,0,0,0,0,16.67,11.11,12.5,0,0,0,"","","","","",""
http://statistics.gov.scot/id/statistical-geography/S01005470,S01005470,14.29,0,0,0,0,0,0,0,0,0,0,0,"","","","","",""
http://statistics.gov.scot/id/statistical-geography/S01005471,S01005471,0,0,0,0,0,0,0,0,0,0,0,0,"","","","","",""
http://statistics.gov.scot/id/statistical-geography/S01005472,S01005472,0,0,0,6.67,5,13.64,11.54,14.81,8.33,4.35,0,0,"","","","","",""
http://statistics.gov.scot/id/statistical-geography/S01005473,S01005473,20,16.67,14.29,9.09,0,0,0,0,7.69,8.33,18.18,15.38,"","","","","",""
http://statistics.gov.scot/id/statistical-geography/S01005474,S01005474,12.5,11.11,11.11,25,28.57,16.67,0,0,0,16.67,20,33.33,"","","","","",""
http://statistics.gov.scot/id/statistical-geography/S01005475,S01005475,7.14,14.29,14.29,10,0,0,0,0,0,0,10,8.33,"","","","","",""
http://statistics.gov.scot/id/statistical-geography/S01005476,S01005476,0,0,0,0,0,0,4.76,5.56,6.25,0,7.14,8.33,"","","","","",""
http://statistics.gov.scot/id/statistical-geography/S01005477,S01005477,20,25,33.33,25,12.5,6.25,5,10,8.33,20,20,18.18,"","","","","",""
http://statistics.gov.scot/id/statistical-geography/S01005478,S01005478,20,33.33,20,25,26.67,17.65,12.5,0,0,25,22.22,25,"","","","","",""
http://statistics.gov.scot/id/statistical-geography/S01005479,S01005479,0,0,12.5,12.5,14.29,25,28.57,25,22.22,10,0,22.22,"","","","","",""
http://statistics.gov.scot/id/statistical-geography/S01005480,S01005480,0,0,0,0,0,0,0,16.67,20,18.18,8.33,0,"","","","","",""
http://statistics.gov.scot/id/statistical-geography/S01005481,S01005481,30,25,33.33,25,16.67,11.11,12.5,0,14.29,7.14,14.29,8.33,"","","","","",""
http://statistics.gov.scot/id/statistical-geography/S01005482,S01005482,0,0,0,0,0,11.11,12.5,20,25,16.67,27.27,14.29,"","","","","",""
http://statistics.gov.scot/id/statistical-geography/S01005483,S01005483,42.86,33.33,30,11.11,11.11,0,7.69,13.33,8.33,5,0,0,"","","","","",""
http://statistics.gov.scot/id/statistical-geography/S01005484,S01005484,0,14.29,16.67,25,0,11.11,22.22,20,14.29,0,0,0,"","","","","",""
http://statistics.gov.scot/id/statistical-geography/S01005485,S01005485,0,12.5,22.22,20,25,25,66.67,20,22.22,27.27,30,18.18,"","","","","",""
http://statistics.gov.scot/id/statistical-geography/S01005486,S01005486,16.67,25,12.5,27.27,25,42.86,27.27,25,14.29,0,6.67,4.55,"","","","","",""
http://statistics.gov.scot/id/statistical-geography/S01005487,S01005487,75,100,50,12.5,0,0,18.18,25,45.45,33.33,33.33,0,"","","","","",""
http://statistics.gov.scot/id/statistical-geography/S01005488,S01005488,9.09,21.43,25,40,28.57,22.22,12.5,14.29,0,0,0,18.18,"","","","","",""
http://statistics.gov.scot/id/statistical-geography/S01005489,S01005489,0,8.33,11.11,7.14,0,0,0,0,6.67,7.14,16.67,10,"","","","","",""
http://statistics.gov.scot/id/statistical-geography/S01005490,S01005490,0,0,0,0,0,50,40,28.57,16.67,20,25,25,"","","","","",""
http://statistics.gov.scot/id/statistical-geography/S01005491,S01005491,14.29,0,0,0,0,16.67,22.22,27.27,18.18,20,33.33,40,"","","","","",""
http://statistics.gov.scot/id/statistical-geography/S01005492,S01005492,18.75,25,27.27,25,12.5,0,0,0,0,0,0,12.5,"","","","","",""
http://statistics.gov.scot/id/statistical-geography/S01005493,S01005493,11.11,16.67,11.11,10,6.67,11.11,12.5,10,0,0,0,0,"","","","","",""
http://statistics.gov.scot/id/statistical-geography/S01005494,S01005494,0,0,14.29,12.5,28.57,25,20,25,7.14,11.11,4,4,"","","","","",""
http://statistics.gov.scot/id/statistical-geography/S01005495,S01005495,12.5,22.22,33.33,20,14.29,7.69,8.33,7.69,11.11,9.09,9.09,6.67,"","","","","",""
http://statistics.gov.scot/id/statistical-geography/S01005496,S01005496,14.29,9.09,0,7.69,8.33,11.76,5.56,5.26,7.41,6.9,8.33,5.13,"","","","","",""
http://statistics.gov.scot/id/statistical-geography/S01005497,S01005497,0,0,0,0,0,0,0,0,0,0,4.17,4.76,"","","","","",""
http://statistics.gov.scot/id/statistical-geography/S01005498,S01005498,26.67,11.11,10,0,10,16.67,11.11,7.14,0,5.26,4.76,5.56,"","","","","",""
http://statistics.gov.scot/id/statistical-geography/S01005499,S01005499,25,33.33,12.5,14.29,16.67,33.33,50,37.5,16.67,10.53,15.38,13.33,"","","","","",""
http://statistics.gov.scot/id/statistical-geography/S01005500,S01005500,0,50,20,23.08,15.38,20,12.5,10,13.33,17.65,22.22,18.75,"","","","","",""
http://statistics.gov.scot/id/statistical-geography/S01005501,S01005501,12.5,14.29,14.29,0,0,0,0,0,10,6.9,8.57,6.25,"","","","","",""
http://statistics.gov.scot/id/statistical-geography/S01005502,S01005502,13.33,6.67,16.67,6.67,17.65,17.65,23.08,6.25,0,0,0,0,"","","","","",""
http://statistics.gov.scot/id/statistical-geography/S01005503,S01005503,20,0,11.11,11.11,25,22.22,33.33,20,12.5,0,0,0,"","","","","",""
http://statistics.gov.scot/id/statistical-geography/S01005504,S01005504,25,22.22,14.29,0,25,12.5,22.22,5,11.76,5.26,10,0,"","","","","",""
http://statistics.gov.scot/id/statistical-geography/S01005505,S01005505,0,0,0,0,18.18,20,25,0,7.14,6.67,6.25,0,"","","","","",""
http://statistics.gov.scot/id/statistical-geography/S01005506,S01005506,5.88,13.33,20,17.65,15.38,18.18,18.18,26.32,22.22,13.04,5.26,4.76,"","","","","",""
http://statistics.gov.scot/id/statistical-geography/S01005507,S01005507,16.67,0,0,5.88,6.67,11.11,0,20,13.33,15.79,20,22.22,"","","","","",""
http://statistics.gov.scot/id/statistical-geography/S01005508,S01005508,20,25,6.25,5.88,5.56,9.09,14.29,13.04,10.53,9.52,4.35,3.45,"","","","","",""
http://statistics.gov.scot/id/statistical-geography/S01005509,S01005509,16.67,21.05,20,23.08,12.5,7.14,0,0,0,0,0,0,"","","","","",""
http://statistics.gov.scot/id/statistical-geography/S01005510,S01005510,7.69,7.69,16.67,11.11,25,16.67,14.29,0,0,0,0,0,"","","","","",""
http://statistics.gov.scot/id/statistical-geography/S01005511,S01005511,0,0,0,0,0,0,0,0,0,0,0,0,"","","","","",""
http://statistics.gov.scot/id/statistical-geography/S01005512,S01005512,22.22,28.57,50,0,0,12.5,11.11,11.11,11.11,14.29,12.5,10,"","","","","",""
http://statistics.gov.scot/id/statistical-geography/S01005513,S01005513,0,0,0,5.88,6.67,12.5,7.69,7.14,0,0,3.7,3.7,"","","","","",""
http://statistics.gov.scot/id/statistical-geography/S01005514,S01005514,0,0,0,0,0,0,0,0,0,0,0,0,"","","","","",""
http://statistics.gov.scot/id/statistical-geography/S01005515,S01005515,0,0,0,0,0,10,11.11,16.67,0,6.25,5,9.09,"","","","","",""
http://statistics.gov.scot/id/statistical-geography/S01005516,S01005516,0,16.67,16.67,20,0,11.11,18.18,25,14.29,0,9.09,6.67,"","","","","",""
http://statistics.gov.scot/id/statistical-geography/S01005517,S01005517,36.36,30.77,20,9.09,0,0,11.11,9.09,11.11,12.5,14.81,13.64,"","","","","",""
http://statistics.gov.scot/id/statistical-geography/S01005518,S01005518,18.75,11.11,9.09,16.67,16.67,8.33,0,0,5.26,4.17,3.03,0,"","","","","",""
http://statistics.gov.scot/id/statistical-geography/S01005519,S01005519,0,0,0,0,0,25,20,16.67,0,0,0,0,"","","","","",""
http://statistics.gov.scot/id/statistical-geography/S01005520,S01005520,0,11.11,11.11,12.5,0,0,0,0,0,0,0,0,"","","","","",""
http://statistics.gov.scot/id/statistical-geography/S01005521,S01005521,0,0,0,0,12.5,20,16.67,15.38,10,14.29,0,10,"","","","","",""
http://statistics.gov.scot/id/statistical-geography/S01005522,S01005522,16.67,0,0,0,16.67,14.29,14.29,14.29,20,14.29,0,0,"","","","","",""
http://statistics.gov.scot/id/statistical-geography/S01005523,S01005523,14.29,0,0,40,40,40,16.67,12.5,9.09,0,8.33,10,"","","","","",""
http://statistics.gov.scot/id/statistical-geography/S01005524,S01005524,0,50,20,14.29,14.29,16.67,28.57,16.67,14.29,0,25,33.33,"","","","","",""
http://statistics.gov.scot/id/statistical-geography/S01005525,S01005525,0,0,0,0,0,28.57,25,41.67,60,57.14,40,33.33,"","","","","",""
http://statistics.gov.scot/id/statistical-geography/S01005526,S01005526,29.41,37.5,38.89,46.67,43.75,47.37,52.94,58.33,70,50,42.86,40,"","","","","",""
http://statistics.gov.scot/id/statistical-geography/S01005527,S01005527,25,44.44,45.45,44.44,42.86,37.5,30,36.36,60,54.55,40,25,"","","","","",""
http://statistics.gov.scot/id/statistical-geography/S01005528,S01005528,0,0,25,28.57,42.86,50,50,50,20,16.67,28.57,20,"","","","","",""
http://statistics.gov.scot/id/statistical-geography/S01005529,S01005529,38.46,33.33,41.67,28.57,31.25,28.57,36.36,28.57,30,27.27,21.05,15.38,"","","","","",""
http://statistics.gov.scot/id/statistical-geography/S01005530,S01005530,44.44,30,16.67,28.57,50,40,37.5,50,41.67,42.86,12.5,28.57,"","","","","",""
http://statistics.gov.scot/id/statistical-geography/S01005531,S01005531,14.29,16.67,0,0,0,0,25,28.57,25,14.29,11.11,14.29,"","","","","",""
http://statistics.gov.scot/id/statistical-geography/S01005532,S01005532,11.11,10,11.11,22.22,42.86,33.33,12.5,18.18,23.08,33.33,27.27,18.18,"","","","","",""
http://statistics.gov.scot/id/statistical-geography/S01005533,S01005533,0,16.67,33.33,37.5,33.33,25,28.57,16.67,14.29,0,20,16.67,"","","","","",""
http://statistics.gov.scot/id/statistical-geography/S01005534,S01005534,16.67,0,0,0,0,0,11.11,14.29,28.57,16.67,16.67,0,"","","","","",""
http://statistics.gov.scot/id/statistical-geography/S01005535,S01005535,27.27,25,25,33.33,42.86,41.67,41.67,30.77,44.44,55.56,50,28.57,"","","","","",""
http://statistics.gov.scot/id/statistical-geography/S01005536,S01005536,13.33,20,18.18,0,0,0,0,0,0,0,0,5.88,"","","","","",""
http://statistics.gov.scot/id/statistical-geography/S01005537,S01005537,25,0,11.11,12.5,50,25,44.44,33.33,41.67,20,12.5,0,"","","","","",""
http://statistics.gov.scot/id/statistical-geography/S01005538,S01005538,14.29,0,0,0,12.5,20,25,0,0,25,18.18,22.22,"","","","","",""
http://statistics.gov.scot/id/statistical-geography/S01005539,S01005539,28.57,42.86,40,16.67,0,0,0,0,0,6.67,10,25,"","","","","",""
http://statistics.gov.scot/id/statistical-geography/S01005540,S01005540,25,33.33,36.36,40,23.08,23.08,15.38,18.18,16.67,22.22,21.05,37.5,"","","","","",""
http://statistics.gov.scot/id/statistical-geography/S01005541,S01005541,14.29,31.25,33.33,30.77,11.11,14.29,0,0,15.38,16.67,20,0,"","","","","",""
http://statistics.gov.scot/id/statistical-geography/S01005542,S01005542,36.36,22.22,14.29,20,20,14.29,20,14.29,0,8.33,10,16.67,"","","","","",""
http://statistics.gov.scot/id/statistical-geography/S01005543,S01005543,35.71,26.32,26.67,12.5,15.38,15.38,25,12.5,14.29,0,0,0,"","","","","",""
http://statistics.gov.scot/id/statistical-geography/S01005544,S01005544,9.09,15.38,12.5,20,20,12.5,22.22,23.08,30,20,28.57,28.57,"","","","","",""
http://statistics.gov.scot/id/statistical-geography/S01005545,S01005545,12.5,30,40,35.71,30.77,8.33,7.69,5.26,10,16.67,19.05,17.65,"","","","","",""
http://statistics.gov.scot/id/statistical-geography/S01005546,S01005546,28.57,28.57,28.57,0,0,0,0,0,0,6.67,7.69,7.69,"","","","","",""
http://statistics.gov.scot/id/statistical-geography/S01005547,S01005547,0,0,0,0,0,0,0,0,0,0,0,0,"","","","","",""
http://statistics.gov.scot/id/statistical-geography/S01005548,S01005548,0,0,0,0,0,0,0,0,0,0,0,0,"","","","","",""
http://statistics.gov.scot/id/statistical-geography/S01005549,S01005549,13.33,13.33,15.38,13.33,12.5,15.79,11.76,18.75,15.79,12,4,0,"","","","","",""
http://statistics.gov.scot/id/statistical-geography/S01005550,S01005550,0,0,0,0,0,0,0,0,0,0,0,0,"","","","","",""
http://statistics.gov.scot/id/statistical-geography/S01005551,S01005551,0,0,0,0,0,0,0,0,0,0,0,0,"","","","","",""
http://statistics.gov.scot/id/statistical-geography/S01005552,S01005552,0,0,0,0,14.29,20,50,0,0,25,25,20,"","","","","",""
http://statistics.gov.scot/id/statistical-geography/S01005553,S01005553,40,20,0,11.11,12.5,25,20,20,20,0,0,0,"","","","","",""
http://statistics.gov.scot/id/statistical-geography/S01005554,S01005554,0,0,0,0,25,50,25,0,28.57,40,33.33,0,"","","","","",""
http://statistics.gov.scot/id/statistical-geography/S01005555,S01005555,0,0,0,0,0,0,0,0,0,0,0,0,"","","","","",""
http://statistics.gov.scot/id/statistical-geography/S01005556,S01005556,0,0,0,0,0,0,0,20,16.67,33.33,20,20,"","","","","",""
http://statistics.gov.scot/id/statistical-geography/S01005557,S01005557,53.33,50,36.36,30,0,0,10,40,50,62.5,42.86,25,"","","","","",""
http://statistics.gov.scot/id/statistical-geography/S01005558,S01005558,0,0,0,0,0,0,0,0,0,0,0,0,"","","","","",""
http://statistics.gov.scot/id/statistical-geography/S01005559,S01005559,33.33,37.5,44.44,42.86,44.44,28.57,45.45,42.86,46.67,40,33.33,28.57,"","","","","",""
http://statistics.gov.scot/id/statistical-geography/S01005560,S01005560,20,0,37.5,40,36.36,27.27,23.08,40,40,50,36.36,25,"","","","","",""
http://statistics.gov.scot/id/statistical-geography/S01005561,S01005561,0,0,9.09,12.5,20,10,15.38,7.69,9.09,0,10,10,"","","","","",""
http://statistics.gov.scot/id/statistical-geography/S01005562,S01005562,0,0,12.5,12.5,16.67,0,0,0,0,0,0,0,"","","","","",""
http://statistics.gov.scot/id/statistical-geography/S01005563,S01005563,11.11,19.05,31.25,26.67,16.67,23.08,23.08,20,13.33,13.33,25,28.57,"","","","","",""
http://statistics.gov.scot/id/statistical-geography/S01005564,S01005564,16.67,10,10,0,0,0,0,0,0,0,0,0,"","","","","",""
http://statistics.gov.scot/id/statistical-geography/S01005565,S01005565,0,0,0,0,14.29,12.5,11.11,0,0,33.33,33.33,20,"","","","","",""
http://statistics.gov.scot/id/statistical-geography/S01005566,S01005566,50,33.33,0,0,0,25,25,14.29,0,0,12.5,11.11,"","","","","",""
http://statistics.gov.scot/id/statistical-geography/S01005567,S01005567,14.29,7.69,6.25,15.38,8.33,25,14.29,18.18,6.67,11.76,7.69,14.29,"","","","","",""
http://statistics.gov.scot/id/statistical-geography/S01005568,S01005568,22.22,18.18,12.5,0,0,14.29,30,44.44,37.5,16.67,0,0,"","","","","",""
http://statistics.gov.scot/id/statistical-geography/S01005569,S01005569,0,0,6.25,14.29,15.38,9.09,0,0,0,11.11,15.38,16.67,"","","","","",""
http://statistics.gov.scot/id/statistical-geography/S01005570,S01005570,50,25,36.36,41.67,33.33,16.67,18.18,28.57,28.57,16.67,16.67,0,"","","","","",""
http://statistics.gov.scot/id/statistical-geography/S01005571,S01005571,0,0,0,0,0,0,0,0,0,0,0,0,"","","","","",""
http://statistics.gov.scot/id/statistical-geography/S01005572,S01005572,10,10,0,0,0,0,0,0,0,0,0,0,"","","","","",""
http://statistics.gov.scot/id/statistical-geography/S01005573,S01005573,0,22.22,37.5,50,25,14.29,0,0,0,0,0,0,"","","","","",""
http://statistics.gov.scot/id/statistical-geography/S01005574,S01005574,22.22,22.22,22.22,10,15.38,6.25,6.25,16.67,22.22,37.5,9.09,7.14,"","","","","",""
http://statistics.gov.scot/id/statistical-geography/S01005575,S01005575,12.5,40,33.33,10,0,14.29,66.67,33.33,16.67,0,0,0,"","","","","",""
http://statistics.gov.scot/id/statistical-geography/S01005576,S01005576,11.11,0,9.09,20,21.43,18.18,27.27,42.86,33.33,12.5,0,0,"","","","","",""
http://statistics.gov.scot/id/statistical-geography/S01005577,S01005577,14.29,20,0,0,11.11,12.5,12.5,0,0,0,0,0,"","","","","",""
http://statistics.gov.scot/id/statistical-geography/S01005578,S01005578,16.67,15.38,18.75,14.29,16.67,12.5,20,25,22.22,12.5,7.14,5.56,"","","","","",""
http://statistics.gov.scot/id/statistical-geography/S01005579,S01005579,0,7.14,8.33,15.38,6.67,7.14,0,0,10,9.09,14.29,0,"","","","","",""
http://statistics.gov.scot/id/statistical-geography/S01005580,S01005580,"",0,0,0,0,0,0,0,0,40,66.67,50,"","","","","",""
http://statistics.gov.scot/id/statistical-geography/S01005581,S01005581,0,0,0,0,0,18.18,23.08,25,33.33,40,25,0,"","","","","",""
http://statistics.gov.scot/id/statistical-geography/S01005582,S01005582,0,0,0,0,0,0,14.29,28.57,28.57,14.29,0,0,"","","","","",""
http://statistics.gov.scot/id/statistical-geography/S01005583,S01005583,57.14,40,25,16.67,50,37.5,28.57,0,0,0,0,0,"","","","","",""
http://statistics.gov.scot/id/statistical-geography/S01005584,S01005584,0,0,0,0,16.67,18.18,20,12.5,0,0,0,0,"","","","","",""
http://statistics.gov.scot/id/statistical-geography/S01005585,S01005585,12.5,10,35.71,27.78,40.91,33.33,31.58,15.79,23.53,29.41,26.67,5.56,"","","","","",""
http://statistics.gov.scot/id/statistical-geography/S01005586,S01005586,0,7.14,14.29,11.11,0,0,0,8.33,10,14.29,33.33,25,"","","","","",""
http://statistics.gov.scot/id/statistical-geography/S01005587,S01005587,5.88,18.75,21.43,18.18,11.11,14.29,18.18,20,27.27,18.75,12.5,5.56,"","","","","",""
http://statistics.gov.scot/id/statistical-geography/S01005588,S01005588,0,0,25,40,50,40,20,0,0,0,0,0,"","","","","",""
http://statistics.gov.scot/id/statistical-geography/S01005589,S01005589,5,9.09,10.53,13.33,5.88,9.09,5,6.9,3.33,3.23,0,5.26,"","","","","",""
http://statistics.gov.scot/id/statistical-geography/S01005590,S01005590,30.77,16.67,12.5,18.18,18.18,9.09,33.33,34.78,40.91,23.81,18.18,7.69,"","","","","",""
http://statistics.gov.scot/id/statistical-geography/S01005591,S01005591,40,28.57,23.08,33.33,36.36,18.18,7.69,0,5.88,4.17,5,4.76,"","","","","",""
http://statistics.gov.scot/id/statistical-geography/S01005592,S01005592,33.33,22.22,40,33.33,42.86,20,30,22.22,20,0,25,28.57,"","","","","",""
http://statistics.gov.scot/id/statistical-geography/S01005593,S01005593,46.15,66.67,40,50,53.85,53.33,47.06,41.18,40,33.33,23.81,22.73,"","","","","",""
http://statistics.gov.scot/id/statistical-geography/S01005594,S01005594,21.05,15.38,22.22,20,21.43,17.65,11.76,22.73,28.57,25,21.62,16.67,"","","","","",""
http://statistics.gov.scot/id/statistical-geography/S01005595,S01005595,62.5,45.45,42.86,37.5,57.14,64.29,57.89,40,34.78,42.86,50,43.75,"","","","","",""
http://statistics.gov.scot/id/statistical-geography/S01005596,S01005596,42.86,44.44,23.08,23.08,30,60,25,50,37.5,50,0,0,"","","","","",""
http://statistics.gov.scot/id/statistical-geography/S01005597,S01005597,30,26.67,16.67,14.29,11.76,20,15.79,11.76,6.25,6.67,6.25,5.56,"","","","","",""
http://statistics.gov.scot/id/statistical-geography/S01005598,S01005598,23.81,33.33,26.67,35.29,20,38.89,27.78,39.13,39.13,53.85,50,37.04,"","","","","",""
http://statistics.gov.scot/id/statistical-geography/S01005599,S01005599,42.86,37.5,16.67,25,12.5,20,25,50,33.33,38.46,29.41,37.5,"","","","","",""
http://statistics.gov.scot/id/statistical-geography/S01005600,S01005600,70.59,60,63.64,41.67,46.15,40,52.38,53.33,57.14,28.57,25,25,"","","","","",""
http://statistics.gov.scot/id/statistical-geography/S01005601,S01005601,20,0,0,7.69,33.33,35.71,50,22.22,25,16.67,15.38,13.33,"","","","","",""
http://statistics.gov.scot/id/statistical-geography/S01005602,S01005602,12.5,22.22,40,36.36,28.57,0,12.5,25,22.22,22.22,12.5,16.67,"","","","","",""
http://statistics.gov.scot/id/statistical-geography/S01005603,S01005603,14.29,20,25,37.5,37.5,20,16.67,12.5,12.5,16.67,16.67,27.78,"","","","","",""
http://statistics.gov.scot/id/statistical-geography/S01005604,S01005604,20,30,28.57,53.85,54.55,47.37,33.33,23.08,0,18.18,26.67,43.75,"","","","","",""
http://statistics.gov.scot/id/statistical-geography/S01005605,S01005605,13.33,15.38,7.14,4.35,4,5.26,0,0,5.26,5.26,13.33,14.29,"","","","","",""
http://statistics.gov.scot/id/statistical-geography/S01005606,S01005606,0,0,15.38,16.67,16.67,9.09,13.33,13.33,5.88,0,6.67,7.14,"","","","","",""
http://statistics.gov.scot/id/statistical-geography/S01005607,S01005607,16.67,20,0,10,14.29,15.38,9.09,0,0,0,0,0,"","","","","",""
http://statistics.gov.scot/id/statistical-geography/S01005608,S01005608,13.33,8.33,0,0,0,0,0,0,0,0,0,0,"","","","","",""
http://statistics.gov.scot/id/statistical-geography/S01005609,S01005609,14.29,14.29,8.33,15.38,8.33,18.18,20,13.33,11.76,5.88,7.69,11.11,"","","","","",""
http://statistics.gov.scot/id/statistical-geography/S01005610,S01005610,10,0,12.5,25,25,18.18,11.11,11.11,0,0,0,0,"","","","","",""
http://statistics.gov.scot/id/statistical-geography/S01005611,S01005611,43.75,53.33,54.55,60,57.14,50,37.5,30,33.33,22.22,31.58,23.81,"","","","","",""
http://statistics.gov.scot/id/statistical-geography/S01005612,S01005612,0,0,0,0,0,0,0,4.55,5.88,5.26,0,0,"","","","","",""
http://statistics.gov.scot/id/statistical-geography/S01005613,S01005613,9.09,9.09,0,0,0,0,0,0,0,0,6.67,5.88,"","","","","",""
http://statistics.gov.scot/id/statistical-geography/S01005614,S01005614,50,57.14,22.22,0,0,12.5,14.29,23.53,20,21.43,9.09,8.33,"","","","","",""
http://statistics.gov.scot/id/statistical-geography/S01005615,S01005615,5.26,11.11,5.88,6.25,14.29,18.75,21.05,13.64,10.53,11.11,12.5,13.33,"","","","","",""
http://statistics.gov.scot/id/statistical-geography/S01005616,S01005616,15.38,16.67,16.67,0,0,0,0,0,0,0,10,16.67,"","","","","",""
http://statistics.gov.scot/id/statistical-geography/S01005617,S01005617,8.33,18.18,9.09,9.09,8.33,10,15.38,16.67,12.5,16.67,10,12.5,"","","","","",""
http://statistics.gov.scot/id/statistical-geography/S01005618,S01005618,25,0,0,25,40,37.5,25,11.11,16.67,22.22,33.33,23.08,"","","","","",""
http://statistics.gov.scot/id/statistical-geography/S01005619,S01005619,0,14.29,14.29,12.5,0,0,0,0,0,0,0,0,"","","","","",""
http://statistics.gov.scot/id/statistical-geography/S01005620,S01005620,0,0,0,0,16.67,20,40,14.29,12.5,16.67,25,33.33,"","","","","",""
http://statistics.gov.scot/id/statistical-geography/S01005621,S01005621,0,0,9.09,20,41.67,35.71,31.25,30.77,35.71,42.86,28.57,22.22,"","","","","",""
http://statistics.gov.scot/id/statistical-geography/S01005622,S01005622,8.33,12.5,0,0,0,0,0,14.29,18.18,16.67,9.09,0,"","","","","",""
http://statistics.gov.scot/id/statistical-geography/S01005623,S01005623,22.22,25,11.11,11.11,8.33,20,27.27,30,20,0,0,0,"","","","","",""
http://statistics.gov.scot/id/statistical-geography/S01005624,S01005624,12.5,0,0,0,0,0,0,0,0,0,0,0,"","","","","",""
http://statistics.gov.scot/id/statistical-geography/S01005625,S01005625,11.11,0,16.67,28.57,28.57,20,11.11,18.18,11.11,14.29,0,0,"","","","","",""
http://statistics.gov.scot/id/statistical-geography/S01005626,S01005626,50,36.36,33.33,11.11,28.57,36.36,45.45,38.46,25,8.33,0,0,"","","","","",""
http://statistics.gov.scot/id/statistical-geography/S01005627,S01005627,16.67,33.33,33.33,0,0,0,0,20,25,20,25,25,"","","","","",""
http://statistics.gov.scot/id/statistical-geography/S01005628,S01005628,6.67,0,0,12.5,13.33,25,22.22,29.41,12.5,4.17,0,9.52,"","","","","",""
http://statistics.gov.scot/id/statistical-geography/S01005629,S01005629,0,10,10,9.09,0,0,0,0,0,0,0,0,"","","","","",""
http://statistics.gov.scot/id/statistical-geography/S01005630,S01005630,0,0,0,0,0,0,0,0,0,0,0,0,"","","","","",""
http://statistics.gov.scot/id/statistical-geography/S01005631,S01005631,28.57,25,0,0,0,0,11.11,16.67,11.11,0,11.11,11.11,"","","","","",""
http://statistics.gov.scot/id/statistical-geography/S01005632,S01005632,0,0,0,0,0,0,0,16.67,33.33,50,33.33,0,"","","","","",""
http://statistics.gov.scot/id/statistical-geography/S01005633,S01005633,0,0,20,20,22.22,42.86,33.33,33.33,16.67,22.22,23.08,20,"","","","","",""
http://statistics.gov.scot/id/statistical-geography/S01005634,S01005634,11.11,0,0,14.29,16.67,14.29,0,0,0,0,0,0,"","","","","",""
http://statistics.gov.scot/id/statistical-geography/S01005635,S01005635,0,0,0,0,0,0,0,0,0,0,0,0,"","","","","",""
http://statistics.gov.scot/id/statistical-geography/S01005636,S01005636,0,0,0,0,0,0,0,0,0,0,25,33.33,"","","","","",""
http://statistics.gov.scot/id/statistical-geography/S01005637,S01005637,10,11.11,11.11,0,0,8.33,5.88,13.04,15.38,17.39,11.11,0,"","","","","",""
http://statistics.gov.scot/id/statistical-geography/S01005638,S01005638,14.29,8.33,11.11,14.29,16.67,0,0,0,0,0,0,0,"","","","","",""
http://statistics.gov.scot/id/statistical-geography/S01005639,S01005639,25,37.5,41.67,36.36,33.33,50,28.57,33.33,40,41.67,36.36,23.08,"","","","","",""
http://statistics.gov.scot/id/statistical-geography/S01005640,S01005640,22.22,14.29,16.67,0,6.25,6.25,9.09,0,15.38,17.65,20,9.09,"","","","","",""
http://statistics.gov.scot/id/statistical-geography/S01005641,S01005641,11.11,21.43,33.33,42.86,28.57,9.09,0,22.22,33.33,25,9.09,7.69,"","","","","",""
http://statistics.gov.scot/id/statistical-geography/S01005642,S01005642,0,0,0,0,0,0,0,0,0,0,0,0,"","","","","",""
http://statistics.gov.scot/id/statistical-geography/S01005643,S01005643,0,0,0,0,0,0,0,0,0,0,66.67,50,"","","","","",""
http://statistics.gov.scot/id/statistical-geography/S01005644,S01005644,0,0,0,"","","",0,0,0,0,0,0,"","","","","",""
http://statistics.gov.scot/id/statistical-geography/S01005645,S01005645,0,0,0,0,20,20,20,22.22,20,11.11,0,0,"","","","","",""
http://statistics.gov.scot/id/statistical-geography/S01005646,S01005646,9.09,11.11,16.67,25,16.67,9.09,0,0,0,0,0,11.11,"","","","","",""
http://statistics.gov.scot/id/statistical-geography/S01005647,S01005647,0,0,10,10,7.14,0,0,0,0,0,0,0,"","","","","",""
http://statistics.gov.scot/id/statistical-geography/S01005648,S01005648,0,0,16.67,9.09,6.67,0,8.33,7.69,14.29,7.14,8.33,0,"","","","","",""
http://statistics.gov.scot/id/statistical-geography/S01005649,S01005649,13.64,8,11.11,8.33,11.11,7.69,0,13.33,20,25,13.33,6.67,"","","","","",""
http://statistics.gov.scot/id/statistical-geography/S01005650,S01005650,0,0,0,0,8.33,20,17.65,13.33,0,8.33,10,18.18,"","","","","",""
http://statistics.gov.scot/id/statistical-geography/S01005651,S01005651,23.08,20,16.67,0,0,0,0,14.29,22.22,18.75,20,15.38,"","","","","",""
http://statistics.gov.scot/id/statistical-geography/S01005652,S01005652,8.33,0,14.29,10,8.33,0,0,0,0,0,0,0,"","","","","",""
http://statistics.gov.scot/id/statistical-geography/S01005653,S01005653,42.86,55.56,60,50,20,14.29,20,0,0,8.33,20,23.53,"","","","","",""
http://statistics.gov.scot/id/statistical-geography/S01005654,S01005654,0,0,0,0,0,0,0,0,0,0,0,0,"","","","","",""
http://statistics.gov.scot/id/statistical-geography/S01005655,S01005655,25,40,12.5,7.69,7.69,0,33.33,33.33,22.22,7.14,0,0,"","","","","",""
http://statistics.gov.scot/id/statistical-geography/S01005656,S01005656,25,25,33.33,36.36,41.67,50,44.44,25,11.11,0,0,0,"","","","","",""
http://statistics.gov.scot/id/statistical-geography/S01005657,S01005657,14.29,28.57,22.22,9.09,0,14.29,14.29,20,11.11,25,14.29,12.5,"","","","","",""
http://statistics.gov.scot/id/statistical-geography/S01005658,S01005658,11.11,14.29,14.29,0,0,0,7.14,9.09,16.67,0,0,0,"","","","","",""
http://statistics.gov.scot/id/statistical-geography/S01005659,S01005659,0,0,0,20,33.33,42.86,28.57,10,0,8.33,10,16.67,"","","","","",""
http://statistics.gov.scot/id/statistical-geography/S01005660,S01005660,28.57,26.67,29.41,23.08,18.18,10,10,5.88,15.79,11.11,15.38,0,"","","","","",""
http://statistics.gov.scot/id/statistical-geography/S01005661,S01005661,8.33,9.09,9.09,22.22,16.67,20,0,0,0,0,0,0,"","","","","",""
http://statistics.gov.scot/id/statistical-geography/S01005662,S01005662,50,"",0,0,0,0,0,0,0,50,33.33,33.33,"","","","","",""
http://statistics.gov.scot/id/statistical-geography/S01005663,S01005663,0,0,0,0,0,33.33,100,25,0,0,0,0,"","","","","",""
http://statistics.gov.scot/id/statistical-geography/S01005664,S01005664,0,12.5,10,11.11,0,0,0,0,25,20,25,20,"","","","","",""
http://statistics.gov.scot/id/statistical-geography/S01005665,S01005665,0,0,0,0,0,0,20,16.67,20,0,0,0,"","","","","",""
http://statistics.gov.scot/id/statistical-geography/S01005666,S01005666,13.33,15.38,16.67,15,15.38,15.38,15,11.76,14.29,18.75,26.67,38.46,"","","","","",""
http://statistics.gov.scot/id/statistical-geography/S01005667,S01005667,0,12.5,25,60,40,40,25,33.33,33.33,25,33.33,0,"","","","","",""
http://statistics.gov.scot/id/statistical-geography/S01005668,S01005668,18.18,8.33,18.18,10,27.27,15.38,20,12.5,14.29,25,16.67,13.33,"","","","","",""
http://statistics.gov.scot/id/statistical-geography/S01005669,S01005669,0,0,0,12.5,11.11,9.09,0,0,0,0,0,0,"","","","","",""
http://statistics.gov.scot/id/statistical-geography/S01005670,S01005670,12.5,0,0,0,0,0,0,0,0,16.67,28.57,28.57,"","","","","",""
http://statistics.gov.scot/id/statistical-geography/S01005671,S01005671,0,0,0,0,0,0,0,0,0,16.67,33.33,40,"","","","","",""
http://statistics.gov.scot/id/statistical-geography/S01005672,S01005672,31.58,33.33,28.57,12.5,10,21.43,23.08,33.33,16.67,28.57,10,23.08,"","","","","",""
http://statistics.gov.scot/id/statistical-geography/S01005673,S01005673,12.5,0,12.5,14.29,16.67,0,0,0,20,20,12.5,0,"","","","","",""
http://statistics.gov.scot/id/statistical-geography/S01005674,S01005674,9.09,18.18,18.18,7.69,0,6.25,7.69,7.69,13.33,13.33,21.43,12.5,"","","","","",""
http://statistics.gov.scot/id/statistical-geography/S01005675,S01005675,23.08,33.33,33.33,45.45,40,35.71,27.27,18.18,28.57,15.38,23.08,15.38,"","","","","",""
http://statistics.gov.scot/id/statistical-geography/S01005676,S01005676,8.33,18.75,33.33,45.45,30.77,26.67,33.33,33.33,10,13.33,7.69,7.14,"","","","","",""
http://statistics.gov.scot/id/statistical-geography/S01005677,S01005677,0,11.11,9.09,15.38,10,11.11,14.29,10,10,0,0,0,"","","","","",""
http://statistics.gov.scot/id/statistical-geography/S01005678,S01005678,12.5,0,0,0,0,10,9.09,18.18,11.11,9.09,0,0,"","","","","",""
http://statistics.gov.scot/id/statistical-geography/S01005679,S01005679,33.33,0,0,0,0,11.11,27.27,25,36.36,16.67,18.18,9.09,"","","","","",""
http://statistics.gov.scot/id/statistical-geography/S01005680,S01005680,20,18.75,13.33,8.33,0,0,0,0,0,0,0,0,"","","","","",""
http://statistics.gov.scot/id/statistical-geography/S01005681,S01005681,0,0,0,11.11,10,11.11,10,23.08,25,15.38,0,0,"","","","","",""
http://statistics.gov.scot/id/statistical-geography/S01005682,S01005682,11.11,22.22,25,22.22,20,25,12.5,0,0,0,0,10,"","","","","",""
http://statistics.gov.scot/id/statistical-geography/S01005683,S01005683,54.55,53.85,60,45.45,27.27,21.43,35.71,25,29.41,18.75,22.22,31.25,"","","","","",""
http://statistics.gov.scot/id/statistical-geography/S01005684,S01005684,16.67,25,50,42.86,41.67,33.33,35.29,31.25,21.05,10,12.5,5.88,"","","","","",""
http://statistics.gov.scot/id/statistical-geography/S01005685,S01005685,0,16.67,42.86,30,30,12.5,14.29,0,0,0,0,0,"","","","","",""
http://statistics.gov.scot/id/statistical-geography/S01005686,S01005686,0,0,0,0,0,0,18.18,14.29,21.43,12.5,11.11,11.11,"","","","","",""
http://statistics.gov.scot/id/statistical-geography/S01005687,S01005687,0,0,0,0,0,0,7.14,14.29,22.22,14.29,0,0,"","","","","",""
http://statistics.gov.scot/id/statistical-geography/S01005688,S01005688,0,5.88,7.69,9.09,0,0,0,0,0,0,0,12.5,"","","","","",""
http://statistics.gov.scot/id/statistical-geography/S01005689,S01005689,12.5,0,0,0,0,0,0,0,0,0,0,0,"","","","","",""
http://statistics.gov.scot/id/statistical-geography/S01005690,S01005690,0,0,10,10,11.11,0,0,0,0,0,0,0,"","","","","",""
http://statistics.gov.scot/id/statistical-geography/S01005691,S01005691,0,0,0,0,0,11.11,20,30,22.22,16.67,0,0,"","","","","",""
http://statistics.gov.scot/id/statistical-geography/S01005692,S01005692,20,15.38,13.33,0,0,0,0,0,25,28.57,22.22,14.29,"","","","","",""
http://statistics.gov.scot/id/statistical-geography/S01005693,S01005693,0,0,0,0,0,0,0,0,0,0,0,0,"","","","","",""
http://statistics.gov.scot/id/statistical-geography/S01005694,S01005694,30,30,12.5,25,20,16.67,18.18,16.67,16.67,0,0,14.29,"","","","","",""
http://statistics.gov.scot/id/statistical-geography/S01005695,S01005695,10,11.11,33.33,37.5,30,16.67,12.5,28.57,46.15,50,36.36,40,"","","","","",""
http://statistics.gov.scot/id/statistical-geography/S01005696,S01005696,30,33.33,33.33,42.86,33.33,33.33,40,37.5,33.33,14.29,0,0,"","","","","",""
http://statistics.gov.scot/id/statistical-geography/S01005697,S01005697,53.85,45.45,66.67,20,25,11.11,14.29,25,33.33,20,0,9.09,"","","","","",""
http://statistics.gov.scot/id/statistical-geography/S01005698,S01005698,20,25,16.67,14.29,20,25,20,0,0,16.67,20,14.29,"","","","","",""
http://statistics.gov.scot/id/statistical-geography/S01005699,S01005699,0,0,0,14.29,20,22.22,0,6.67,15.38,25,30,18.75,"","","","","",""
http://statistics.gov.scot/id/statistical-geography/S01005700,S01005700,0,5.26,5.56,6.67,0,0,0,0,0,0,0,0,"","","","","",""
http://statistics.gov.scot/id/statistical-geography/S01005701,S01005701,40,46.15,36.36,37.5,11.11,9.09,7.14,6.67,7.69,10,12.5,10,"","","","","",""
http://statistics.gov.scot/id/statistical-geography/S01005702,S01005702,22.22,30,22.22,20,12.5,20,50,33.33,25,0,16.67,14.29,"","","","","",""
http://statistics.gov.scot/id/statistical-geography/S01005703,S01005703,22.22,14.29,14.29,0,0,0,33.33,20,20,0,0,0,"","","","","",""
http://statistics.gov.scot/id/statistical-geography/S01005704,S01005704,0,16.67,25,14.29,0,0,22.22,23.08,31.25,27.27,20,0,"","","","","",""
http://statistics.gov.scot/id/statistical-geography/S01005705,S01005705,20,0,12.5,12.5,10,0,0,0,4.76,6.25,5.26,0,"","","","","",""
http://statistics.gov.scot/id/statistical-geography/S01005706,S01005706,0,0,0,0,0,0,0,0,0,0,0,0,"","","","","",""
http://statistics.gov.scot/id/statistical-geography/S01005707,S01005707,0,16.67,30,38.46,40,20,0,0,10,9.09,10,0,"","","","","",""
http://statistics.gov.scot/id/statistical-geography/S01005708,S01005708,0,0,0,0,0,0,20,14.29,20,0,0,0,"","","","","",""
http://statistics.gov.scot/id/statistical-geography/S01005709,S01005709,11.11,0,7.14,16.67,20,13.33,14.29,30.77,33.33,22.22,9.09,9.09,"","","","","",""
http://statistics.gov.scot/id/statistical-geography/S01005710,S01005710,0,0,0,0,0,0,0,0,0,0,0,0,"","","","","",""
http://statistics.gov.scot/id/statistical-geography/S01005711,S01005711,0,0,0,0,0,0,0,0,7.69,6.25,7.69,0,"","","","","",""
http://statistics.gov.scot/id/statistical-geography/S01005712,S01005712,0,16.67,14.29,11.11,12.5,40,60,40,16.67,0,0,0,"","","","","",""
http://statistics.gov.scot/id/statistical-geography/S01005713,S01005713,0,0,0,0,0,11.11,11.11,11.11,0,0,0,0,"","","","","",""
http://statistics.gov.scot/id/statistical-geography/S01005714,S01005714,0,7.69,28.57,26.67,25,0,7.14,11.76,15.79,16.67,19.05,15.79,"","","","","",""
http://statistics.gov.scot/id/statistical-geography/S01005715,S01005715,50,28.57,25,12.5,33.33,30,16.67,0,13.33,25,25,18.75,"","","","","",""
http://statistics.gov.scot/id/statistical-geography/S01005716,S01005716,0,0,0,0,0,0,0,0,0,0,100,50,"","","","","",""
http://statistics.gov.scot/id/statistical-geography/S01005717,S01005717,0,0,12.5,11.11,12.5,0,0,0,0,0,0,0,"","","","","",""
http://statistics.gov.scot/id/statistical-geography/S01005718,S01005718,0,0,10,10,23.08,12.5,15.38,7.69,10,11.11,0,0,"","","","","",""
http://statistics.gov.scot/id/statistical-geography/S01005719,S01005719,0,0,0,0,33.33,16.67,20,20,100,25,0,0,"","","","","",""
http://statistics.gov.scot/id/statistical-geography/S01005720,S01005720,16.67,0,0,0,0,0,10,12.5,16.67,0,0,0,"","","","","",""
http://statistics.gov.scot/id/statistical-geography/S01005721,S01005721,40,22.22,0,0,22.22,30,33.33,25,9.09,18.18,10,16.67,"","","","","",""
http://statistics.gov.scot/id/statistical-geography/S01005722,S01005722,0,0,0,0,50,66.67,33.33,14.29,14.29,40,75,33.33,"","","","","",""
http://statistics.gov.scot/id/statistical-geography/S01005723,S01005723,0,0,0,0,0,0,0,0,0,0,0,0,"","","","","",""
http://statistics.gov.scot/id/statistical-geography/S01005724,S01005724,0,0,0,0,16.67,11.11,18.18,10,7.69,0,0,0,"","","","","",""
http://statistics.gov.scot/id/statistical-geography/S01005725,S01005725,11.11,11.11,0,0,0,0,0,0,0,0,0,0,"","","","","",""
http://statistics.gov.scot/id/statistical-geography/S01005726,S01005726,0,16.67,12.5,22.22,30,44.44,30,8.33,7.69,7.69,7.69,0,"","","","","",""
http://statistics.gov.scot/id/statistical-geography/S01005727,S01005727,9.09,0,11.11,16.67,28.57,15.38,12.5,15,16.67,15.38,7.41,10,"","","","","",""
http://statistics.gov.scot/id/statistical-geography/S01005728,S01005728,9.09,15.38,8.33,33.33,37.5,60,33.33,42.86,30,30,0,11.11,"","","","","",""
http://statistics.gov.scot/id/statistical-geography/S01005729,S01005729,14.29,0,0,0,0,16.67,20,16.67,0,25,25,25,"","","","","",""
http://statistics.gov.scot/id/statistical-geography/S01005730,S01005730,30,14.29,20,23.08,33.33,28.57,11.11,7.14,5.88,0,14.29,20,"","","","","",""
http://statistics.gov.scot/id/statistical-geography/S01005731,S01005731,18.18,18.18,8.33,0,0,7.14,6.67,6.67,0,11.11,14.29,37.5,"","","","","",""
http://statistics.gov.scot/id/statistical-geography/S01005732,S01005732,14.29,0,0,9.09,9.09,23.08,16.67,23.08,6.67,10,0,0,"","","","","",""
http://statistics.gov.scot/id/statistical-geography/S01005733,S01005733,0,0,0,0,0,0,0,0,0,0,0,16.67,"","","","","",""
http://statistics.gov.scot/id/statistical-geography/S01005734,S01005734,0,11.11,16.67,14.29,0,16.67,20,28.57,25,28.57,28.57,16.67,"","","","","",""
http://statistics.gov.scot/id/statistical-geography/S01005735,S01005735,0,0,7.69,8.33,8.33,0,0,11.11,14.29,10.53,6.25,0,"","","","","",""
http://statistics.gov.scot/id/statistical-geography/S01005736,S01005736,7.69,11.11,0,0,0,0,11.11,11.11,20,0,0,0,"","","","","",""
http://statistics.gov.scot/id/statistical-geography/S01005737,S01005737,18.18,21.43,9.09,16.67,9.09,14.29,0,10,16.67,25,62.5,41.67,"","","","","",""
http://statistics.gov.scot/id/statistical-geography/S01005738,S01005738,33.33,50,55.56,50,30,25,20,33.33,20,6.67,5.88,6.25,"","","","","",""
http://statistics.gov.scot/id/statistical-geography/S01005739,S01005739,0,7.14,8.33,11.11,0,7.69,8.33,7.14,0,0,8.33,25,"","","","","",""
http://statistics.gov.scot/id/statistical-geography/S01005740,S01005740,0,0,0,0,0,0,0,8.33,6.25,5.88,0,0,"","","","","",""
http://statistics.gov.scot/id/statistical-geography/S01005741,S01005741,11.11,0,0,0,10,14.29,15.38,11.11,0,0,0,0,"","","","","",""
http://statistics.gov.scot/id/statistical-geography/S01005742,S01005742,0,0,0,8.33,8.33,6.67,5.88,5,11.76,15.38,14.29,8.33,"","","","","",""
http://statistics.gov.scot/id/statistical-geography/S01005743,S01005743,0,0,0,0,0,0,0,0,0,0,0,0,"","","","","",""
http://statistics.gov.scot/id/statistical-geography/S01005744,S01005744,23.08,25,9.09,7.14,15.38,20,27.78,25,27.78,17.65,13.33,7.14,"","","","","",""
http://statistics.gov.scot/id/statistical-geography/S01005745,S01005745,23.08,27.27,28.57,25,21.43,6.67,6.25,11.11,23.53,20,14.29,11.76,"","","","","",""
http://statistics.gov.scot/id/statistical-geography/S01005746,S01005746,11.11,0,0,0,20,37.5,42.86,22.22,28.57,28.57,25,0,"","","","","",""
http://statistics.gov.scot/id/statistical-geography/S01005747,S01005747,11.11,0,0,0,0,0,0,0,0,0,0,9.09,"","","","","",""
http://statistics.gov.scot/id/statistical-geography/S01005748,S01005748,0,11.11,40,36.36,33.33,0,0,0,0,0,0,0,"","","","","",""
http://statistics.gov.scot/id/statistical-geography/S01005749,S01005749,12.5,14.29,0,12.5,12.5,22.22,25,50,0,0,7.14,8.33,"","","","","",""
http://statistics.gov.scot/id/statistical-geography/S01005750,S01005750,12.5,14.29,22.22,14.29,28.57,20,16.67,15.38,12.5,25,25,40,"","","","","",""
http://statistics.gov.scot/id/statistical-geography/S01005751,S01005751,10,13.33,7.14,7.14,0,9.09,18.18,14.29,18.18,8.33,21.43,15.38,"","","","","",""
http://statistics.gov.scot/id/statistical-geography/S01005752,S01005752,33.33,23.08,28.57,16.67,50,50,37.5,46.15,38.46,50,50,46.67,"","","","","",""
http://statistics.gov.scot/id/statistical-geography/S01005753,S01005753,16.67,22.22,22.22,16.67,20,27.27,25,18.18,11.11,0,0,16.67,"","","","","",""
http://statistics.gov.scot/id/statistical-geography/S01005754,S01005754,16.67,0,0,0,0,0,0,0,0,14.29,17.65,20,"","","","","",""
http://statistics.gov.scot/id/statistical-geography/S01005755,S01005755,10.53,14.29,21.43,22.22,18.18,15.38,12.5,14.29,7.14,9.09,0,8.33,"","","","","",""
http://statistics.gov.scot/id/statistical-geography/S01005756,S01005756,40,28.57,25,10,9.09,18.18,30,33.33,15.38,13.33,5,11.76,"","","","","",""
http://statistics.gov.scot/id/statistical-geography/S01005757,S01005757,18.18,18.18,22.22,10,20,20,16.67,6.67,8.33,8.33,11.11,11.11,"","","","","",""
http://statistics.gov.scot/id/statistical-geography/S01005758,S01005758,9.09,0,0,0,0,8.33,16.67,16.67,16.67,16.67,21.43,26.67,"","","","","",""
http://statistics.gov.scot/id/statistical-geography/S01005759,S01005759,25,15.38,22.22,12.5,33.33,12.5,10,7.14,15.38,25,37.5,33.33,"","","","","",""
http://statistics.gov.scot/id/statistical-geography/S01005760,S01005760,0,0,10,12.5,28.57,50,28.57,10,0,0,0,0,"","","","","",""
http://statistics.gov.scot/id/statistical-geography/S01005761,S01005761,0,0,0,16.67,14.29,14.29,0,0,10,7.69,7.69,0,"","","","","",""
http://statistics.gov.scot/id/statistical-geography/S01005762,S01005762,7.14,11.11,0,0,12.5,25,20,8.33,0,0,0,0,"","","","","",""
http://statistics.gov.scot/id/statistical-geography/S01005763,S01005763,7.69,0,0,2.7,3.7,6.78,7.69,6.67,8.7,8.16,12,6.12,"","","","","",""
http://statistics.gov.scot/id/statistical-geography/S01005764,S01005764,28.57,30,36.36,41.67,30,30,25,26.67,21.43,12.5,16.67,0,"","","","","",""
http://statistics.gov.scot/id/statistical-geography/S01005765,S01005765,26.67,44.44,30,15.38,7.14,0,7.69,16.67,31.25,33.33,26.67,8.33,"","","","","",""
http://statistics.gov.scot/id/statistical-geography/S01005766,S01005766,7.69,9.09,10,9.09,0,12.5,25,20,0,0,0,11.11,"","","","","",""
http://statistics.gov.scot/id/statistical-geography/S01005767,S01005767,0,0,0,0,0,0,0,0,0,0,14.29,25,"","","","","",""
http://statistics.gov.scot/id/statistical-geography/S01005768,S01005768,7.69,25,26.32,30,21.43,25,16.67,16.67,20,25,28.57,11.11,"","","","","",""
http://statistics.gov.scot/id/statistical-geography/S01005769,S01005769,30.77,35.71,42.86,18.18,9.09,0,0,8.33,10,11.11,10,18.18,"","","","","",""
http://statistics.gov.scot/id/statistical-geography/S01005770,S01005770,0,0,11.11,16.67,20,20,33.33,27.27,22.22,11.11,0,0,"","","","","",""
http://statistics.gov.scot/id/statistical-geography/S01005771,S01005771,9.09,10,0,0,0,0,0,0,11.11,7.69,6.67,0,"","","","","",""
http://statistics.gov.scot/id/statistical-geography/S01005772,S01005772,0,0,0,9.09,8.33,10,0,0,0,11.11,10,10,"","","","","",""
http://statistics.gov.scot/id/statistical-geography/S01005773,S01005773,8.33,0,0,0,0,0,0,0,0,0,25,27.27,"","","","","",""
http://statistics.gov.scot/id/statistical-geography/S01005774,S01005774,9.09,18.18,22.22,33.33,33.33,42.86,33.33,37.5,44.44,42.86,33.33,0,"","","","","",""
http://statistics.gov.scot/id/statistical-geography/S01005775,S01005775,7.14,16.67,33.33,37.5,10,0,10,30,23.08,21.43,15.38,25,"","","","","",""
http://statistics.gov.scot/id/statistical-geography/S01005776,S01005776,7.14,0,0,0,16.67,14.29,14.29,0,16.67,12.5,14.29,22.22,"","","","","",""
http://statistics.gov.scot/id/statistical-geography/S01005777,S01005777,0,0,0,25,28.57,25,14.29,0,0,22.22,20,22.22,"","","","","",""
http://statistics.gov.scot/id/statistical-geography/S01005778,S01005778,0,0,25,40,27.27,18.18,12.5,0,0,0,16.67,10,"","","","","",""
http://statistics.gov.scot/id/statistical-geography/S01005779,S01005779,8.33,9.09,10,8.33,0,7.14,16.67,16.67,15.38,17.65,16.67,15.38,"","","","","",""
http://statistics.gov.scot/id/statistical-geography/S01005780,S01005780,11.11,5,3.33,0,2.78,3.57,9.09,10.53,13.64,8,8.33,4.35,"","","","","",""
http://statistics.gov.scot/id/statistical-geography/S01005781,S01005781,23.08,25,27.27,16,15,5.88,7.69,0,0,4.55,4.76,5.26,"","","","","",""
http://statistics.gov.scot/id/statistical-geography/S01005782,S01005782,12.5,16.67,15.38,12.5,14.29,28.57,44.44,38.46,33.33,22.22,12.5,9.09,"","","","","",""
http://statistics.gov.scot/id/statistical-geography/S01005783,S01005783,0,0,0,0,0,0,0,0,0,0,16.67,16.67,"","","","","",""
http://statistics.gov.scot/id/statistical-geography/S01005784,S01005784,0,0,0,0,0,0,0,0,0,0,0,0,"","","","","",""
http://statistics.gov.scot/id/statistical-geography/S01005785,S01005785,0,0,14.29,28.57,16.67,6.67,0,0,12.5,11.11,8.33,0,"","","","","",""
http://statistics.gov.scot/id/statistical-geography/S01005786,S01005786,37.5,40,42.86,40,28.57,14.29,25,25,25,20,16.67,10,"","","","","",""
http://statistics.gov.scot/id/statistical-geography/S01005787,S01005787,5.56,6.67,10.53,10,5.88,18.18,27.27,33.33,9.09,0,0,0,"","","","","",""
http://statistics.gov.scot/id/statistical-geography/S01005788,S01005788,7.69,7.69,11.11,16.67,14.29,14.29,12.5,0,14.29,11.11,25,22.22,"","","","","",""
http://statistics.gov.scot/id/statistical-geography/S01005789,S01005789,5.56,11.11,6.67,13.33,6.25,14.29,13.33,12.5,0,0,0,0,"","","","","",""
http://statistics.gov.scot/id/statistical-geography/S01005790,S01005790,33.33,25,20,40,37.5,33.33,38.46,44.44,50,50,50,40,"","","","","",""
http://statistics.gov.scot/id/statistical-geography/S01005791,S01005791,28.57,40,0,0,0,10,9.09,9.09,0,0,0,0,"","","","","",""
http://statistics.gov.scot/id/statistical-geography/S01005792,S01005792,9.09,14.29,33.33,38.46,46.15,35.71,37.5,35,27.78,11.11,5,8.7,"","","","","",""
http://statistics.gov.scot/id/statistical-geography/S01005793,S01005793,11.11,10,8.33,8.33,8.33,15.38,16.67,20,25,16.67,9.09,0,"","","","","",""
http://statistics.gov.scot/id/statistical-geography/S01005794,S01005794,6.25,7.69,15.38,28.57,13.33,7.69,0,7.69,9.09,14.29,18.18,28.57,"","","","","",""
http://statistics.gov.scot/id/statistical-geography/S01005795,S01005795,30,50,57.14,46.67,33.33,25,25,16.67,16.67,14.29,10,21.43,"","","","","",""
http://statistics.gov.scot/id/statistical-geography/S01005796,S01005796,0,0,0,0,0,0,0,0,3.7,6.25,6.25,3.33,"","","","","",""
http://statistics.gov.scot/id/statistical-geography/S01005797,S01005797,0,3.03,4,3.57,0,0,0,0,0,0,0,0,"","","","","",""
http://statistics.gov.scot/id/statistical-geography/S01005798,S01005798,21.43,27.27,33.33,33.33,16.67,22.22,27.27,45.45,28.57,23.08,0,16.67,"","","","","",""
http://statistics.gov.scot/id/statistical-geography/S01005799,S01005799,40,40,30,30,28.57,31.25,25,33.33,22.22,16.67,0,0,"","","","","",""
http://statistics.gov.scot/id/statistical-geography/S01005800,S01005800,8.33,11.11,8.33,20,14.29,14.29,0,0,8.33,20,25,20,"","","","","",""
http://statistics.gov.scot/id/statistical-geography/S01005801,S01005801,0,0,0,60,42.86,30,14.29,20,23.08,14.29,0,14.29,"","","","","",""
http://statistics.gov.scot/id/statistical-geography/S01005802,S01005802,12.5,20,20,0,0,0,11.11,11.11,20,8.33,7.69,8.33,"","","","","",""
http://statistics.gov.scot/id/statistical-geography/S01005803,S01005803,37.5,37.5,28.57,0,0,0,9.09,15.38,18.18,12.5,22.22,30,"","","","","",""
http://statistics.gov.scot/id/statistical-geography/S01005804,S01005804,15.38,9.09,0,3.57,4.17,4.11,3.92,2.61,1.6,0,0,1.49,"","","","","",""
http://statistics.gov.scot/id/statistical-geography/S01005805,S01005805,0,0,0,0,0,6.67,14.29,20,33.33,33.33,50,16.67,"","","","","",""
http://statistics.gov.scot/id/statistical-geography/S01005806,S01005806,57.14,37.5,33.33,16.67,27.27,12.5,9.09,13.33,10.53,15.38,0,14.29,"","","","","",""
http://statistics.gov.scot/id/statistical-geography/S01005807,S01005807,16.67,30.77,46.67,46.67,31.25,20,26.67,26.67,28.57,11.11,23.08,20,"","","","","",""
http://statistics.gov.scot/id/statistical-geography/S01005808,S01005808,12.5,0,12.5,12.5,20,54.55,53.85,54.55,33.33,20,25,17.65,"","","","","",""
http://statistics.gov.scot/id/statistical-geography/S01005809,S01005809,44.44,41.67,20,25,0,12.5,11.11,22.22,20,20,20,25,"","","","","",""
http://statistics.gov.scot/id/statistical-geography/S01005810,S01005810,25,25,0,20,12.5,11.11,22.22,50,60,50,20,11.11,"","","","","",""
http://statistics.gov.scot/id/statistical-geography/S01005811,S01005811,46.15,44.44,40,42.86,25,25,30,33.33,41.67,33.33,33.33,25,"","","","","",""
http://statistics.gov.scot/id/statistical-geography/S01005812,S01005812,25,11.11,10,16.67,16.67,16.67,23.53,43.75,42.86,40,9.09,11.76,"","","","","",""
http://statistics.gov.scot/id/statistical-geography/S01005813,S01005813,22.22,30,28.57,22.22,25,27.27,57.14,33.33,30,10,9.09,9.09,"","","","","",""
http://statistics.gov.scot/id/statistical-geography/S01005814,S01005814,20,18.75,16.67,23.08,27.27,27.78,20,26.32,25,18.75,11.76,16.67,"","","","","",""
http://statistics.gov.scot/id/statistical-geography/S01005815,S01005815,0,11.11,25,33.33,20,14.29,18.18,22.22,9.09,0,0,0,"","","","","",""
http://statistics.gov.scot/id/statistical-geography/S01005816,S01005816,0,0,5.56,5.26,6.25,7.14,11.11,28.57,28.57,23.53,9.09,16.67,"","","","","",""
http://statistics.gov.scot/id/statistical-geography/S01005817,S01005817,15.38,14.29,7.69,0,0,6.67,8.33,20,9.09,10,0,16.67,"","","","","",""
http://statistics.gov.scot/id/statistical-geography/S01005818,S01005818,0,0,0,0,0,0,0,0,0,0,0,0,"","","","","",""
http://statistics.gov.scot/id/statistical-geography/S01005819,S01005819,20,0,0,0,20,22.22,22.22,0,12.5,28.57,20,15.38,"","","","","",""
http://statistics.gov.scot/id/statistical-geography/S01005820,S01005820,18.18,18.18,10,0,0,14.29,12.5,20,11.11,10,18.18,14.29,"","","","","",""
http://statistics.gov.scot/id/statistical-geography/S01005821,S01005821,0,0,0,0,0,20,20,40,12.5,14.29,11.11,20,"","","","","",""
http://statistics.gov.scot/id/statistical-geography/S01005822,S01005822,9.52,10.53,15.38,14.29,8.33,0,0,0,0,0,9.09,10,"","","","","",""
http://statistics.gov.scot/id/statistical-geography/S01005823,S01005823,20,16.67,20,16.67,20,12.5,10,28.57,22.22,28.57,0,10,"","","","","",""
http://statistics.gov.scot/id/statistical-geography/S01005824,S01005824,10,10,8.33,11.11,16.67,14.29,0,0,0,0,9.09,9.09,"","","","","",""
http://statistics.gov.scot/id/statistical-geography/S01005825,S01005825,11.11,16.67,14.29,22.22,33.33,42.86,66.67,0,0,0,0,0,"","","","","",""
http://statistics.gov.scot/id/statistical-geography/S01005826,S01005826,12.5,8.33,0,0,0,0,0,0,0,0,0,0,"","","","","",""
http://statistics.gov.scot/id/statistical-geography/S01005827,S01005827,6.25,8.33,0,0,0,6.67,7.14,8.33,0,0,0,0,"","","","","",""
http://statistics.gov.scot/id/statistical-geography/S01005828,S01005828,16.67,18.18,15.38,25,27.78,29.41,28.57,14.29,25,36.36,50,18.18,"","","","","",""
http://statistics.gov.scot/id/statistical-geography/S01005829,S01005829,33.33,25,0,14.29,12.5,25,25,33.33,33.33,33.33,20,20,"","","","","",""
http://statistics.gov.scot/id/statistical-geography/S01005830,S01005830,5.56,0,0,0,16.67,33.33,22.22,10,0,0,0,0,"","","","","",""
http://statistics.gov.scot/id/statistical-geography/S01005831,S01005831,0,6.25,11.11,10.53,8.33,14.29,11.11,16.67,20,25,18.18,8.7,"","","","","",""
http://statistics.gov.scot/id/statistical-geography/S01005832,S01005832,27.78,18.75,23.08,22.22,28.57,7.69,7.69,12.5,16.67,27.27,16.67,14.29,"","","","","",""
http://statistics.gov.scot/id/statistical-geography/S01005833,S01005833,0,0,12.5,10,8.33,0,0,0,0,0,0,0,"","","","","",""
http://statistics.gov.scot/id/statistical-geography/S01005834,S01005834,16.67,12.5,28.57,20,100,0,0,0,20,25,16.67,0,"","","","","",""
http://statistics.gov.scot/id/statistical-geography/S01005835,S01005835,0,0,0,0,0,0,0,0,0,20,18.18,15.38,"","","","","",""
http://statistics.gov.scot/id/statistical-geography/S01005836,S01005836,0,0,0,0,0,0,0,0,0,0,0,0,"","","","","",""
http://statistics.gov.scot/id/statistical-geography/S01005837,S01005837,0,11.11,9.09,12.5,0,0,25,14.29,12.5,0,0,0,"","","","","",""
http://statistics.gov.scot/id/statistical-geography/S01005838,S01005838,11.11,0,16.67,33.33,40,12.5,9.09,0,0,14.29,20,15.38,"","","","","",""
http://statistics.gov.scot/id/statistical-geography/S01005839,S01005839,37.5,44.44,40,23.08,10,6.67,0,0,0,0,0,0,"","","","","",""
http://statistics.gov.scot/id/statistical-geography/S01005840,S01005840,0,0,0,14.29,40,42.86,20,7.69,0,10,20,25,"","","","","",""
http://statistics.gov.scot/id/statistical-geography/S01005841,S01005841,27.27,33.33,38.46,30,14.29,7.69,6.67,6.67,12.5,9.09,20,25,"","","","","",""
http://statistics.gov.scot/id/statistical-geography/S01005842,S01005842,10,10,14.29,0,16.67,44.44,45.45,44.44,25,0,0,0,"","","","","",""
http://statistics.gov.scot/id/statistical-geography/S01005843,S01005843,0,0,0,0,0,0,0,0,0,0,50,33.33,"","","","","",""
http://statistics.gov.scot/id/statistical-geography/S01005844,S01005844,8.33,9.09,12.5,16.67,12.5,0,0,0,0,10,14.29,11.76,"","","","","",""
http://statistics.gov.scot/id/statistical-geography/S01005845,S01005845,0,0,0,0,50,50,50,0,0,0,"","","","","","","",""
http://statistics.gov.scot/id/statistical-geography/S01005846,S01005846,0,0,0,28.57,20,14.29,7.14,9.09,9.09,0,5.88,6.25,"","","","","",""
http://statistics.gov.scot/id/statistical-geography/S01005847,S01005847,12.5,9.09,0,0,0,9.09,20,28.57,16.67,0,0,9.09,"","","","","",""
http://statistics.gov.scot/id/statistical-geography/S01005848,S01005848,16.67,16.67,12.5,7.69,16.67,7.69,10,0,0,0,10,6.25,"","","","","",""
http://statistics.gov.scot/id/statistical-geography/S01005849,S01005849,0,0,0,0,20,25,40,16.67,33.33,25,28.57,7.69,"","","","","",""
http://statistics.gov.scot/id/statistical-geography/S01005850,S01005850,20,15.38,14.29,0,10,20,21.43,25,26.67,33.33,33.33,26.67,"","","","","",""
http://statistics.gov.scot/id/statistical-geography/S01005851,S01005851,20,0,20,14.29,16.67,0,16.67,20,10,0,0,11.11,"","","","","",""
http://statistics.gov.scot/id/statistical-geography/S01005852,S01005852,33.33,22.22,20,25,11.11,12.5,0,40,40,22.22,0,0,"","","","","",""
http://statistics.gov.scot/id/statistical-geography/S01005853,S01005853,26.67,30,66.67,28.57,14.29,0,0,0,0,0,0,0,"","","","","",""
http://statistics.gov.scot/id/statistical-geography/S01005854,S01005854,20,30,38.46,38.46,33.33,40,23.08,10,6.25,14.29,20,18.75,"","","","","",""
http://statistics.gov.scot/id/statistical-geography/S01005855,S01005855,40,45.45,62.5,54.55,40,31.25,20,22.22,20,42.86,27.27,27.27,"","","","","",""
http://statistics.gov.scot/id/statistical-geography/S01005856,S01005856,0,0,0,0,18.18,15.38,25,11.11,16.67,0,0,0,"","","","","",""
http://statistics.gov.scot/id/statistical-geography/S01005857,S01005857,0,44.44,40,40,10,8.33,25,18.75,20,0,0,0,"","","","","",""
http://statistics.gov.scot/id/statistical-geography/S01005858,S01005858,8.33,14.29,25,42.86,37.5,42.86,13.33,17.65,15.79,20,18.75,20,"","","","","",""
http://statistics.gov.scot/id/statistical-geography/S01005859,S01005859,6.25,8.33,10,0,0,0,0,16.67,14.29,8.33,13.33,17.65,"","","","","",""
http://statistics.gov.scot/id/statistical-geography/S01005860,S01005860,7.14,15.38,15.38,10,12.5,9.09,18.18,9.09,8.33,0,6.25,14.29,"","","","","",""
http://statistics.gov.scot/id/statistical-geography/S01005861,S01005861,0,0,0,0,0,0,0,0,0,0,0,0,"","","","","",""
http://statistics.gov.scot/id/statistical-geography/S01005862,S01005862,0,0,14.29,18.18,22.22,20,30,23.08,27.27,12.5,20,0,"","","","","",""
http://statistics.gov.scot/id/statistical-geography/S01005863,S01005863,8.33,0,10,10,22.22,8.33,23.53,16,13.79,3.45,4.17,3.7,"","","","","",""
http://statistics.gov.scot/id/statistical-geography/S01005864,S01005864,16.67,42.86,25,28.57,21.43,15.38,8.33,0,11.11,25,30,30,"","","","","",""
http://statistics.gov.scot/id/statistical-geography/S01005865,S01005865,13.33,22.22,10,20,22.22,22.22,11.11,10,20,23.08,16.67,11.11,"","","","","",""
http://statistics.gov.scot/id/statistical-geography/S01005866,S01005866,0,0,0,0,0,0,7.14,7.14,8.33,11.11,12.5,11.11,"","","","","",""
http://statistics.gov.scot/id/statistical-geography/S01005867,S01005867,8.7,4.17,4.55,5.56,5.26,6.25,0,0,0,0,4.55,10.53,"","","","","",""
http://statistics.gov.scot/id/statistical-geography/S01005868,S01005868,9.09,12.5,0,0,0,0,0,14.29,14.29,16.67,0,0,"","","","","",""
http://statistics.gov.scot/id/statistical-geography/S01005869,S01005869,43.75,46.15,31.25,33.33,22.22,22.22,9.09,8.33,0,0,20,10,"","","","","",""
http://statistics.gov.scot/id/statistical-geography/S01005870,S01005870,0,11.11,14.29,16.67,0,14.29,16.67,20,9.09,7.69,0,0,"","","","","",""
http://statistics.gov.scot/id/statistical-geography/S01005871,S01005871,0,0,0,0,11.11,11.11,11.11,0,0,0,50,28.57,"","","","","",""
http://statistics.gov.scot/id/statistical-geography/S01005872,S01005872,12.5,0,0,0,0,0,0,0,0,0,0,0,"","","","","",""
http://statistics.gov.scot/id/statistical-geography/S01005873,S01005873,16.67,10,0,0,0,36.36,31.25,27.78,5.56,0,0,0,"","","","","",""
http://statistics.gov.scot/id/statistical-geography/S01005874,S01005874,50,40.91,20,33.33,41.18,44.44,43.75,45,40.91,26.09,22.73,29.41,"","","","","",""
http://statistics.gov.scot/id/statistical-geography/S01005875,S01005875,6.67,4.35,11.54,16,22.73,10.53,5.26,6.67,7.69,7.69,0,0,"","","","","",""
http://statistics.gov.scot/id/statistical-geography/S01005876,S01005876,0,0,0,0,0,12.5,14.29,28.57,37.5,33.33,25,0,"","","","","",""
http://statistics.gov.scot/id/statistical-geography/S01005877,S01005877,0,10,18.18,22.22,25,9.09,6.67,6.67,7.69,7.14,0,6.25,"","","","","",""
http://statistics.gov.scot/id/statistical-geography/S01005878,S01005878,0,7.69,8.33,13.33,9.09,14.29,0,0,9.09,9.09,16.67,7.69,"","","","","",""
http://statistics.gov.scot/id/statistical-geography/S01005879,S01005879,0,0,0,9.09,11.11,11.11,0,12.5,33.33,33.33,16.67,0,"","","","","",""
http://statistics.gov.scot/id/statistical-geography/S01005880,S01005880,13.33,16.67,6.67,5.88,0,0,0,0,7.69,8.33,7.14,0,"","","","","",""
http://statistics.gov.scot/id/statistical-geography/S01005881,S01005881,25,11.11,22.22,11.11,16.67,23.08,18.75,26.67,18.18,22.22,10,9.09,"","","","","",""
http://statistics.gov.scot/id/statistical-geography/S01005882,S01005882,0,12.5,12.5,11.11,0,0,0,0,9.09,4.55,4.35,0,"","","","","",""
http://statistics.gov.scot/id/statistical-geography/S01005883,S01005883,25,33.33,25,40,28.57,33.33,0,0,0,0,11.11,11.11,"","","","","",""
http://statistics.gov.scot/id/statistical-geography/S01005884,S01005884,0,0,0,0,0,9.09,12.5,33.33,14.29,22.22,10,10,"","","","","",""
http://statistics.gov.scot/id/statistical-geography/S01005885,S01005885,0,0,0,0,0,0,0,0,0,0,"",0,"","","","","",""
http://statistics.gov.scot/id/statistical-geography/S01005886,S01005886,0,0,25,14.29,8.33,0,0,0,0,0,0,11.11,"","","","","",""
http://statistics.gov.scot/id/statistical-geography/S01005887,S01005887,0,0,0,22.22,20,22.22,0,0,0,0,10,8.33,"","","","","",""
http://statistics.gov.scot/id/statistical-geography/S01005888,S01005888,37.5,41.67,26.67,28.57,25,27.27,30,10,11.11,12.5,10,0,"","","","","",""
http://statistics.gov.scot/id/statistical-geography/S01005889,S01005889,0,0,0,0,0,0,0,7.69,8.33,10,14.29,14.29,"","","","","",""
http://statistics.gov.scot/id/statistical-geography/S01005890,S01005890,16.67,0,0,0,0,0,0,0,0,0,0,0,"","","","","",""
http://statistics.gov.scot/id/statistical-geography/S01005891,S01005891,50,37.5,23.08,18.75,15,12.5,0,33.33,33.33,25,12.5,15.38,"","","","","",""
http://statistics.gov.scot/id/statistical-geography/S01005892,S01005892,21.43,30.77,25,20,14.29,14.29,12.5,9.09,15.38,10,8.33,0,"","","","","",""
http://statistics.gov.scot/id/statistical-geography/S01005893,S01005893,0,0,20,25,33.33,12.5,18.18,18.18,27.27,22.22,25,12.5,"","","","","",""
http://statistics.gov.scot/id/statistical-geography/S01005894,S01005894,11.11,33.33,28.57,30,0,20,11.11,11.11,0,0,14.29,12.5,"","","","","",""
http://statistics.gov.scot/id/statistical-geography/S01005895,S01005895,0,0,0,0,0,0,0,0,0,0,0,0,"","","","","",""
http://statistics.gov.scot/id/statistical-geography/S01005896,S01005896,0,0,0,0,0,0,0,0,0,0,0,0,"","","","","",""
http://statistics.gov.scot/id/statistical-geography/S01005897,S01005897,33.33,33.33,16.67,14.29,0,0,0,0,0,0,0,0,"","","","","",""
http://statistics.gov.scot/id/statistical-geography/S01005898,S01005898,9.09,6.25,0,8.33,33.33,33.33,33.33,22.22,10,23.08,36.36,50,"","","","","",""
http://statistics.gov.scot/id/statistical-geography/S01005899,S01005899,0,0,0,0,0,0,0,0,0,7.69,9.09,8.33,"","","","","",""
http://statistics.gov.scot/id/statistical-geography/S01005900,S01005900,0,0,0,0,11.11,11.11,14.29,20,20,25,16.67,16.67,"","","","","",""
http://statistics.gov.scot/id/statistical-geography/S01005901,S01005901,13.33,11.76,17.65,16.67,16.67,0,0,0,0,0,0,33.33,"","","","","",""
http://statistics.gov.scot/id/statistical-geography/S01005902,S01005902,10,0,0,0,0,0,0,0,0,0,0,0,"","","","","",""
http://statistics.gov.scot/id/statistical-geography/S01005903,S01005903,0,0,5.88,5.56,5.88,0,20,22.22,13.33,0,0,8.33,"","","","","",""
http://statistics.gov.scot/id/statistical-geography/S01005904,S01005904,0,0,0,11.76,8.7,11.11,4.55,11.76,7.69,12.5,0,0,"","","","","",""
http://statistics.gov.scot/id/statistical-geography/S01005905,S01005905,7.14,0,0,9.09,15.38,25,14.29,6.67,5.88,6.67,4.76,0,"","","","","",""
http://statistics.gov.scot/id/statistical-geography/S01005906,S01005906,40,18.18,21.43,21.05,28.57,20,0,11.11,14.29,11.11,0,12.5,"","","","","",""
http://statistics.gov.scot/id/statistical-geography/S01005907,S01005907,0,0,33.33,33.33,33.33,11.11,14.29,0,0,9.09,14.29,11.76,"","","","","",""
http://statistics.gov.scot/id/statistical-geography/S01005908,S01005908,8.33,6.67,0,0,4.35,8.7,10,11.11,14.29,11.11,6.25,4.55,"","","","","",""
http://statistics.gov.scot/id/statistical-geography/S01005909,S01005909,14.29,11.11,9.09,0,0,0,14.29,25,33.33,25,0,0,"","","","","",""
http://statistics.gov.scot/id/statistical-geography/S01005910,S01005910,0,25,25,28.57,0,0,0,0,0,0,16.67,20,"","","","","",""
http://statistics.gov.scot/id/statistical-geography/S01005911,S01005911,16.67,0,0,0,0,0,16.67,11.11,8.33,0,4.76,4.35,"","","","","",""
http://statistics.gov.scot/id/statistical-geography/S01005912,S01005912,28.57,20,12.5,33.33,37.5,23.08,18.75,25,28.57,25,15.38,13.33,"","","","","",""
http://statistics.gov.scot/id/statistical-geography/S01005913,S01005913,35.29,27.78,28.57,25,38.89,46.15,55.56,25,18.18,20,27.78,29.41,"","","","","",""
http://statistics.gov.scot/id/statistical-geography/S01005914,S01005914,0,12.5,25,26.67,23.08,12.5,11.11,10,8.33,0,0,0,"","","","","",""
http://statistics.gov.scot/id/statistical-geography/S01005915,S01005915,18.75,8.33,40,33.33,42.86,0,20,16.67,25,14.29,11.11,0,"","","","","",""
http://statistics.gov.scot/id/statistical-geography/S01005916,S01005916,0,0,0,0,0,0,0,0,0,11.11,12.5,12.5,"","","","","",""
http://statistics.gov.scot/id/statistical-geography/S01005917,S01005917,36.36,42.86,41.18,25,13.33,12.5,23.53,29.41,31.25,30.77,36.36,36.36,"","","","","",""
http://statistics.gov.scot/id/statistical-geography/S01005918,S01005918,12.5,0,10,7.69,27.27,27.27,30,15.38,7.14,8.33,0,12.5,"","","","","",""
http://statistics.gov.scot/id/statistical-geography/S01005919,S01005919,0,0,0,0,0,12.5,12.5,14.29,0,0,0,0,"","","","","",""
http://statistics.gov.scot/id/statistical-geography/S01005920,S01005920,20,0,0,7.69,8.33,8.33,7.69,18.18,18.18,8.33,0,5.88,"","","","","",""
http://statistics.gov.scot/id/statistical-geography/S01005921,S01005921,7.69,10,18.18,18.18,22.22,0,0,0,0,0,0,0,"","","","","",""
http://statistics.gov.scot/id/statistical-geography/S01005922,S01005922,9.09,5.88,7.14,6.67,15.38,16.67,15.38,17.24,12.9,13.04,5.26,12.5,"","","","","",""
http://statistics.gov.scot/id/statistical-geography/S01005923,S01005923,13.33,14.29,27.78,17.65,23.53,6.25,6.67,5.88,6.67,11.11,5.26,6.67,"","","","","",""
http://statistics.gov.scot/id/statistical-geography/S01005924,S01005924,13.33,0,0,0,0,0,0,0,0,0,0,0,"","","","","",""
http://statistics.gov.scot/id/statistical-geography/S01005925,S01005925,0,0,0,0,0,0,0,0,0,0,0,0,"","","","","",""
http://statistics.gov.scot/id/statistical-geography/S01005926,S01005926,7.69,9.09,0,0,18.18,18.18,16.67,0,0,0,0,5.26,"","","","","",""
http://statistics.gov.scot/id/statistical-geography/S01005927,S01005927,0,0,0,11.11,8.33,10,0,20,12.5,10,11.11,14.29,"","","","","",""
http://statistics.gov.scot/id/statistical-geography/S01005928,S01005928,31.25,27.78,18.18,26.32,20,20,14.29,23.53,35.29,31.25,33.33,25,"","","","","",""
http://statistics.gov.scot/id/statistical-geography/S01005929,S01005929,0,14.29,33.33,60,37.5,22.22,7.69,9.09,7.69,8.33,0,6.67,"","","","","",""
http://statistics.gov.scot/id/statistical-geography/S01005930,S01005930,0,0,0,0,0,8.33,11.76,11.11,0,0,0,0,"","","","","",""
http://statistics.gov.scot/id/statistical-geography/S01005931,S01005931,12.5,13.04,11.76,0,8.33,6.67,7.69,0,0,0,0,0,"","","","","",""
http://statistics.gov.scot/id/statistical-geography/S01005932,S01005932,38.46,30.77,33.33,28.57,28.57,28.57,40,25,26.67,8.33,15.38,16.67,"","","","","",""
http://statistics.gov.scot/id/statistical-geography/S01005933,S01005933,0,0,0,0,0,0,0,7.14,10,8.33,0,0,"","","","","",""
http://statistics.gov.scot/id/statistical-geography/S01005934,S01005934,12.5,0,0,0,0,8.33,7.14,11.76,10,10,10,8.33,"","","","","",""
http://statistics.gov.scot/id/statistical-geography/S01005935,S01005935,16.67,40,16.67,14.29,12.5,0,0,0,0,0,0,0,"","","","","",""
http://statistics.gov.scot/id/statistical-geography/S01005936,S01005936,30,15.38,23.08,26.67,28.57,25,14.29,12.5,7.69,7.69,0,15.79,"","","","","",""
http://statistics.gov.scot/id/statistical-geography/S01005937,S01005937,0,0,0,0,0,12.5,12.5,16.67,0,0,0,0,"","","","","",""
http://statistics.gov.scot/id/statistical-geography/S01005938,S01005938,16.67,0,10,5,4,0,0,5,10,9.09,11.76,7.14,"","","","","",""
http://statistics.gov.scot/id/statistical-geography/S01005939,S01005939,7.14,9.09,12.5,33.33,42.86,20,0,7.14,16.67,15.38,16.67,18.18,"","","","","",""
http://statistics.gov.scot/id/statistical-geography/S01005940,S01005940,17.65,15.38,0,12.5,21.05,31.58,36.84,26.32,15.79,0,12.5,18.75,"","","","","",""
http://statistics.gov.scot/id/statistical-geography/S01005941,S01005941,25,25,0,0,0,20,25,33.33,0,0,0,0,"","","","","",""
http://statistics.gov.scot/id/statistical-geography/S01005942,S01005942,0,0,0,0,0,0,0,14.29,12.5,22.22,12.5,7.14,"","","","","",""
http://statistics.gov.scot/id/statistical-geography/S01005943,S01005943,20,19.05,6.67,23.08,15.38,21.43,8.33,7.14,0,0,0,0,"","","","","",""
http://statistics.gov.scot/id/statistical-geography/S01005944,S01005944,6.67,4.35,0,0,7.14,16.67,15.38,9.09,0,0,10,10,"","","","","",""
http://statistics.gov.scot/id/statistical-geography/S01005945,S01005945,13.33,6.25,10.53,5.56,5.88,0,0,0,10.53,21.05,19.05,11.11,"","","","","",""
http://statistics.gov.scot/id/statistical-geography/S01005946,S01005946,21.74,16,26.09,33.33,26.67,7.69,5.88,6.67,8.33,0,10,10,"","","","","",""
http://statistics.gov.scot/id/statistical-geography/S01005947,S01005947,35.71,37.5,12.5,20,27.27,30.77,33.33,29.41,31.25,30.77,23.08,18.75,"","","","","",""
http://statistics.gov.scot/id/statistical-geography/S01005948,S01005948,26.32,35.29,35.71,14.29,27.27,23.08,36.36,25,36.36,30.77,40,25,"","","","","",""
http://statistics.gov.scot/id/statistical-geography/S01005949,S01005949,25,50,71.43,50,28.57,14.29,28.57,36.36,50,38.46,27.27,25,"","","","","",""
http://statistics.gov.scot/id/statistical-geography/S01005950,S01005950,27.27,33.33,16.67,0,0,20,22.22,25,0,16.67,20,28.57,"","","","","",""
http://statistics.gov.scot/id/statistical-geography/S01005951,S01005951,41.18,33.33,36.36,25,13.64,16.13,12.5,12.2,11.63,11.11,15.63,14.29,"","","","","",""
http://statistics.gov.scot/id/statistical-geography/S01005952,S01005952,9.09,8.33,14.29,11.76,23.08,23.81,21.05,9.09,7.14,11.76,5,6.25,"","","","","",""
http://statistics.gov.scot/id/statistical-geography/S01005953,S01005953,11.76,0,15.38,15.38,23.08,6.67,7.14,4.17,3.85,2.63,0,0,"","","","","",""
http://statistics.gov.scot/id/statistical-geography/S01005954,S01005954,33.33,16.67,0,22.22,30,37.5,33.33,25,16.67,11.11,0,10,"","","","","",""
http://statistics.gov.scot/id/statistical-geography/S01005955,S01005955,0,0,14.29,10,10,7.69,9.09,13.33,9.09,11.76,7.69,6.67,"","","","","",""
http://statistics.gov.scot/id/statistical-geography/S01005956,S01005956,25,36.36,25,10,5,4.55,9.52,15.79,17.65,14.29,25,33.33,"","","","","",""
http://statistics.gov.scot/id/statistical-geography/S01005957,S01005957,25,46.67,44.44,47.37,35.71,35.71,30.77,30.77,25,26.32,25,25,"","","","","",""
http://statistics.gov.scot/id/statistical-geography/S01005958,S01005958,25,0,33.33,40,37.5,50,37.5,28.57,0,0,0,0,"","","","","",""
http://statistics.gov.scot/id/statistical-geography/S01005959,S01005959,35.71,33.33,46.15,27.27,38.46,33.33,33.33,14.29,14.29,33.33,37.5,36.36,"","","","","",""
http://statistics.gov.scot/id/statistical-geography/S01005960,S01005960,25,0,0,0,0,0,0,0,0,0,0,0,"","","","","",""
http://statistics.gov.scot/id/statistical-geography/S01005961,S01005961,27.27,27.78,26.32,25,24.14,18.18,13.16,12.9,21.43,29.63,25,16,"","","","","",""
http://statistics.gov.scot/id/statistical-geography/S01005962,S01005962,40,0,0,0,0,25,20,20,16.67,14.29,11.11,0,"","","","","",""
http://statistics.gov.scot/id/statistical-geography/S01005963,S01005963,0,10,12.5,20,0,14.29,14.29,25,0,0,0,0,"","","","","",""
http://statistics.gov.scot/id/statistical-geography/S01005964,S01005964,0,8.33,10,30,23.08,35.71,23.08,25,21.43,21.43,15.38,6.67,"","","","","",""
http://statistics.gov.scot/id/statistical-geography/S01005965,S01005965,6.67,21.43,21.43,26.67,7.69,23.53,28.57,46.15,45.45,30.77,18.18,0,"","","","","",""
http://statistics.gov.scot/id/statistical-geography/S01005966,S01005966,20,22.22,41.18,50,41.18,23.08,14.29,11.11,11.9,11.11,18.52,11.54,"","","","","",""
http://statistics.gov.scot/id/statistical-geography/S01005967,S01005967,31.25,27.27,35.71,33.33,28.57,25,28.57,46.67,41.67,46.67,25,23.08,"","","","","",""
http://statistics.gov.scot/id/statistical-geography/S01005968,S01005968,0,0,0,14.29,14.29,14.29,0,0,4.76,4,8,4.35,"","","","","",""
http://statistics.gov.scot/id/statistical-geography/S01005969,S01005969,14.29,0,0,0,0,0,25,25,16.67,11.11,10,10,"","","","","",""
http://statistics.gov.scot/id/statistical-geography/S01005970,S01005970,12.5,10,12.5,7.69,8.33,0,4.76,5.88,10,0,11.11,15.38,"","","","","",""
http://statistics.gov.scot/id/statistical-geography/S01005971,S01005971,16.67,50,42.86,50,0,16.67,14.29,18.18,16.67,16.67,0,0,"","","","","",""
http://statistics.gov.scot/id/statistical-geography/S01005972,S01005972,0,12.5,11.11,16.67,0,9.09,7.14,6.67,0,0,0,0,"","","","","",""
http://statistics.gov.scot/id/statistical-geography/S01005973,S01005973,18.18,15.38,5.56,6.25,11.76,7.69,6.25,6.67,15.38,30,25,15.38,"","","","","",""
http://statistics.gov.scot/id/statistical-geography/S01005974,S01005974,38.46,50,44.44,33.33,0,20,16.67,16.67,12.5,25,14.29,6.25,"","","","","",""
http://statistics.gov.scot/id/statistical-geography/S01005975,S01005975,37.5,30,36.36,25,25,0,11.11,6.67,7.69,9.09,22.22,36.36,"","","","","",""
http://statistics.gov.scot/id/statistical-geography/S01005976,S01005976,0,0,0,0,0,0,0,0,0,0,0,0,"","","","","",""
http://statistics.gov.scot/id/statistical-geography/S01005977,S01005977,11.11,8.33,12.5,13.33,23.08,30,33.33,36.36,28.57,33.33,33.33,30,"","","","","",""
http://statistics.gov.scot/id/statistical-geography/S01005978,S01005978,10,0,0,7.14,6.67,10,0,0,0,0,8.33,12.5,"","","","","",""
http://statistics.gov.scot/id/statistical-geography/S01005979,S01005979,29.41,28.57,30.77,25,33.33,16.67,18.18,0,0,0,12.5,22.22,"","","","","",""
http://statistics.gov.scot/id/statistical-geography/S01005980,S01005980,0,0,0,0,0,0,0,0,0,0,0,0,"","","","","",""
http://statistics.gov.scot/id/statistical-geography/S01005981,S01005981,41.67,33.33,20,10,0,0,0,0,0,0,0,0,"","","","","",""
http://statistics.gov.scot/id/statistical-geography/S01005982,S01005982,15.38,13.33,18.75,7.14,16.67,10,30.77,20,17.65,7.14,10,14.29,"","","","","",""
http://statistics.gov.scot/id/statistical-geography/S01005983,S01005983,0,0,0,12.5,12.5,16.67,0,0,0,0,0,11.11,"","","","","",""
http://statistics.gov.scot/id/statistical-geography/S01005984,S01005984,0,0,0,0,0,5.88,6.25,10.53,6.25,5.56,0,0,"","","","","",""
http://statistics.gov.scot/id/statistical-geography/S01005985,S01005985,27.27,20,7.69,14.29,0,27.27,21.43,28.57,11.11,12.5,0,7.69,"","","","","",""
http://statistics.gov.scot/id/statistical-geography/S01005986,S01005986,0,0,0,0,0,0,0,0,0,0,0,0,"","","","","",""
http://statistics.gov.scot/id/statistical-geography/S01005987,S01005987,16.67,30.77,18.18,20,0,0,0,0,0,0,0,0,"","","","","",""
http://statistics.gov.scot/id/statistical-geography/S01005988,S01005988,30.77,33.33,42.86,27.27,33.33,11.11,16.67,16.67,12.5,14.29,11.11,18.18,"","","","","",""
http://statistics.gov.scot/id/statistical-geography/S01005989,S01005989,11.11,10,0,0,0,0,0,0,0,0,0,0,"","","","","",""
http://statistics.gov.scot/id/statistical-geography/S01005990,S01005990,40,38.89,50,40,38.71,26.67,33.33,34.62,36,24.14,23.33,21.05,"","","","","",""
http://statistics.gov.scot/id/statistical-geography/S01005991,S01005991,20,23.53,25,38.46,37.5,16.67,0,14.29,13.33,12.5,10,28.57,"","","","","",""
http://statistics.gov.scot/id/statistical-geography/S01005992,S01005992,23.81,31.25,28.57,36.36,33.33,40,42.86,40,40,20,16.67,20,"","","","","",""
http://statistics.gov.scot/id/statistical-geography/S01005993,S01005993,0,0,0,0,0,0,0,0,14.29,16.67,10.53,0,"","","","","",""
http://statistics.gov.scot/id/statistical-geography/S01005994,S01005994,23.08,23.08,0,0,20,25,38.46,35.71,35.71,25,28.57,38.46,"","","","","",""
http://statistics.gov.scot/id/statistical-geography/S01005995,S01005995,20,18.18,11.11,42.86,28.57,22.22,0,16.67,16.67,20,16.67,14.29,"","","","","",""
http://statistics.gov.scot/id/statistical-geography/S01005996,S01005996,0,3.7,3.85,3.45,0,0,0,0,0,0,8.33,16.67,"","","","","",""
http://statistics.gov.scot/id/statistical-geography/S01005997,S01005997,16.67,0,0,12.5,27.27,44.44,50,25,14.29,25,30,28.57,"","","","","",""
http://statistics.gov.scot/id/statistical-geography/S01005998,S01005998,47.06,35.29,23.08,9.09,20,18.18,31.25,23.81,22.73,19.05,16.67,16.67,"","","","","",""
http://statistics.gov.scot/id/statistical-geography/S01005999,S01005999,0,0,0,0,0,0,0,0,3.85,6.25,5,4.76,"","","","","",""
http://statistics.gov.scot/id/statistical-geography/S01006000,S01006000,16.67,28.57,42.86,36.36,33.33,11.11,10.53,5.56,16.67,18.18,25,18.18,"","","","","",""
http://statistics.gov.scot/id/statistical-geography/S01006001,S01006001,7.69,9.09,16.67,11.11,12.5,0,0,9.09,25,25,9.09,0,"","","","","",""
http://statistics.gov.scot/id/statistical-geography/S01006002,S01006002,0,25,16.67,20,0,0,0,0,0,0,0,0,"","","","","",""
http://statistics.gov.scot/id/statistical-geography/S01006003,S01006003,33.33,12.5,0,0,0,0,0,0,0,0,0,0,"","","","","",""
http://statistics.gov.scot/id/statistical-geography/S01006004,S01006004,0,0,0,0,1.89,4.65,8.82,5.88,2.38,2.27,4.17,4.88,"","","","","",""
http://statistics.gov.scot/id/statistical-geography/S01006005,S01006005,32,16.67,11.11,25,10,27.27,14.29,20,9.09,14.29,0,0,"","","","","",""
http://statistics.gov.scot/id/statistical-geography/S01006006,S01006006,0,0,0,0,0,0,0,0,0,0,0,0,"","","","","",""
http://statistics.gov.scot/id/statistical-geography/S01006007,S01006007,50,42.86,33.33,25,16.67,0,12.5,20,25,21.43,25,20,"","","","","",""
http://statistics.gov.scot/id/statistical-geography/S01006008,S01006008,35.29,50,56.25,50,25,60,30,46.15,27.27,37.5,0,0,"","","","","",""
http://statistics.gov.scot/id/statistical-geography/S01006009,S01006009,12.5,0,0,14.29,11.11,14.29,0,0,0,0,0,0,"","","","","",""
http://statistics.gov.scot/id/statistical-geography/S01006010,S01006010,14.29,11.11,8.33,12.5,13.33,11.11,11.11,10,7.14,0,0,0,"","","","","",""
http://statistics.gov.scot/id/statistical-geography/S01006011,S01006011,25,16.67,42.86,27.27,33.33,33.33,38.46,27.27,8.33,7.14,22.22,26.67,"","","","","",""
http://statistics.gov.scot/id/statistical-geography/S01006012,S01006012,25,21.43,18.18,40,55.56,66.67,33.33,0,15.38,14.29,25,20,"","","","","",""
http://statistics.gov.scot/id/statistical-geography/S01006013,S01006013,0,0,0,0,0,0,0,0,0,0,0,0,"","","","","",""
http://statistics.gov.scot/id/statistical-geography/S01006014,S01006014,22.22,10,20,12.5,28.57,28.57,18.75,11.76,11.76,11.11,10,12.5,"","","","","",""
http://statistics.gov.scot/id/statistical-geography/S01006015,S01006015,0,0,0,0,0,0,0,0,0,0,0,0,"","","","","",""
http://statistics.gov.scot/id/statistical-geography/S01006016,S01006016,0,0,0,0,7.14,7.14,6.67,0,0,0,9.09,9.09,"","","","","",""
http://statistics.gov.scot/id/statistical-geography/S01006017,S01006017,30.77,25,23.81,17.39,7.41,0,0,7.69,11.76,26.67,14.29,11.76,"","","","","",""
http://statistics.gov.scot/id/statistical-geography/S01006018,S01006018,16.67,7.69,14.29,7.14,12.5,8.33,9.09,14.29,9.09,8.33,6.67,9.09,"","","","","",""
http://statistics.gov.scot/id/statistical-geography/S01006019,S01006019,8.7,6.25,5.13,7.14,6.9,8.33,12.9,16.67,25,17.65,21.05,11.54,"","","","","",""
http://statistics.gov.scot/id/statistical-geography/S01006020,S01006020,0,0,0,0,0,0,0,0,0,0,0,0,"","","","","",""
http://statistics.gov.scot/id/statistical-geography/S01006021,S01006021,0,0,0,0,0,10.53,10,16.67,14.29,18.18,0,0,"","","","","",""
http://statistics.gov.scot/id/statistical-geography/S01006022,S01006022,9.09,30,18.18,22.22,10,33.33,27.27,16.67,7.69,0,0,0,"","","","","",""
http://statistics.gov.scot/id/statistical-geography/S01006023,S01006023,0,0,0,0,0,0,0,0,0,0,0,0,"","","","","",""
http://statistics.gov.scot/id/statistical-geography/S01006024,S01006024,13.33,14.29,21.43,33.33,22.22,14.29,10,20,30.77,45.45,40,37.5,"","","","","",""
http://statistics.gov.scot/id/statistical-geography/S01006025,S01006025,27.27,28.57,14.29,16.67,25,9.09,11.11,11.11,11.76,7.69,0,0,"","","","","",""
http://statistics.gov.scot/id/statistical-geography/S01006026,S01006026,46.67,42.86,33.33,33.33,16.67,10,10,9.09,11.11,0,0,12.5,"","","","","",""
http://statistics.gov.scot/id/statistical-geography/S01006027,S01006027,0,0,0,0,0,0,0,0,0,0,0,0,"","","","","",""
http://statistics.gov.scot/id/statistical-geography/S01006028,S01006028,20,18.18,12.5,0,0,0,0,9.09,10,11.11,0,0,"","","","","",""
http://statistics.gov.scot/id/statistical-geography/S01006029,S01006029,9.09,10,8.33,0,0,0,0,0,0,0,0,0,"","","","","",""
http://statistics.gov.scot/id/statistical-geography/S01006030,S01006030,0,0,0,0,0,0,0,0,0,0,0,0,"","","","","",""
http://statistics.gov.scot/id/statistical-geography/S01006031,S01006031,14.29,15,11.76,16.67,14.29,13.33,0,4.35,5.41,4.26,2.22,0,"","","","","",""
http://statistics.gov.scot/id/statistical-geography/S01006032,S01006032,18.18,8.33,8.33,0,0,0,14.29,17.65,20,11.11,0,20,"","","","","",""
http://statistics.gov.scot/id/statistical-geography/S01006033,S01006033,7.69,0,0,0,0,0,5.56,4.35,11.11,10.81,12.2,8.57,"","","","","",""
http://statistics.gov.scot/id/statistical-geography/S01006034,S01006034,27.27,33.33,29.41,33.33,18.52,18.92,17.65,21.67,21.57,16.33,17.5,13.21,"","","","","",""
http://statistics.gov.scot/id/statistical-geography/S01006035,S01006035,0,0,0,0,0,0,8.33,8.33,6.67,7.69,6.67,14.29,"","","","","",""
http://statistics.gov.scot/id/statistical-geography/S01006036,S01006036,6.25,3.57,2.13,2.08,2.13,0,2.22,2.78,4.65,1.92,3.9,6.25,"","","","","",""
http://statistics.gov.scot/id/statistical-geography/S01006037,S01006037,8.33,9.09,10,0,15.38,15.38,18.75,5.26,5.88,0,0,0,"","","","","",""
http://statistics.gov.scot/id/statistical-geography/S01006038,S01006038,18.18,14.29,8.33,0,0,0,0,0,0,0,0,0,"","","","","",""
http://statistics.gov.scot/id/statistical-geography/S01006039,S01006039,27.27,20,33.33,30,33.33,20,0,0,0,0,0,7.14,"","","","","",""
http://statistics.gov.scot/id/statistical-geography/S01006040,S01006040,29.41,7.14,15.38,16.67,31.25,23.53,23.08,9.09,28.57,33.33,29.41,15,"","","","","",""
http://statistics.gov.scot/id/statistical-geography/S01006041,S01006041,6.67,0,0,0,9.09,15.38,21.43,30.77,25,18.18,0,0,"","","","","",""
http://statistics.gov.scot/id/statistical-geography/S01006042,S01006042,16.67,11.11,0,0,0,0,0,0,11.11,10,9.09,0,"","","","","",""
http://statistics.gov.scot/id/statistical-geography/S01006043,S01006043,14.29,5.88,0,0,0,0,0,0,11.11,9.09,10,0,"","","","","",""
http://statistics.gov.scot/id/statistical-geography/S01006044,S01006044,14.29,9.09,10,0,0,0,0,0,0,0,12.5,10,"","","","","",""
http://statistics.gov.scot/id/statistical-geography/S01006045,S01006045,7.69,9.09,33.33,25,8.33,0,0,0,0,0,0,0,"","","","","",""
http://statistics.gov.scot/id/statistical-geography/S01006046,S01006046,11.11,18.18,26.67,25,18.18,9.09,9.09,13.33,7.14,12.5,7.69,8.33,"","","","","",""
http://statistics.gov.scot/id/statistical-geography/S01006047,S01006047,40,25,11.11,12.5,40,60,60,14.29,0,0,100,14.29,"","","","","",""
http://statistics.gov.scot/id/statistical-geography/S01006048,S01006048,0,0,14.29,11.11,8.33,0,0,0,0,0,0,0,"","","","","",""
http://statistics.gov.scot/id/statistical-geography/S01006049,S01006049,9.09,9.09,0,0,0,10,20,14.29,6.67,0,0,0,"","","","","",""
http://statistics.gov.scot/id/statistical-geography/S01006050,S01006050,0,4.76,5.26,9.52,6.67,12.5,0,0,0,20,18.18,28.57,"","","","","",""
http://statistics.gov.scot/id/statistical-geography/S01006051,S01006051,0,0,0,6.67,7.69,10,7.69,6.67,11.76,5.88,5.88,0,"","","","","",""
http://statistics.gov.scot/id/statistical-geography/S01006052,S01006052,15.38,6.25,0,0,0,0,0,0,0,0,0,0,"","","","","",""
http://statistics.gov.scot/id/statistical-geography/S01006053,S01006053,0,0,8.33,10,16.67,0,25,25,16.67,0,0,0,"","","","","",""
http://statistics.gov.scot/id/statistical-geography/S01006054,S01006054,0,0,0,0,0,0,5.88,5.26,4.76,0,0,0,"","","","","",""
http://statistics.gov.scot/id/statistical-geography/S01006055,S01006055,0,0,0,0,0,0,6.25,5.26,4.55,0,0,0,"","","","","",""
http://statistics.gov.scot/id/statistical-geography/S01006056,S01006056,10,0,0,0,0,0,0,0,0,0,14.29,9.09,"","","","","",""
http://statistics.gov.scot/id/statistical-geography/S01006057,S01006057,15.38,18.18,22.22,25,16.67,0,0,0,0,9.09,16.67,18.18,"","","","","",""
http://statistics.gov.scot/id/statistical-geography/S01006058,S01006058,33.33,37.5,50,33.33,33.33,22.22,25,18.18,22.22,11.11,10,16.67,"","","","","",""
http://statistics.gov.scot/id/statistical-geography/S01006059,S01006059,0,0,0,0,14.29,11.11,9.09,0,0,0,0,0,"","","","","",""
http://statistics.gov.scot/id/statistical-geography/S01006060,S01006060,5.88,6.67,0,0,0,0,0,0,7.14,9.09,16.67,10,"","","","","",""
http://statistics.gov.scot/id/statistical-geography/S01006061,S01006061,30,27.27,25,14.29,12.5,6.67,12.5,33.33,33.33,20,8.33,7.69,"","","","","",""
http://statistics.gov.scot/id/statistical-geography/S01006062,S01006062,12.5,14.29,12.5,33.33,16.67,23.08,18.18,33.33,22.22,16.67,11.11,10,"","","","","",""
http://statistics.gov.scot/id/statistical-geography/S01006063,S01006063,40,33.33,33.33,40,45.45,44.44,33.33,29.41,33.33,40,46.15,36.36,"","","","","",""
http://statistics.gov.scot/id/statistical-geography/S01006064,S01006064,28.57,16.67,9.09,0,10,12.5,14.29,0,0,0,0,6.25,"","","","","",""
http://statistics.gov.scot/id/statistical-geography/S01006065,S01006065,23.08,18.18,7.69,7.14,7.14,8.33,11.11,20,21.43,21.05,19.05,26.67,"","","","","",""
http://statistics.gov.scot/id/statistical-geography/S01006066,S01006066,5.56,9.09,4.76,5.26,0,6.25,5.88,5.56,10.53,13.04,11.54,4.17,"","","","","",""
http://statistics.gov.scot/id/statistical-geography/S01006177,S01006177,16.67,37.5,50,25,0,25,20,14.29,12.5,33.33,33.33,23.53,"","","","","",""
http://statistics.gov.scot/id/statistical-geography/S01006178,S01006178,10,18.18,9.09,10,0,0,10,7.69,10,0,11.11,9.09,"","","","","",""
http://statistics.gov.scot/id/statistical-geography/S01006179,S01006179,5.88,7.14,0,0,"",33.33,42.86,37.5,28.57,12.5,11.11,7.69,"","","","","",""
http://statistics.gov.scot/id/statistical-geography/S01006180,S01006180,13.64,17.65,8.33,20,100,50,18.18,26.67,22.22,23.08,0,0,"","","","","",""
http://statistics.gov.scot/id/statistical-geography/S01006181,S01006181,53.33,50,54.55,45.45,33.33,25,40,66.67,42.86,33.33,20,20,"","","","","",""
http://statistics.gov.scot/id/statistical-geography/S01006182,S01006182,4.35,9.52,6.67,10,0,0,0,0,0,6.67,5,4.55,"","","","","",""
http://statistics.gov.scot/id/statistical-geography/S01006183,S01006183,22.22,0,0,0,0,28.57,50,52.63,63.16,53.33,45.45,14.29,"","","","","",""
http://statistics.gov.scot/id/statistical-geography/S01006184,S01006184,16.67,11.11,0,0,0,25,50,30,28.57,20,33.33,14.29,"","","","","",""
http://statistics.gov.scot/id/statistical-geography/S01006185,S01006185,28.57,25,25,0,0,0,0,0,11.11,27.27,37.5,28.57,"","","","","",""
http://statistics.gov.scot/id/statistical-geography/S01006186,S01006186,21.43,18.18,22.22,16.67,33.33,0,0,15.38,21.43,23.53,15,8.7,"","","","","",""
http://statistics.gov.scot/id/statistical-geography/S01006187,S01006187,22.73,14.29,18.18,0,40,66.67,38.46,21.05,11.11,15.38,14.29,33.33,"","","","","",""
http://statistics.gov.scot/id/statistical-geography/S01006188,S01006188,27.78,31.25,38.46,25,25,28.57,28.57,10,0,9.09,20,20,"","","","","",""
http://statistics.gov.scot/id/statistical-geography/S01006189,S01006189,28.57,30.43,27.78,25,0,57.14,50,37.5,18.18,25,33.33,33.33,"","","","","",""
http://statistics.gov.scot/id/statistical-geography/S01006190,S01006190,20,12.5,20,0,0,0,0,25,25,14.29,0,0,"","","","","",""
http://statistics.gov.scot/id/statistical-geography/S01006191,S01006191,0,16.67,30,50,60,57.14,28.57,30,11.11,25,18.75,23.08,"","","","","",""
http://statistics.gov.scot/id/statistical-geography/S01006192,S01006192,37.5,22.22,20,25,20,22.22,33.33,26.67,27.27,13.33,15.79,10,"","","","","",""
http://statistics.gov.scot/id/statistical-geography/S01006193,S01006193,0,0,0,0,100,50,50,20,12.5,0,0,0,"","","","","",""
http://statistics.gov.scot/id/statistical-geography/S01006194,S01006194,44.44,75,57.14,40,0,20,25,30,30,18.18,16.67,23.08,"","","","","",""
http://statistics.gov.scot/id/statistical-geography/S01006195,S01006195,50,60,40,33.33,25,33.33,36.36,28.57,27.27,22.22,37.5,27.27,"","","","","",""
http://statistics.gov.scot/id/statistical-geography/S01006196,S01006196,20,40,20,20,0,0,0,0,22.22,20,20,7.14,"","","","","",""
http://statistics.gov.scot/id/statistical-geography/S01006197,S01006197,40,50,58.33,66.67,50,0,0,0,8.33,14.29,25,0,"","","","","",""
http://statistics.gov.scot/id/statistical-geography/S01006198,S01006198,32,31.25,23.08,28.57,25,11.11,0,0,15.38,35.29,47.62,50,"","","","","",""
http://statistics.gov.scot/id/statistical-geography/S01006199,S01006199,12.5,25,37.5,50,66.67,25,0,0,0,0,0,0,"","","","","",""
http://statistics.gov.scot/id/statistical-geography/S01006200,S01006200,25,25,16.67,20,33.33,23.08,15.38,10.53,0,0,16.67,33.33,"","","","","",""
http://statistics.gov.scot/id/statistical-geography/S01006201,S01006201,27.27,8.33,18.18,36.36,37.5,42.86,16.67,9.09,0,6.67,23.08,21.43,"","","","","",""
http://statistics.gov.scot/id/statistical-geography/S01006202,S01006202,62.5,37.5,40,50,100,44.44,46.15,25,21.43,0,25,18.18,"","","","","",""
http://statistics.gov.scot/id/statistical-geography/S01006203,S01006203,0,0,50,100,50,0,0,0,0,0,0,0,"","","","","",""
http://statistics.gov.scot/id/statistical-geography/S01006204,S01006204,40,20,0,0,0,0,0,12.5,14.29,20,12.5,7.69,"","","","","",""
http://statistics.gov.scot/id/statistical-geography/S01006205,S01006205,14.29,12.5,33.33,33.33,50,0,0,0,0,0,0,0,"","","","","",""
http://statistics.gov.scot/id/statistical-geography/S01006206,S01006206,25,0,12.5,20,28.57,14.29,0,0,0,0,0,0,"","","","","",""
http://statistics.gov.scot/id/statistical-geography/S01006207,S01006207,0,0,0,0,33.33,33.33,25,9.09,0,0,0,0,"","","","","",""
http://statistics.gov.scot/id/statistical-geography/S01006208,S01006208,12.5,0,0,0,0,0,0,0,0,28.57,50,30,"","","","","",""
http://statistics.gov.scot/id/statistical-geography/S01006209,S01006209,9.09,9.09,14.29,0,0,"",25,20,16.67,11.11,20,27.27,"","","","","",""
http://statistics.gov.scot/id/statistical-geography/S01006210,S01006210,15.38,18.18,12.5,14.29,0,0,0,0,0,0,0,0,"","","","","",""
http://statistics.gov.scot/id/statistical-geography/S01006211,S01006211,37.5,40,25,0,0,0,0,11.11,12.5,16.67,0,20,"","","","","",""
http://statistics.gov.scot/id/statistical-geography/S01006212,S01006212,7.14,0,0,0,0,0,0,0,0,0,0,0,"","","","","",""
http://statistics.gov.scot/id/statistical-geography/S01006213,S01006213,16.67,0,33.33,33.33,50,0,0,12.5,14.29,25,16.67,12.5,"","","","","",""
http://statistics.gov.scot/id/statistical-geography/S01006214,S01006214,0,8.33,10,25,0,"",0,0,0,0,0,0,"","","","","",""
http://statistics.gov.scot/id/statistical-geography/S01006215,S01006215,22.22,22.22,16.67,50,50,25,0,0,0,11.11,13.33,18.75,"","","","","",""
http://statistics.gov.scot/id/statistical-geography/S01006216,S01006216,18.18,15,5.88,0,16.67,20,30,25,36.36,28.57,25,14.29,"","","","","",""
http://statistics.gov.scot/id/statistical-geography/S01006217,S01006217,37.5,36.36,18.18,10,0,0,0,25,28.57,36.36,27.27,23.53,"","","","","",""
http://statistics.gov.scot/id/statistical-geography/S01006218,S01006218,16.67,14.29,0,0,0,0,"",0,20,16.67,37.5,20,"","","","","",""
http://statistics.gov.scot/id/statistical-geography/S01006219,S01006219,0,0,0,0,0,16.67,9.09,8.33,0,0,0,0,"","","","","",""
http://statistics.gov.scot/id/statistical-geography/S01006220,S01006220,4.17,5.26,0,0,0,0,0,0,0,0,12.5,7.69,"","","","","",""
http://statistics.gov.scot/id/statistical-geography/S01006221,S01006221,0,0,16.67,25,25,16.67,25,25,15.38,15.38,8.33,10,"","","","","",""
http://statistics.gov.scot/id/statistical-geography/S01006222,S01006222,5.56,0,0,0,0,7.69,6.67,10.53,13.33,16.67,15,7.69,"","","","","",""
http://statistics.gov.scot/id/statistical-geography/S01006223,S01006223,0,0,0,0,0,0,0,0,0,0,0,0,"","","","","",""
http://statistics.gov.scot/id/statistical-geography/S01006224,S01006224,0,0,0,0,0,0,0,0,0,0,0,0,"","","","","",""
http://statistics.gov.scot/id/statistical-geography/S01006225,S01006225,30,36.36,37.5,50,33.33,37.5,33.33,27.27,14.29,33.33,41.67,38.89,"","","","","",""
http://statistics.gov.scot/id/statistical-geography/S01006226,S01006226,0,0,0,25,33.33,33.33,0,0,0,0,0,0,"","","","","",""
http://statistics.gov.scot/id/statistical-geography/S01006227,S01006227,14.29,25,28.57,20,0,0,0,0,0,0,11.11,10,"","","","","",""
http://statistics.gov.scot/id/statistical-geography/S01006228,S01006228,0,0,0,0,0,0,0,0,0,0,0,33.33,"","","","","",""
http://statistics.gov.scot/id/statistical-geography/S01006229,S01006229,53.33,58.82,52.94,45.45,25,9.09,23.53,26.09,26.32,20,23.08,32.14,"","","","","",""
http://statistics.gov.scot/id/statistical-geography/S01006230,S01006230,46.67,35.71,35.71,22.22,25,40,36.36,33.33,23.08,13.33,16.67,14.29,"","","","","",""
http://statistics.gov.scot/id/statistical-geography/S01006231,S01006231,41.67,44.44,33.33,50,100,55.56,30.77,33.33,30,42.86,22.22,14.29,"","","","","",""
http://statistics.gov.scot/id/statistical-geography/S01006232,S01006232,0,0,0,0,0,0,0,0,16.67,16.67,10,0,"","","","","",""
http://statistics.gov.scot/id/statistical-geography/S01006233,S01006233,0,11.11,25,25,16.67,0,0,0,0,0,0,0,"","","","","",""
http://statistics.gov.scot/id/statistical-geography/S01006234,S01006234,7.14,0,0,12.5,11.11,14.29,0,0,0,0,0,0,"","","","","",""
http://statistics.gov.scot/id/statistical-geography/S01006235,S01006235,0,14.29,16.67,16.67,0,0,0,0,25,14.29,12.5,12.5,"","","","","",""
http://statistics.gov.scot/id/statistical-geography/S01006236,S01006236,0,0,11.11,12.5,33.33,0,0,0,0,10,10,12.5,"","","","","",""
http://statistics.gov.scot/id/statistical-geography/S01006237,S01006237,0,0,0,0,0,0,0,0,10,7.14,7.69,0,"","","","","",""
http://statistics.gov.scot/id/statistical-geography/S01006238,S01006238,33.33,25,12.5,7.69,0,0,0,0,0,16.67,11.11,14.29,"","","","","",""
http://statistics.gov.scot/id/statistical-geography/S01006239,S01006239,0,0,0,0,0,0,0,0,0,0,0,0,"","","","","",""
http://statistics.gov.scot/id/statistical-geography/S01006240,S01006240,23.08,33.33,23.08,27.27,20,42.86,41.67,50,46.67,37.5,23.08,16.67,"","","","","",""
http://statistics.gov.scot/id/statistical-geography/S01006241,S01006241,15.79,20,30,20,33.33,13.33,11.76,4.35,0,0,0,5.88,"","","","","",""
http://statistics.gov.scot/id/statistical-geography/S01006242,S01006242,42.86,25,25,0,0,33.33,40,33.33,16.67,18.18,22.22,22.22,"","","","","",""
http://statistics.gov.scot/id/statistical-geography/S01006243,S01006243,14.29,16.67,20,0,0,0,0,25,25,25,0,0,"","","","","",""
http://statistics.gov.scot/id/statistical-geography/S01006244,S01006244,33.33,28.57,12.5,8.33,0,7.14,10,13.33,7.14,7.69,0,0,"","","","","",""
http://statistics.gov.scot/id/statistical-geography/S01006245,S01006245,20,22.22,20,33.33,20,16.67,0,14.29,12.5,33.33,23.08,42.86,"","","","","",""
http://statistics.gov.scot/id/statistical-geography/S01006246,S01006246,27.27,33.33,12.5,16.67,25,30,30,27.27,27.27,21.43,14.29,25,"","","","","",""
http://statistics.gov.scot/id/statistical-geography/S01006247,S01006247,14.29,6.67,0,0,0,0,0,0,0,0,0,0,"","","","","",""
http://statistics.gov.scot/id/statistical-geography/S01006248,S01006248,25,16.67,16.67,0,0,0,0,0,0,9.09,12.5,25,"","","","","",""
http://statistics.gov.scot/id/statistical-geography/S01006249,S01006249,10,11.11,14.29,0,0,0,0,0,0,0,0,0,"","","","","",""
http://statistics.gov.scot/id/statistical-geography/S01006250,S01006250,10,41.67,46.15,38.46,27.27,22.22,44.44,25,30,20,25,22.22,"","","","","",""
http://statistics.gov.scot/id/statistical-geography/S01006251,S01006251,20,0,0,0,0,0,0,0,0,20,20,33.33,"","","","","",""
http://statistics.gov.scot/id/statistical-geography/S01006252,S01006252,0,0,0,0,0,0,0,0,0,0,0,0,"","","","","",""
http://statistics.gov.scot/id/statistical-geography/S01006253,S01006253,45.45,33.33,40,50,71.43,33.33,36.84,33.33,50,36.36,22.22,12.5,"","","","","",""
http://statistics.gov.scot/id/statistical-geography/S01006254,S01006254,0,5.26,6.25,17.65,18.18,18.18,0,14.29,10,10,0,8.33,"","","","","",""
http://statistics.gov.scot/id/statistical-geography/S01006255,S01006255,27.27,16.67,9.09,10,25,0,14.29,18.18,29.41,20,21.05,6.67,"","","","","",""
http://statistics.gov.scot/id/statistical-geography/S01006256,S01006256,0,33.33,50,50,50,37.5,25,10,11.11,16.67,8.33,7.69,"","","","","",""
http://statistics.gov.scot/id/statistical-geography/S01006257,S01006257,20,25,0,0,33.33,25,15.38,14.29,8.33,10,0,0,"","","","","",""
http://statistics.gov.scot/id/statistical-geography/S01006258,S01006258,20,0,0,66.67,66.67,50,20,27.27,20,25,12.5,22.22,"","","","","",""
http://statistics.gov.scot/id/statistical-geography/S01006259,S01006259,38.46,30.77,22.22,0,0,0,0,8.33,6.25,20,16.67,27.27,"","","","","",""
http://statistics.gov.scot/id/statistical-geography/S01006260,S01006260,48.57,40,47.62,31.25,33.33,21.43,30.77,38.46,44.44,37.5,12.5,10,"","","","","",""
http://statistics.gov.scot/id/statistical-geography/S01006261,S01006261,12.5,16.67,40,33.33,16.67,0,0,7.69,16.67,30.77,28.57,26.67,"","","","","",""
http://statistics.gov.scot/id/statistical-geography/S01006262,S01006262,45.45,42.86,23.53,21.43,7.69,14.29,6.25,7.69,27.27,33.33,30,0,"","","","","",""
http://statistics.gov.scot/id/statistical-geography/S01006263,S01006263,25,42.86,40,22.22,27.27,38.46,35.29,31.25,25,20,6.25,0,"","","","","",""
http://statistics.gov.scot/id/statistical-geography/S01006264,S01006264,0,0,0,0,10,8.33,5.88,0,0,0,0,0,"","","","","",""
http://statistics.gov.scot/id/statistical-geography/S01006265,S01006265,12.5,23.08,25,10,0,0,7.14,6.25,21.05,17.39,21.05,6.67,"","","","","",""
http://statistics.gov.scot/id/statistical-geography/S01006266,S01006266,25,36.36,28.57,15.38,10,18.18,20,20,16.67,28.57,53.33,42.86,"","","","","",""
http://statistics.gov.scot/id/statistical-geography/S01006267,S01006267,0,0,0,0,0,16.67,44.44,40,25,23.08,27.27,37.5,"","","","","",""
http://statistics.gov.scot/id/statistical-geography/S01006268,S01006268,28.57,40,0,0,20,20,40,16.67,14.29,27.27,30,17.65,"","","","","",""
http://statistics.gov.scot/id/statistical-geography/S01006269,S01006269,22.22,36.36,40,33.33,25,20,16.67,14.29,26.67,28.57,30,12.5,"","","","","",""
http://statistics.gov.scot/id/statistical-geography/S01006270,S01006270,15.79,26.67,33.33,38.46,36.36,25,5.88,5.56,0,0,5.56,5.56,"","","","","",""
http://statistics.gov.scot/id/statistical-geography/S01006271,S01006271,36.36,27.27,44.44,50,50,55.56,30,20,5.88,6.25,0,11.11,"","","","","",""
http://statistics.gov.scot/id/statistical-geography/S01006272,S01006272,33.33,27.27,9.09,9.09,10,33.33,30.77,31.25,14.29,13.64,16.67,30.77,"","","","","",""
http://statistics.gov.scot/id/statistical-geography/S01006273,S01006273,50,50,33.33,27.27,11.11,14.29,14.29,14.29,11.11,12.5,16.67,10,"","","","","",""
http://statistics.gov.scot/id/statistical-geography/S01006274,S01006274,25,16.67,0,0,0,0,0,0,0,33.33,16.67,12.5,"","","","","",""
http://statistics.gov.scot/id/statistical-geography/S01006275,S01006275,8.33,10,10,11.11,14.29,20,28.57,36.36,27.78,20,16.67,18.18,"","","","","",""
http://statistics.gov.scot/id/statistical-geography/S01006276,S01006276,33.33,11.11,0,0,0,0,0,0,0,11.11,11.11,7.14,"","","","","",""
http://statistics.gov.scot/id/statistical-geography/S01006277,S01006277,12.5,16.67,16.67,0,0,0,0,0,0,0,0,12.5,"","","","","",""
http://statistics.gov.scot/id/statistical-geography/S01006278,S01006278,0,0,0,0,9.09,21.43,21.05,13.64,8,13.64,16.67,15.38,"","","","","",""
http://statistics.gov.scot/id/statistical-geography/S01006279,S01006279,50,50,40,27.78,22.22,33.33,27.27,30.43,20.69,25,16.67,13.64,"","","","","",""
http://statistics.gov.scot/id/statistical-geography/S01006280,S01006280,26.67,11.76,0,8.33,33.33,26.67,18.75,28.57,20,23.53,5.88,6.67,"","","","","",""
http://statistics.gov.scot/id/statistical-geography/S01006281,S01006281,12.5,11.11,7.69,7.14,8.33,12.5,0,0,9.09,11.11,33.33,23.08,"","","","","",""
http://statistics.gov.scot/id/statistical-geography/S01006282,S01006282,0,0,0,16.67,14.29,10,0,14.29,20,28.57,28.57,33.33,"","","","","",""
http://statistics.gov.scot/id/statistical-geography/S01006283,S01006283,33.33,50,0,0,12.5,11.11,14.29,0,0,0,0,0,"","","","","",""
http://statistics.gov.scot/id/statistical-geography/S01006284,S01006284,0,11.11,11.11,30,28.57,25,11.11,9.09,9.09,0,10,12.5,"","","","","",""
http://statistics.gov.scot/id/statistical-geography/S01006285,S01006285,0,0,10,10,13.33,0,9.09,10,10,7.69,5.26,9.52,"","","","","",""
http://statistics.gov.scot/id/statistical-geography/S01006286,S01006286,23.08,22.22,20,7.69,8.33,6.67,13.33,5.88,7.69,0,10.53,19.05,"","","","","",""
http://statistics.gov.scot/id/statistical-geography/S01006287,S01006287,20,16.67,16.67,14.29,16.67,28.57,16.67,20,0,0,0,0,"","","","","",""
http://statistics.gov.scot/id/statistical-geography/S01006288,S01006288,10,14.29,25,0,0,14.29,28.57,27.27,23.08,15.38,14.29,10,"","","","","",""
http://statistics.gov.scot/id/statistical-geography/S01006289,S01006289,7.69,0,0,0,44.44,36.36,30.77,0,0,9.09,20,15.38,"","","","","",""
http://statistics.gov.scot/id/statistical-geography/S01006290,S01006290,43.75,33.33,30,25,20,25,20,28.57,25,26.32,14.29,18.75,"","","","","",""
http://statistics.gov.scot/id/statistical-geography/S01006291,S01006291,44.44,45.45,42.86,57.14,75,71.43,44.44,41.67,25,50,50,83.33,"","","","","",""
http://statistics.gov.scot/id/statistical-geography/S01006292,S01006292,9.09,11.11,16.67,20,0,0,0,0,12.5,22.22,16.67,10,"","","","","",""
http://statistics.gov.scot/id/statistical-geography/S01006293,S01006293,13.33,11.11,0,0,0,0,0,0,0,0,0,0,"","","","","",""
http://statistics.gov.scot/id/statistical-geography/S01006294,S01006294,0,0,0,0,0,0,0,33.33,33.33,25,0,20,"","","","","",""
http://statistics.gov.scot/id/statistical-geography/S01006295,S01006295,25,33.33,33.33,20,15.38,15.38,11.11,13.04,20,40,50,25,"","","","","",""
http://statistics.gov.scot/id/statistical-geography/S01006296,S01006296,0,10,9.09,11.11,0,0,0,0,6.25,6.25,6.67,0,"","","","","",""
http://statistics.gov.scot/id/statistical-geography/S01006297,S01006297,18.18,20,23.53,26.32,28.57,30.77,42.86,33.33,33.33,27.27,22.22,0,"","","","","",""
http://statistics.gov.scot/id/statistical-geography/S01006298,S01006298,8.33,10,9.52,16,11.76,18.75,7.69,5.88,5.88,6.25,12.5,25,"","","","","",""
http://statistics.gov.scot/id/statistical-geography/S01006299,S01006299,16.67,20,33.33,21.43,11.11,0,11.11,16.67,25,28.57,25,25,"","","","","",""
http://statistics.gov.scot/id/statistical-geography/S01006300,S01006300,14.29,18.75,16.67,18.18,9.09,10,0,27.27,20,25,7.69,50,"","","","","",""
http://statistics.gov.scot/id/statistical-geography/S01006301,S01006301,45.45,50,28.57,20,40,36.36,40,18.75,22.22,8.33,25,20,"","","","","",""
http://statistics.gov.scot/id/statistical-geography/S01006302,S01006302,5,10,13.33,7.14,8.33,18.75,23.53,20,12.5,5.88,5.26,0,"","","","","",""
http://statistics.gov.scot/id/statistical-geography/S01006303,S01006303,46.15,35.71,26.67,33.33,25,16.67,23.08,22.22,37.5,25,20,0,"","","","","",""
http://statistics.gov.scot/id/statistical-geography/S01006304,S01006304,29.41,37.5,46.15,41.67,20,14.29,30,37.5,40,0,20,33.33,"","","","","",""
http://statistics.gov.scot/id/statistical-geography/S01006305,S01006305,30.77,33.33,40,18.18,18.18,33.33,25,23.08,6.67,7.14,7.14,0,"","","","","",""
http://statistics.gov.scot/id/statistical-geography/S01006306,S01006306,0,0,0,7.69,5.26,5.88,0,0,12.5,16.67,25,"","","","","","",""
http://statistics.gov.scot/id/statistical-geography/S01006307,S01006307,13.33,10,15.38,28.57,20,17.65,20,33.33,21.05,9.52,0,10,"","","","","",""
http://statistics.gov.scot/id/statistical-geography/S01006308,S01006308,55.56,50,14.29,12.5,18.18,14.29,21.43,26.67,25,23.08,14.29,28.57,"","","","","",""
http://statistics.gov.scot/id/statistical-geography/S01006309,S01006309,12.5,16.67,30.77,23.08,12.5,0,6.25,11.76,15,13.33,12.5,6.67,"","","","","",""
http://statistics.gov.scot/id/statistical-geography/S01006310,S01006310,7.14,7.14,6.67,6.25,15.79,14.29,20,12.5,9.09,11.11,0,0,"","","","","",""
http://statistics.gov.scot/id/statistical-geography/S01006311,S01006311,0,0,0,0,0,0,11.11,10,8.33,0,0,0,"","","","","",""
http://statistics.gov.scot/id/statistical-geography/S01006312,S01006312,25,22.22,25,11.11,28.57,14.29,37.5,36.36,50,27.27,12.5,0,"","","","","",""
http://statistics.gov.scot/id/statistical-geography/S01006313,S01006313,0,11.11,16.67,15.38,7.14,10.53,10.53,11.76,5.88,12.5,29.41,44.44,"","","","","",""
http://statistics.gov.scot/id/statistical-geography/S01006314,S01006314,22.22,22.22,22.22,0,0,0,0,0,0,0,0,0,"","","","","",""
http://statistics.gov.scot/id/statistical-geography/S01006315,S01006315,47.62,42.11,31.58,15.79,19.05,15.79,23.53,10,15,6.25,10,12.5,"","","","","",""
http://statistics.gov.scot/id/statistical-geography/S01006316,S01006316,25,16.67,16.67,33.33,25,16.67,11.11,10,0,7.14,14.29,33.33,"","","","","",""
http://statistics.gov.scot/id/statistical-geography/S01006317,S01006317,33.33,38.89,37.5,25,16.67,18.18,33.33,30,13.33,7.69,0,0,"","","","","",""
http://statistics.gov.scot/id/statistical-geography/S01006318,S01006318,46.15,42.86,46.67,36.36,30,22.22,30,27.27,11.11,6.67,0,0,"","","","","",""
http://statistics.gov.scot/id/statistical-geography/S01006319,S01006319,16.67,12.5,12.5,7.69,0,0,0,0,0,7.69,25,25,"","","","","",""
http://statistics.gov.scot/id/statistical-geography/S01006320,S01006320,40,41.67,25,25,21.74,20,17.39,16.67,15.79,7.14,6.67,0,"","","","","",""
http://statistics.gov.scot/id/statistical-geography/S01006321,S01006321,0,8.33,9.09,10,0,0,6.25,7.69,11.11,0,0,0,"","","","","",""
http://statistics.gov.scot/id/statistical-geography/S01006322,S01006322,5,5.88,0,5.88,12.5,16.67,11.11,0,0,0,0,0,"","","","","",""
http://statistics.gov.scot/id/statistical-geography/S01006323,S01006323,4.17,7.14,7.41,4.55,0,6.9,7.69,13.64,14.29,15.38,9.09,0,"","","","","",""
http://statistics.gov.scot/id/statistical-geography/S01006324,S01006324,0,0,0,0,0,0,0,0,0,0,0,0,"","","","","",""
http://statistics.gov.scot/id/statistical-geography/S01006325,S01006325,33.33,40,12.5,14.29,0,0,0,10,11.11,14.29,0,0,"","","","","",""
http://statistics.gov.scot/id/statistical-geography/S01006326,S01006326,71.43,50,50,23.08,31.25,16.67,19.05,13.64,22.73,31.58,35.71,37.5,"","","","","",""
http://statistics.gov.scot/id/statistical-geography/S01006327,S01006327,23.08,36.36,42.86,36.36,30,11.11,0,0,0,10,10,14.29,"","","","","",""
http://statistics.gov.scot/id/statistical-geography/S01006328,S01006328,28.57,33.33,29.41,26.67,30,27.78,33.33,23.08,15.38,9.09,13.33,11.11,"","","","","",""
http://statistics.gov.scot/id/statistical-geography/S01006329,S01006329,8.33,0,0,0,0,6.25,5.56,4.55,4.35,5.26,7.69,0,"","","","","",""
http://statistics.gov.scot/id/statistical-geography/S01006330,S01006330,20,14.29,25,11.11,9.09,11.11,25,18.18,15.79,11.76,23.53,30,"","","","","",""
http://statistics.gov.scot/id/statistical-geography/S01006331,S01006331,0,7.69,11.11,33.33,25,14.29,9.09,10,14.29,0,16.67,20,"","","","","",""
http://statistics.gov.scot/id/statistical-geography/S01006332,S01006332,16.67,40,20,16.67,0,11.11,33.33,36.36,35.71,20,18.18,0,"","","","","",""
http://statistics.gov.scot/id/statistical-geography/S01006333,S01006333,50,50,30,16.67,13.33,23.53,26.67,27.27,30.77,33.33,28.57,14.29,"","","","","",""
http://statistics.gov.scot/id/statistical-geography/S01006334,S01006334,0,0,11.11,40,36.36,37.5,0,0,0,14.29,20,28.57,"","","","","",""
http://statistics.gov.scot/id/statistical-geography/S01006335,S01006335,18.18,10,0,0,20,25,28.57,16.67,21.43,30.77,33.33,40,"","","","","",""
http://statistics.gov.scot/id/statistical-geography/S01006336,S01006336,6.67,8.7,7.69,3.33,0,0,0,0,4.55,5.88,11.11,0,"","","","","",""
http://statistics.gov.scot/id/statistical-geography/S01006337,S01006337,0,0,0,0,2.7,4,6.67,10,12.5,12.5,7.14,0,"","","","","",""
http://statistics.gov.scot/id/statistical-geography/S01006338,S01006338,14.29,5.26,0,0,7.14,13.33,18.75,13.33,5,0,0,0,"","","","","",""
http://statistics.gov.scot/id/statistical-geography/S01006339,S01006339,26.09,21.43,27.27,0,11.11,7.69,5.88,0,0,0,0,0,"","","","","",""
http://statistics.gov.scot/id/statistical-geography/S01006340,S01006340,0,11.11,11.11,11.11,0,0,10,12.5,25,25,33.33,0,"","","","","",""
http://statistics.gov.scot/id/statistical-geography/S01006341,S01006341,0,0,0,0,0,0,0,14.29,22.22,16.67,10,0,"","","","","",""
http://statistics.gov.scot/id/statistical-geography/S01006342,S01006342,38.46,23.08,41.67,22.22,28.57,0,11.11,11.11,20,9.09,10,14.29,"","","","","",""
http://statistics.gov.scot/id/statistical-geography/S01006343,S01006343,25,25,43.75,47.62,61.11,41.18,21.43,10.53,4.76,4.55,16.67,25,"","","","","",""
http://statistics.gov.scot/id/statistical-geography/S01006344,S01006344,40,36.84,27.27,40,41.67,30.77,20,28.57,35.71,30.77,20,9.09,"","","","","",""
http://statistics.gov.scot/id/statistical-geography/S01006345,S01006345,22.22,27.27,23.08,14.29,15.38,30.77,40,14.29,5.26,11.11,18.18,50,"","","","","",""
http://statistics.gov.scot/id/statistical-geography/S01006346,S01006346,7.14,15.38,16.67,11.11,0,11.11,10,25,12.5,20,0,33.33,"","","","","",""
http://statistics.gov.scot/id/statistical-geography/S01006347,S01006347,9.09,12.5,11.11,0,0,0,0,0,0,0,0,0,"","","","","",""
http://statistics.gov.scot/id/statistical-geography/S01006348,S01006348,10,11.11,10,40,33.33,25,16.67,16.67,16.67,0,16.67,20,"","","","","",""
http://statistics.gov.scot/id/statistical-geography/S01006349,S01006349,71.43,40,0,14.29,12.5,10,0,0,0,25,33.33,50,"","","","","",""
http://statistics.gov.scot/id/statistical-geography/S01006350,S01006350,35.71,25,30.77,46.67,42.86,41.18,42.86,53.33,57.14,53.85,33.33,25,"","","","","",""
http://statistics.gov.scot/id/statistical-geography/S01006351,S01006351,10,7.14,11.11,9.09,4.35,0,8,16,17.86,11.54,8.7,9.09,"","","","","",""
http://statistics.gov.scot/id/statistical-geography/S01006352,S01006352,12.5,0,7.14,11.11,22.22,20,28.57,30,30,23.53,25,22.22,"","","","","",""
http://statistics.gov.scot/id/statistical-geography/S01006353,S01006353,22.22,10,8.33,0,0,0,0,0,0,12.5,20,50,"","","","","",""
http://statistics.gov.scot/id/statistical-geography/S01006354,S01006354,20.83,22.73,11.11,33.33,28.57,30,9.09,0,5.88,5.88,12.5,10,"","","","","",""
http://statistics.gov.scot/id/statistical-geography/S01006355,S01006355,25,0,0,0,0,9.09,14.29,38.46,40,41.18,28.57,28.57,"","","","","",""
http://statistics.gov.scot/id/statistical-geography/S01006356,S01006356,4,4.35,0,0,16.67,11.11,21.43,14.29,16.67,7.14,9.09,0,"","","","","",""
http://statistics.gov.scot/id/statistical-geography/S01006357,S01006357,7.69,11.11,0,0,0,0,0,0,11.11,25,33.33,20,"","","","","",""
http://statistics.gov.scot/id/statistical-geography/S01006358,S01006358,6.25,23.53,27.78,25,20,23.53,31.25,29.41,25,21.05,20,14.29,"","","","","",""
http://statistics.gov.scot/id/statistical-geography/S01006359,S01006359,17.39,22.22,18.75,20,12.5,18.75,18.18,11.11,4.76,11.11,20,20,"","","","","",""
http://statistics.gov.scot/id/statistical-geography/S01006360,S01006360,16.67,11.11,11.11,0,0,0,0,7.69,7.69,8.33,0,0,"","","","","",""
http://statistics.gov.scot/id/statistical-geography/S01006361,S01006361,23.33,29.63,30,26.67,15,8,10.34,13.79,12.9,8.7,0,0,"","","","","",""
http://statistics.gov.scot/id/statistical-geography/S01006362,S01006362,0,0,0,0,0,0,0,11.11,11.11,28.57,11.11,20,"","","","","",""
http://statistics.gov.scot/id/statistical-geography/S01006363,S01006363,10,0,0,0,0,0,0,0,0,0,0,0,"","","","","",""
http://statistics.gov.scot/id/statistical-geography/S01006364,S01006364,8.33,6.25,7.69,2.94,8.51,6.67,5.88,3.19,3,3.26,1.64,0,"","","","","",""
http://statistics.gov.scot/id/statistical-geography/S01006365,S01006365,3.7,4.55,0,0,5.88,12.5,13.33,9.09,0,0,0,0,"","","","","",""
http://statistics.gov.scot/id/statistical-geography/S01006366,S01006366,7.14,11.11,16.67,20,0,0,0,0,16.67,16.67,20,0,"","","","","",""
http://statistics.gov.scot/id/statistical-geography/S01006367,S01006367,12.5,0,0,0,0,0,11.11,9.09,7.69,0,0,0,"","","","","",""
http://statistics.gov.scot/id/statistical-geography/S01006368,S01006368,6.25,0,0,11.11,11.11,12.5,0,0,0,0,14.29,12.5,"","","","","",""
http://statistics.gov.scot/id/statistical-geography/S01006369,S01006369,25,25,20,23.53,14.71,13.46,11.29,8.47,5.45,2.44,3.45,0,"","","","","",""
http://statistics.gov.scot/id/statistical-geography/S01006370,S01006370,0,0,6.25,5.88,9.52,8.33,6.45,2.86,6.25,9.09,22.22,20,"","","","","",""
http://statistics.gov.scot/id/statistical-geography/S01006371,S01006371,0,0,0,5.26,6.67,7.14,6.25,9.09,9.52,5.88,0,0,"","","","","",""
http://statistics.gov.scot/id/statistical-geography/S01006372,S01006372,25,28.57,33.33,57.14,40,33.33,25,37.5,25,20,0,0,"","","","","",""
http://statistics.gov.scot/id/statistical-geography/S01006373,S01006373,0,0,0,4.76,10.53,11.11,7.14,6.67,11.76,12.5,6.67,0,"","","","","",""
http://statistics.gov.scot/id/statistical-geography/S01006374,S01006374,11.11,10,14.29,20,14.29,20,8.33,9.09,0,0,0,25,"","","","","",""
http://statistics.gov.scot/id/statistical-geography/S01006375,S01006375,14.29,6.67,12.5,21.43,27.27,33.33,16.67,16.67,12.5,10,0,0,"","","","","",""
http://statistics.gov.scot/id/statistical-geography/S01006376,S01006376,9.52,10,0,7.14,4.35,3.85,3.45,7.14,10.34,8.33,5.88,0,"","","","","",""
http://statistics.gov.scot/id/statistical-geography/S01006377,S01006377,25,36.36,30,33.33,36.36,53.85,60,50,50,33.33,33.33,0,"","","","","",""
http://statistics.gov.scot/id/statistical-geography/S01006378,S01006378,0,20,33.33,23.53,18.75,5.88,13.33,18.75,21.43,16.67,0,0,"","","","","",""
http://statistics.gov.scot/id/statistical-geography/S01006379,S01006379,20,25,33.33,25,16.67,20,25,25,12.5,9.09,0,0,"","","","","",""
http://statistics.gov.scot/id/statistical-geography/S01006380,S01006380,11.11,10,9.09,9.09,10,10,7.69,21.43,28.57,45.45,57.14,62.5,"","","","","",""
http://statistics.gov.scot/id/statistical-geography/S01006381,S01006381,0,0,0,0,0,0,0,0,10,10,33.33,33.33,"","","","","",""
http://statistics.gov.scot/id/statistical-geography/S01006382,S01006382,0,12.5,18.18,27.27,27.27,37.5,30,20,7.14,9.09,25,57.14,"","","","","",""
http://statistics.gov.scot/id/statistical-geography/S01006383,S01006383,22.22,12.5,14.29,0,0,0,0,0,16.67,20,25,0,"","","","","",""
http://statistics.gov.scot/id/statistical-geography/S01006384,S01006384,10,14.29,11.11,11.11,14.29,0,40,25,20,0,0,0,"","","","","",""
http://statistics.gov.scot/id/statistical-geography/S01006385,S01006385,35.29,46.67,44.44,38.89,25,33.33,34.78,30.77,16,10,7.14,27.27,"","","","","",""
http://statistics.gov.scot/id/statistical-geography/S01006386,S01006386,25,27.27,28.57,20,12.5,14.29,11.76,25,31.25,28.57,14.29,12.5,"","","","","",""
http://statistics.gov.scot/id/statistical-geography/S01006387,S01006387,38.46,27.27,38.46,18.18,11.76,0,12.5,22.22,18.18,7.14,0,0,"","","","","",""
http://statistics.gov.scot/id/statistical-geography/S01006388,S01006388,35.29,35.48,31.43,31.43,27.03,31.03,27.59,29.17,13.79,10.53,0,0,"","","","","",""
http://statistics.gov.scot/id/statistical-geography/S01006389,S01006389,12.5,20,21.05,30,33.33,14.29,25,23.08,20,11.11,11.11,33.33,"","","","","",""
http://statistics.gov.scot/id/statistical-geography/S01006390,S01006390,30,33.33,36.36,35.71,33.33,20,0,14.29,21.43,21.43,21.43,11.11,"","","","","",""
http://statistics.gov.scot/id/statistical-geography/S01006391,S01006391,12,8,3.23,0,0,0,0,0,0,6.67,7.69,10,"","","","","",""
http://statistics.gov.scot/id/statistical-geography/S01006392,S01006392,30.77,28.57,23.53,57.14,75,57.14,25,18.18,12.5,15.38,13.33,9.09,"","","","","",""
http://statistics.gov.scot/id/statistical-geography/S01006393,S01006393,39.13,35.71,33.33,39.13,46.15,50,36.73,31.25,16,15,15.15,16.67,"","","","","",""
http://statistics.gov.scot/id/statistical-geography/S01006394,S01006394,28.57,35.71,50,50,23.08,14.29,18.75,37.5,33.33,33.33,15.38,20,"","","","","",""
http://statistics.gov.scot/id/statistical-geography/S01006395,S01006395,33.33,25,36.36,21.43,30.77,26.67,26.67,25,16.67,12.5,14.29,20,"","","","","",""
http://statistics.gov.scot/id/statistical-geography/S01006396,S01006396,29.41,35.29,30.77,30,25,26.67,26.67,15.38,6.25,6.25,7.69,14.29,"","","","","",""
http://statistics.gov.scot/id/statistical-geography/S01006397,S01006397,30,14.29,0,9.09,10,8.7,8.33,6.25,5.88,0,0,0,"","","","","",""
http://statistics.gov.scot/id/statistical-geography/S01006398,S01006398,0,0,9.09,9.09,9.09,0,0,0,0,0,0,0,"","","","","",""
http://statistics.gov.scot/id/statistical-geography/S01006399,S01006399,20,0,0,7.14,18.18,25,25,21.43,23.08,33.33,37.5,22.22,"","","","","",""
http://statistics.gov.scot/id/statistical-geography/S01006400,S01006400,0,8,9.52,16.67,18.75,15,8.7,0,4,5.88,8.33,0,"","","","","",""
http://statistics.gov.scot/id/statistical-geography/S01006401,S01006401,33.33,27.27,16.67,26.67,30,27.27,0,18.18,21.43,26.67,20,25,"","","","","",""
http://statistics.gov.scot/id/statistical-geography/S01006402,S01006402,47.62,47.06,38.46,18.18,16.67,18.75,31.25,40,35.29,33.33,30.77,30,"","","","","",""
http://statistics.gov.scot/id/statistical-geography/S01006403,S01006403,50,28.57,25,23.08,20,20,8.33,0,0,0,11.11,33.33,"","","","","",""
http://statistics.gov.scot/id/statistical-geography/S01006404,S01006404,33.33,20,18.75,26.67,26.67,29.41,20,11.11,3.57,8.7,11.11,18.18,"","","","","",""
http://statistics.gov.scot/id/statistical-geography/S01006405,S01006405,16.67,12.5,11.11,5.88,9.52,9.09,13.33,9.09,5.88,4,5.88,18.18,"","","","","",""
http://statistics.gov.scot/id/statistical-geography/S01006406,S01006406,41.67,0,36.36,26.67,22.22,0,0,0,9.09,12.5,14.29,0,"","","","","",""
http://statistics.gov.scot/id/statistical-geography/S01006407,S01006407,5,0,0,7.14,6.67,8.33,0,0,0,0,20,20,"","","","","",""
http://statistics.gov.scot/id/statistical-geography/S01006408,S01006408,28,34.78,34.78,50,39.29,31.82,15.79,26.67,11.11,16,10.34,23.81,"","","","","",""
http://statistics.gov.scot/id/statistical-geography/S01006409,S01006409,8.7,4.35,3.7,0,0,17.86,17.65,16.28,9.76,11.43,17.24,19.05,"","","","","",""
http://statistics.gov.scot/id/statistical-geography/S01006410,S01006410,11.11,14.29,12.5,25,33.33,27.27,27.27,18.75,13.33,11.76,9.09,14.29,"","","","","",""
http://statistics.gov.scot/id/statistical-geography/S01006411,S01006411,8.33,11.76,11.11,16.67,14.29,18.18,19.05,16.67,5.88,5.88,9.09,11.11,"","","","","",""
http://statistics.gov.scot/id/statistical-geography/S01006412,S01006412,42.86,46.67,27.27,27.27,28.57,36.84,26.09,20,7.69,16.67,12.5,0,"","","","","",""
http://statistics.gov.scot/id/statistical-geography/S01006413,S01006413,27.27,23.08,35.71,36.36,44.44,25,33.33,20,14.29,16.67,0,25,"","","","","",""
http://statistics.gov.scot/id/statistical-geography/S01006414,S01006414,25,0,20,25,20,0,0,14.29,8.33,8.33,0,0,"","","","","",""
http://statistics.gov.scot/id/statistical-geography/S01006415,S01006415,17.65,16.67,7.69,0,0,0,0,10,10,12.5,0,0,"","","","","",""
http://statistics.gov.scot/id/statistical-geography/S01006416,S01006416,11.11,0,0,16.67,27.27,37.5,11.11,0,0,0,0,0,"","","","","",""
http://statistics.gov.scot/id/statistical-geography/S01006417,S01006417,20,12.5,15,6.25,7.69,0,0,0,6.67,7.14,11.11,0,"","","","","",""
http://statistics.gov.scot/id/statistical-geography/S01006418,S01006418,50,25,14.29,42.86,42.86,28.57,16.67,20,25,22.22,28.57,28.57,"","","","","",""
http://statistics.gov.scot/id/statistical-geography/S01006419,S01006419,11.11,11.11,18.18,8.33,10,0,0,0,0,9.09,20,50,"","","","","",""
http://statistics.gov.scot/id/statistical-geography/S01006420,S01006420,40,50,37.5,46.67,33.33,33.33,30,18.18,12.5,9.52,12.5,0,"","","","","",""
http://statistics.gov.scot/id/statistical-geography/S01006421,S01006421,16.67,16.67,11.11,0,0,16.67,14.29,12.5,0,0,0,0,"","","","","",""
http://statistics.gov.scot/id/statistical-geography/S01006422,S01006422,38.46,38.46,25,16.67,16.67,12.5,25,20,12.5,0,20,33.33,"","","","","",""
http://statistics.gov.scot/id/statistical-geography/S01006423,S01006423,0,4.17,4.35,8.7,5.88,11.11,5.56,9.09,6.67,6.67,0,0,"","","","","",""
http://statistics.gov.scot/id/statistical-geography/S01006424,S01006424,0,0,11.11,11.11,33.33,25,16.67,0,0,0,0,0,"","","","","",""
http://statistics.gov.scot/id/statistical-geography/S01006425,S01006425,11.76,17.65,26.67,27.78,20,13.33,11.11,13.64,14.81,12.5,11.11,12.5,"","","","","",""
http://statistics.gov.scot/id/statistical-geography/S01006426,S01006426,0,0,8.33,9.09,14.29,5.56,4.17,0,0,4.35,5.26,11.11,"","","","","",""
http://statistics.gov.scot/id/statistical-geography/S01006427,S01006427,0,14.29,30.77,30.77,14.29,0,0,0,12.5,14.29,25,20,"","","","","",""
http://statistics.gov.scot/id/statistical-geography/S01006428,S01006428,17.65,20,17.39,23.53,25,21.43,15,14.29,13.04,10,5.88,15.38,"","","","","",""
http://statistics.gov.scot/id/statistical-geography/S01006429,S01006429,18.18,27.27,31.25,31.58,15.79,12.5,13.33,21.43,11.76,7.14,8.33,33.33,"","","","","",""
http://statistics.gov.scot/id/statistical-geography/S01006430,S01006430,0,0,0,7.69,25,30,22.22,0,0,0,0,0,"","","","","",""
http://statistics.gov.scot/id/statistical-geography/S01006431,S01006431,0,0,0,0,0,0,0,0,0,0,0,0,"","","","","",""
http://statistics.gov.scot/id/statistical-geography/S01006432,S01006432,0,23.08,25,31.58,25,25,23.08,25,22.22,28.57,33.33,33.33,"","","","","",""
http://statistics.gov.scot/id/statistical-geography/S01006433,S01006433,14.29,12.5,0,0,0,21.05,29.41,46.15,25,14.29,0,20,"","","","","",""
http://statistics.gov.scot/id/statistical-geography/S01006434,S01006434,0,0,0,0,0,11.11,10,18.75,6.67,9.09,0,0,"","","","","",""
http://statistics.gov.scot/id/statistical-geography/S01006435,S01006435,11.11,14.29,22.22,12.5,9.09,0,0,0,0,12.5,14.29,25,"","","","","",""
http://statistics.gov.scot/id/statistical-geography/S01006436,S01006436,35.71,47.06,38.46,29.41,15.38,20,25,25,18.18,11.76,13.33,30,"","","","","",""
http://statistics.gov.scot/id/statistical-geography/S01006437,S01006437,17.65,21.43,30.77,27.27,33.33,30,18.18,8.33,7.69,8.33,11.11,0,"","","","","",""
http://statistics.gov.scot/id/statistical-geography/S01006438,S01006438,10,10,57.14,40,50,11.11,0,18.18,15.38,23.53,15.38,25,"","","","","",""
http://statistics.gov.scot/id/statistical-geography/S01006439,S01006439,16.67,15.79,7.14,7.14,8.33,16.67,16.67,18.18,6.67,9.09,0,0,"","","","","",""
http://statistics.gov.scot/id/statistical-geography/S01006440,S01006440,16.67,11.11,14.29,16.67,60,50,50,12.5,16.67,7.14,11.11,0,"","","","","",""
http://statistics.gov.scot/id/statistical-geography/S01006441,S01006441,0,0,6.67,25,50,33.33,27.27,27.27,20,11.11,10,11.11,"","","","","",""
http://statistics.gov.scot/id/statistical-geography/S01006442,S01006442,25,36.36,33.33,33.33,25,20,37.5,30,25,0,28.57,50,"","","","","",""
http://statistics.gov.scot/id/statistical-geography/S01006443,S01006443,28.57,33.33,33.33,20,16.67,0,33.33,75,37.5,20,0,0,"","","","","",""
http://statistics.gov.scot/id/statistical-geography/S01006444,S01006444,23.08,10,26.67,36.36,40,25,16.67,0,0,7.69,14.29,23.08,"","","","","",""
http://statistics.gov.scot/id/statistical-geography/S01006445,S01006445,8.33,20,29.41,35.71,20,6.67,13.33,28.57,40,40,25,37.5,"","","","","",""
http://statistics.gov.scot/id/statistical-geography/S01006446,S01006446,6.25,15.38,15.38,11.11,0,9.09,10,25,0,0,0,0,"","","","","",""
http://statistics.gov.scot/id/statistical-geography/S01006447,S01006447,16.67,0,16.67,25,22.22,10,0,0,0,0,0,0,"","","","","",""
http://statistics.gov.scot/id/statistical-geography/S01006448,S01006448,8.33,4,12.5,11.11,18.18,6.25,6.67,5.56,5.88,7.69,0,12.5,"","","","","",""
http://statistics.gov.scot/id/statistical-geography/S01006449,S01006449,0,0,0,0,0,0,0,12.5,8.33,9.09,0,0,"","","","","",""
http://statistics.gov.scot/id/statistical-geography/S01006450,S01006450,44.44,33.33,57.14,42.86,33.33,21.43,28.57,22.22,18.18,8.33,14.29,25,"","","","","",""
http://statistics.gov.scot/id/statistical-geography/S01006451,S01006451,43.75,31.25,26.67,25,26.67,21.62,17.65,14.29,7.69,10.53,14.29,22.22,"","","","","",""
http://statistics.gov.scot/id/statistical-geography/S01006452,S01006452,16.67,10,10,20,42.86,33.33,30,22.22,10,16.67,22.22,25,"","","","","",""
http://statistics.gov.scot/id/statistical-geography/S01006453,S01006453,0,0,13.33,21.43,22.22,10,20,29.41,23.08,13.04,9.52,10,"","","","","",""
http://statistics.gov.scot/id/statistical-geography/S01006454,S01006454,7.14,0,0,0,0,0,0,0,0,0,0,0,"","","","","",""
http://statistics.gov.scot/id/statistical-geography/S01006455,S01006455,57.14,53.33,61.11,55.56,42.86,41.18,41.18,50,20,7.14,7.14,11.11,"","","","","",""
http://statistics.gov.scot/id/statistical-geography/S01006456,S01006456,8.33,15.38,21.74,18.75,12.5,5,5.13,5.56,3.23,0,0,0,"","","","","",""
http://statistics.gov.scot/id/statistical-geography/S01006457,S01006457,41.67,14.29,16.67,8.33,7.14,0,9.09,7.69,11.54,8.7,12.5,11.11,"","","","","",""
http://statistics.gov.scot/id/statistical-geography/S01006458,S01006458,0,0,7.69,9.09,20,11.11,11.11,0,0,0,0,0,"","","","","",""
http://statistics.gov.scot/id/statistical-geography/S01006459,S01006459,0,10,16.67,14.29,7.14,7.69,11.76,6.67,4.76,0,0,0,"","","","","",""
http://statistics.gov.scot/id/statistical-geography/S01006460,S01006460,0,0,0,0,0,0,0,0,0,0,0,0,"","","","","",""
http://statistics.gov.scot/id/statistical-geography/S01006461,S01006461,0,0,0,3.7,2.86,2.44,2.7,2.56,2.78,0,7.14,9.09,"","","","","",""
http://statistics.gov.scot/id/statistical-geography/S01006462,S01006462,14.29,11.11,9.52,5,11.76,14.29,8.33,6.67,5.88,6.67,0,0,"","","","","",""
http://statistics.gov.scot/id/statistical-geography/S01006463,S01006463,18.18,25,20,20,11.11,18.18,18.18,22.22,25,25,18.18,12.5,"","","","","",""
http://statistics.gov.scot/id/statistical-geography/S01006464,S01006464,0,0,0,16.67,25,37.5,20,12.5,10,16.67,14.29,0,"","","","","",""
http://statistics.gov.scot/id/statistical-geography/S01006465,S01006465,18.18,20,15,8.33,4.17,3.33,2.78,0,0,0,0,0,"","","","","",""
http://statistics.gov.scot/id/statistical-geography/S01006466,S01006466,0,0,11.11,16.67,12.5,0,0,0,0,0,0,0,"","","","","",""
http://statistics.gov.scot/id/statistical-geography/S01006467,S01006467,25,40,27.27,20,0,0,0,0,0,0,0,0,"","","","","",""
http://statistics.gov.scot/id/statistical-geography/S01006468,S01006468,6.25,4.55,0,8,10,9.09,0,0,0,0,0,12.5,"","","","","",""
http://statistics.gov.scot/id/statistical-geography/S01006469,S01006469,0,14.29,14.29,12.5,0,0,0,0,0,11.11,20,33.33,"","","","","",""
http://statistics.gov.scot/id/statistical-geography/S01006470,S01006470,11.76,8.33,28.57,33.33,26.32,5.88,5.26,5,4.35,0,0,0,"","","","","",""
http://statistics.gov.scot/id/statistical-geography/S01006471,S01006471,53.33,53.33,35.71,20,0,6.25,8.7,8.7,4.55,5,6.25,7.69,"","","","","",""
http://statistics.gov.scot/id/statistical-geography/S01006472,S01006472,33.33,20,0,0,0,0,23.08,21.43,25,0,0,0,"","","","","",""
http://statistics.gov.scot/id/statistical-geography/S01006473,S01006473,0,0,0,0,0,0,0,0,0,16.67,14.29,33.33,"","","","","",""
http://statistics.gov.scot/id/statistical-geography/S01006474,S01006474,12.5,16.67,25,30,27.27,15.38,25,14.29,22.22,12.5,21.43,16.67,"","","","","",""
http://statistics.gov.scot/id/statistical-geography/S01006475,S01006475,33.33,12.5,25,25,20,12.5,30,33.33,50,40,33.33,0,"","","","","",""
http://statistics.gov.scot/id/statistical-geography/S01006476,S01006476,0,0,9.09,6.25,14.29,8.33,11.11,5.26,20,15.79,25,10,"","","","","",""
http://statistics.gov.scot/id/statistical-geography/S01006477,S01006477,20,25,10,16.67,21.43,33.33,36.36,22.22,9.09,0,0,7.14,"","","","","",""
http://statistics.gov.scot/id/statistical-geography/S01006478,S01006478,11.11,0,0,8,15.38,14.29,13.79,7.69,14.29,10.53,13.33,0,"","","","","",""
http://statistics.gov.scot/id/statistical-geography/S01006479,S01006479,10,11.11,0,33.33,28.57,25,14.29,0,0,22.22,22.22,25,"","","","","",""
http://statistics.gov.scot/id/statistical-geography/S01006480,S01006480,6.06,8,0,0,0,0,0,0,11.11,22.22,25,11.11,"","","","","",""
http://statistics.gov.scot/id/statistical-geography/S01006481,S01006481,14.29,20,15,18.18,15.79,20,27.78,31.25,23.53,7.69,0,0,"","","","","",""
http://statistics.gov.scot/id/statistical-geography/S01006482,S01006482,9.09,11.11,9.09,15.38,20,26.67,36.36,23.08,15.38,7.14,0,0,"","","","","",""
http://statistics.gov.scot/id/statistical-geography/S01006483,S01006483,53.33,36.36,37.5,37.5,25,22.22,36.36,28.57,20,0,0,0,"","","","","",""
http://statistics.gov.scot/id/statistical-geography/S01006484,S01006484,0,0,0,8.33,8.33,6.25,6.67,8.33,11.11,0,0,0,"","","","","",""
http://statistics.gov.scot/id/statistical-geography/S01006485,S01006485,0,0,0,0,0,0,0,0,0,0,0,0,"","","","","",""
http://statistics.gov.scot/id/statistical-geography/S01006486,S01006486,12.5,9.09,0,0,0,0,0,0,0,0,0,0,"","","","","",""
http://statistics.gov.scot/id/statistical-geography/S01006487,S01006487,23.08,38.46,33.33,25,20,30,53.85,58.33,60,25,20,11.11,"","","","","",""
http://statistics.gov.scot/id/statistical-geography/S01006488,S01006488,6.67,7.14,7.14,0,10,7.69,8.33,0,0,0,0,0,"","","","","",""
http://statistics.gov.scot/id/statistical-geography/S01006489,S01006489,33.33,0,50,20,20,8.33,8.33,0,0,0,15.38,50,"","","","","",""
http://statistics.gov.scot/id/statistical-geography/S01006490,S01006490,0,0,0,0,0,0,0,0,0,0,0,0,"","","","","",""
http://statistics.gov.scot/id/statistical-geography/S01006491,S01006491,0,0,8.33,10,10,0,0,0,0,0,0,0,"","","","","",""
http://statistics.gov.scot/id/statistical-geography/S01006492,S01006492,0,0,0,0,0,0,20,16.67,16.67,0,0,0,"","","","","",""
http://statistics.gov.scot/id/statistical-geography/S01006493,S01006493,9.09,7.69,7.14,18.18,9.09,11.11,0,0,0,0,0,0,"","","","","",""
http://statistics.gov.scot/id/statistical-geography/S01006494,S01006494,0,0,0,0,0,0,0,0,0,0,0,0,"","","","","",""
http://statistics.gov.scot/id/statistical-geography/S01006495,S01006495,0,0,0,0,5,7.69,12.5,9.09,6.67,0,0,0,"","","","","",""
http://statistics.gov.scot/id/statistical-geography/S01006496,S01006496,10,7.69,7.69,7.14,7.14,6.67,10.53,15,21.05,16.67,12.5,5.56,"","","","","",""
http://statistics.gov.scot/id/statistical-geography/S01006497,S01006497,20,12.5,14.29,0,0,0,0,0,0,0,0,0,"","","","","",""
http://statistics.gov.scot/id/statistical-geography/S01006498,S01006498,0,0,0,0,0,0,0,0,0,0,0,0,"","","","","",""
http://statistics.gov.scot/id/statistical-geography/S01006499,S01006499,0,0,0,0,0,0,8.33,10,9.09,0,0,0,"","","","","",""
http://statistics.gov.scot/id/statistical-geography/S01006500,S01006500,7.69,9.09,12.5,0,0,8.33,10,16.67,0,0,0,0,"","","","","",""
http://statistics.gov.scot/id/statistical-geography/S01006501,S01006501,0,0,0,0,0,0,0,0,0,0,0,0,"","","","","",""
http://statistics.gov.scot/id/statistical-geography/S01006502,S01006502,7.14,0,0,0,0,0,12.5,8.33,14.29,9.09,8.33,0,"","","","","",""
http://statistics.gov.scot/id/statistical-geography/S01006503,S01006503,0,0,0,0,0,0,0,10,10,7.14,0,0,"","","","","",""
http://statistics.gov.scot/id/statistical-geography/S01006504,S01006504,0,0,0,0,0,0,0,0,0,0,0,0,"","","","","",""
http://statistics.gov.scot/id/statistical-geography/S01006505,S01006505,0,0,0,0,0,0,0,0,0,0,0,0,"","","","","",""
http://statistics.gov.scot/id/statistical-geography/S01002739,Saline North,0,0,0,0,0,0,11.11,11.11,25,25,22.22,0,"","","","","",""
http://statistics.gov.scot/id/statistical-geography/S01002908,Scoonie North,0,0,0,0,0,25,16.67,16.67,0,0,0,0,"","","","","",""
http://statistics.gov.scot/id/statistical-geography/S01002897,Scoonie South,37.5,28.57,20,16.67,9.09,0,16.67,12.5,12.5,14.29,28.57,42.86,"","","","","",""
http://statistics.gov.scot/id/statistical-geography/S01002365,Sheshader to Tiumpan Head,12.5,0,0,0,25,28.57,18.18,6.67,0,0,0,20,"","","","","",""
http://statistics.gov.scot/id/statistical-geography/S01002765,Sinclairtown Central,25,35.29,33.33,42.11,37.5,35.29,17.65,14.29,17.39,22.73,19.05,23.53,"","","","","",""
http://statistics.gov.scot/id/statistical-geography/S01002773,Sinclairtown East,71.43,75,66.67,66.67,50,16.67,11.11,0,12.5,20,10,11.11,"","","","","",""
http://statistics.gov.scot/id/statistical-geography/S01002766,Sinclairtown North,20,25,14.29,12.5,15.38,7.69,21.43,25,33.33,28.57,25,25,"","","","","",""
http://statistics.gov.scot/id/statistical-geography/S01002761,Sinclairtown West,36.36,30.77,20,23.53,21.05,20,23.08,42.86,28.57,15.38,15,19.05,"","","","","",""
http://statistics.gov.scot/id/statistical-geography/S01004290,Slate Haugh and Drybridge,12.5,11.11,14.29,10,18.18,25,25,13.33,10.53,5.56,13.33,15.38,"","","","","",""
http://statistics.gov.scot/id/statistical-geography/S01002775,Smeaton North,36.36,50,30,33.33,18.18,46.15,53.85,47.06,35,19.05,26.32,16.67,"","","","","",""
http://statistics.gov.scot/id/statistical-geography/S01002759,Smeaton South,31.25,30.77,33.33,50,54.55,35.71,25,16.67,20,27.27,28.57,29.17,"","","","","",""
http://statistics.gov.scot/id/statistical-geography/S01002344,South Benbecula,0,0,12.5,16.67,50,20,33.33,12.5,16.67,0,0,16.67,"","","","","",""
http://statistics.gov.scot/id/statistical-geography/S01006077,South East Rural Stirling,33.33,25,0,7.69,28.57,36.36,23.08,6.67,15,15,8.7,0,"","","","","",""
http://statistics.gov.scot/id/statistical-geography/S01002348,South Harris,0,0,16.67,14.29,27.27,22.22,33.33,0,0,0,0,20,"","","","","",""
http://statistics.gov.scot/id/statistical-geography/S01002884,South Parks East,8.33,7.69,10,14.29,14.29,0,9.09,8.33,6.67,0,8.33,9.09,"","","","","",""
http://statistics.gov.scot/id/statistical-geography/S01002896,South Parks North,40,50,50,0,0,0,33.33,25,30,14.29,14.29,0,"","","","","",""
http://statistics.gov.scot/id/statistical-geography/S01002891,South Parks West,12.5,14.29,42.86,33.33,33.33,36.36,36.36,28.57,0,7.69,6.67,13.33,"","","","","",""
http://statistics.gov.scot/id/statistical-geography/S01002841,Southfield & East Finglassie,27.78,14.29,14.29,0,0,0,8.33,6.67,11.76,6.25,14.29,9.09,"","","","","",""
http://statistics.gov.scot/id/statistical-geography/S01004301,"Spey Bay, Nether Dallachy, Enzie and Slackhead",18.18,25,0,0,0,0,0,0,0,0,0,0,"","","","","",""
http://statistics.gov.scot/id/statistical-geography/S01002357,Springfield,11.11,0,0,0,0,0,8.33,11.11,14.29,0,0,0,"","","","","",""
http://statistics.gov.scot/id/statistical-geography/S01002966,Springfield East,12.5,0,0,0,0,33.33,20,21.43,6.25,14.29,9.09,12.5,"","","","","",""
http://statistics.gov.scot/id/statistical-geography/S01002962,Springfield West & Rankeilour,18.18,11.11,0,0,0,0,0,0,0,0,0,0,"","","","","",""
http://statistics.gov.scot/id/statistical-geography/S01002997,St Andrews Abbey,0,0,0,0,20,16.67,16.67,0,0,0,0,0,"","","","","",""
http://statistics.gov.scot/id/statistical-geography/S01002995,St Andrews Town Centre,0,0,0,"","",0,0,0,0,0,0,0,"","","","","",""
http://statistics.gov.scot/id/statistical-geography/S01002613,St Colme & Aberdour West,8.33,7.14,11.11,11.11,16.67,0,0,0,0,0,0,0,"","","","","",""
http://statistics.gov.scot/id/statistical-geography/S01003013,St Fort & Pickletillem,0,0,0,7.69,10,10,0,0,50,66.67,50,20,"","","","","",""
http://statistics.gov.scot/id/statistical-geography/S01002923,St Monans East & Abercrombie,22.22,14.29,50,33.33,25,14.29,11.11,14.29,0,0,0,0,"","","","","",""
http://statistics.gov.scot/id/statistical-geography/S01002902,St Monans West,10,10,12.5,0,0,10,11.11,8.33,0,0,0,0,"","","","","",""
http://statistics.gov.scot/id/statistical-geography/S01006097,St Ninians (Bannockburn Road),0,0,8.33,7.69,18.18,6.67,8.33,0,33.33,21.43,16.67,0,"","","","","",""
http://statistics.gov.scot/id/statistical-geography/S01006094,St Ninians (Whins Road & Clark Street),0,0,0,20,14.29,20,8.33,9.09,0,0,0,0,"","","","","",""
http://statistics.gov.scot/id/statistical-geography/S01006102,St. Ninian's (Borestone Cres & Coxithill Road),14.29,30,60,75,50,36.36,25,20,33.33,25,16.67,8.33,"","","","","",""
http://statistics.gov.scot/id/statistical-geography/S01002939,Star & Kirkforthar,0,14.29,25,20,0,0,0,0,20,20,16.67,0,"","","","","",""
http://statistics.gov.scot/id/statistical-geography/S01002832,Stenton Central,28.57,27.27,25,14.29,9.09,7.14,8.33,28.57,27.27,23.08,15.38,21.43,"","","","","",""
http://statistics.gov.scot/id/statistical-geography/S01002836,Stenton North,33.33,30,22.22,28.57,28.57,37.5,25,20,20,14.29,25,25,"","","","","",""
http://statistics.gov.scot/id/statistical-geography/S01002828,Stenton South,16.67,11.11,0,9.09,12.5,16.67,8.33,6.67,10,7.69,10,9.09,"","","","","",""
http://statistics.gov.scot/id/statistical-geography/S01002833,Stenton West,25,12.5,11.11,12.5,33.33,0,0,0,9.09,20,26.67,25,"","","","","",""
http://statistics.gov.scot/id/statistical-geography/S01006126,Stirling (Cowane),25,21.43,16.67,20,30,16.67,10,7.14,6.67,15.79,12.5,16.67,"","","","","",""
http://statistics.gov.scot/id/statistical-geography/S01006128,Stirling (Upper Bridge St.),8.33,18.18,25,30,16.67,0,0,0,7.69,15.38,20,14.29,"","","","","",""
http://statistics.gov.scot/id/statistical-geography/S01006124,Stirling Castle & St. Mary's,0,0,0,0,0,0,14.29,16.67,14.29,0,0,11.11,"","","","","",""
http://statistics.gov.scot/id/statistical-geography/S01006120,Stirling City Centre,0,0,0,0,20,22.22,25,15,23.08,10.53,17.39,9.09,"","","","","",""
http://statistics.gov.scot/id/statistical-geography/S01006123,Stirling Top of the Town,21.43,20,14.29,8.33,7.14,15.38,13.33,9.09,7.69,6.67,14.29,10.53,"","","","","",""
http://statistics.gov.scot/id/statistical-geography/S01006069,Strathblane North,0,0,0,0,0,0,0,0,0,0,0,0,"","","","","",""
http://statistics.gov.scot/id/statistical-geography/S01006068,Strathblane Village,0,0,0,0,0,0,0,0,0,0,25,12.5,"","","","","",""
http://statistics.gov.scot/id/statistical-geography/S01006174,Strathfillan & Inversnaid,0,0,0,11.11,50,50,42.86,28.57,12.5,0,0,0,"","","","","",""
http://statistics.gov.scot/id/statistical-geography/S01002993,Strathkinness & Craigton,0,0,0,0,0,0,0,0,0,0,0,0,"","","","","",""
http://statistics.gov.scot/id/statistical-geography/S01002957,Strathmiglo South & Dunshalt,12.5,11.11,14.29,0,0,18.18,20,15.38,0,0,0,0,"","","","","",""
http://statistics.gov.scot/id/statistical-geography/S01002877,Tanshall Central,42.86,40,38.46,35.71,30,26.67,11.76,15,14.29,25,31.25,31.58,"","","","","",""
http://statistics.gov.scot/id/statistical-geography/S01002875,Tanshall East,35.29,30,31.82,29.41,33.33,40,33.33,25,7.69,11.11,16.67,22.22,"","","","","",""
http://statistics.gov.scot/id/statistical-geography/S01002874,Tanshall West,40,33.33,43.75,41.18,23.08,8.33,12.5,11.11,28.57,12.5,33.33,33.33,"","","","","",""
http://statistics.gov.scot/id/statistical-geography/S01003022,Tayport Central,27.27,18.18,25,13.33,13.33,6.25,6.25,12.5,12.5,15.38,6.67,9.09,"","","","","",""
http://statistics.gov.scot/id/statistical-geography/S01003024,Tayport North,14.29,0,0,0,0,0,0,10,20,25,16.67,7.69,"","","","","",""
http://statistics.gov.scot/id/statistical-geography/S01003020,Tayport South,40,50,25,7.14,6.67,14.29,20,9.09,11.11,28.57,57.14,33.33,"","","","","",""
http://statistics.gov.scot/id/statistical-geography/S01003019,Tayport South East,50,40,27.27,26.67,20,22.22,17.65,18.18,12.5,12.5,9.09,14.29,"","","","","",""
http://statistics.gov.scot/id/statistical-geography/S01003023,Tayport West,6.67,8.33,8,5.26,9.09,25,22.22,12.5,0,0,0,0,"","","","","",""
http://statistics.gov.scot/id/statistical-geography/S01002755,Templehall,21.43,15.38,53.85,76.92,80,50,37.5,23.81,26.32,22.73,12.5,8.33,"","","","","",""
http://statistics.gov.scot/id/statistical-geography/S01002776,Templehall East,20,0,0,0,14.29,21.43,22.22,12.5,4.35,4.76,13.64,20,"","","","","",""
http://statistics.gov.scot/id/statistical-geography/S01002780,Templehall North,35.29,36.36,40.91,47.06,50,40,50,59.09,56.52,47.83,36.36,27.78,"","","","","",""
http://statistics.gov.scot/id/statistical-geography/S01002771,Templehall North Eastern,50,33.33,28.57,11.76,15,20,25,17.65,8.7,16.67,23.08,22.22,"","","","","",""
http://statistics.gov.scot/id/statistical-geography/S01002763,Templehall West,21.43,25,21.43,25,30,30.77,33.33,25,25,22.22,30,17.65,"","","","","",""
http://statistics.gov.scot/id/statistical-geography/S01002999,The Scores,0,0,0,0,0,0,0,0,0,0,0,"","","","","","",""
http://statistics.gov.scot/id/statistical-geography/S01006149,Thornhill & Blairdrummond,0,0,0,0,0,0,0,0,0,0,0,0,"","","","","",""
http://statistics.gov.scot/id/statistical-geography/S01002824,Thornton North,16.67,16.67,0,0,0,0,0,14.29,22.22,22.22,7.69,0,"","","","","",""
http://statistics.gov.scot/id/statistical-geography/S01002818,Thornton South,20,20,16.67,0,12.5,14.29,12.5,0,0,0,0,16.67,"","","","","",""
http://statistics.gov.scot/id/statistical-geography/S01004233,"Tomintoul, Glenlivet, Drumin and Chapeltown",16.67,20,0,0,0,0,0,0,50,40,25,12.5,"","","","","",""
http://statistics.gov.scot/id/statistical-geography/S01004235,"Tomnavoulin, Knockandhu, Belleheiglash, Bridge of Avon, Marypark, Cragganmore, Inveravon and Kirkhill",11.11,16.67,25,10,0,0,12.5,11.11,14.29,0,0,0,"","","","","",""
http://statistics.gov.scot/id/statistical-geography/S01002367,Tong to Upper Coll,6.67,8.33,7.14,0,0,14.29,13.33,23.81,17.65,26.67,9.09,5.56,"","","","","",""
http://statistics.gov.scot/id/statistical-geography/S01006109,Torbrex Village & St Ninian's South,0,0,8.33,7.69,9.09,0,0,0,0,0,0,0,"","","","","",""
http://statistics.gov.scot/id/statistical-geography/S01006113,Torbrex West,0,0,0,0,0,0,0,0,0,0,0,11.11,"","","","","",""
http://statistics.gov.scot/id/statistical-geography/S01002666,Torryburn & Newmills,7.14,0,0,0,3.45,5.88,6.06,3.23,2.7,3.33,9.52,6.67,"","","","","",""
http://statistics.gov.scot/id/statistical-geography/S01002672,Touch,29.41,28.57,9.09,37.5,33.33,38.46,23.08,15.38,0,15.38,28.57,31.25,"","","","","",""
http://statistics.gov.scot/id/statistical-geography/S01002703,Townhill & Moncur,7.69,13.33,11.11,11.11,3.57,3.45,3.03,4,6.9,4.17,8.7,10.53,"","","","","",""
http://statistics.gov.scot/id/statistical-geography/S01002704,Townhill Centre,20,16.67,0,0,0,0,0,0,0,0,0,0,"","","","","",""
http://statistics.gov.scot/id/statistical-geography/S01002663,Transy,15.38,18.18,16.67,10,11.11,0,0,0,0,16.67,16.67,20,"","","","","",""
http://statistics.gov.scot/id/statistical-geography/S01002351,Uig and Bernera,0,0,0,0,0,0,0,0,0,0,0,0,"","","","","",""
http://statistics.gov.scot/id/statistical-geography/S01006151,University & Pendreich,0,0,0,0,20,16.67,33.33,0,0,0,0,0,"","","","","",""
http://statistics.gov.scot/id/statistical-geography/S01004240,"Upper Knockando, Knockando, Cardow, Archiestown, Dailuaine and Robertstown",0,0,0,0,0,0,0,0,11.11,12.5,14.29,0,"","","","","",""
http://statistics.gov.scot/id/statistical-geography/S01002339,Vatersay to Castlebay,50,20,0,0,0,0,0,0,16.67,25,15.38,15.38,"","","","","",""
http://statistics.gov.scot/id/statistical-geography/S01002862,Viewfield North & Rimbleton South,27.27,28.57,14.29,0,0,9.09,21.43,22.22,21.05,21.43,38.46,57.14,"","","","","",""
http://statistics.gov.scot/id/statistical-geography/S01002858,Warout,11.11,10,0,0,50,25,40,12.5,25,14.29,20,0,"","","","","",""
http://statistics.gov.scot/id/statistical-geography/S01002699,Wellwood,12.5,12.5,20,0,50,100,50,0,0,0,0,22.22,"","","","","",""
http://statistics.gov.scot/id/statistical-geography/S01002821,Wemyss Landward,34.62,39.13,36,31.82,20,26.09,33.33,38.46,40,28,15.38,7.69,"","","","","",""
http://statistics.gov.scot/id/statistical-geography/S01004286,West Kinloss,15.38,16.67,0,0,0,0,9.09,7.69,12.5,5.88,11.76,7.14,"","","","","",""
http://statistics.gov.scot/id/statistical-geography/S01002347,West North Uist to Baleshare,0,0,0,16.67,33.33,33.33,0,33.33,33.33,44.44,30,22.22,"","","","","",""
http://statistics.gov.scot/id/statistical-geography/S01002912,Whinnyknowe,0,0,0,0,0,4.76,8.7,8.33,5.56,0,14.29,12.5,"","","","","",""
http://statistics.gov.scot/id/statistical-geography/S01002871,Windygates East,0,0,0,0,33.33,25,16.67,0,0,20,12.5,14.29,"","","","","",""
http://statistics.gov.scot/id/statistical-geography/S01002857,Windygates West,0,0,0,0,0,0,0,0,0,0,0,0,"","","","","",""
http://statistics.gov.scot/id/statistical-geography/S01002667,Woodmill North,13.33,18.18,22.22,25,13.33,16.67,11.11,14.29,8.33,27.27,41.67,50,"","","","","",""
http://statistics.gov.scot/id/statistical-geography/S01002653,Woodmill South,29.41,29.41,25,23.08,16.67,9.09,8.33,0,5.56,9.52,9.09,15,"","","","","",""
http://statistics.gov.scot/id/statistical-geography/S01002660,Woodmill West,50,25,26.67,20,25,40,50,35.29,20,11.76,16.67,20,"","","","","",""
http://statistics.gov.scot/id/statistical-geography/S01002883,Woodside North,42.86,25,27.27,16.67,33.33,26.67,27.78,25,26.67,37.5,37.5,31.25,"","","","","",""
http://statistics.gov.scot/id/statistical-geography/S01002865,Woodside South,20,12.5,8.33,0,14.29,30,33.33,28.57,20,21.43,23.08,14.29,"","","","","",""
http://statistics.gov.scot/id/statistical-geography/S01002872,Woodside West,25,0,0,0,0,16.67,33.33,60,25,12.5,11.11,11.11,"","","","","",""
http://statistics.gov.scot/id/statistical-geography/S01003015,Wormit East,0,0,0,0,12.5,16.67,16.67,20,20,33.33,30,30,"","","","","",""
http://statistics.gov.scot/id/statistical-geography/S01003014,Wormit West,12.5,12.5,0,0,0,0,0,0,0,0,12.5,9.09,"","","","","",""
